 100 100 100 121
    1 2426   84   31 50.0 73.0 1
    1  749  148   19 34.0 79.0 1
    1 1756  128   73 38.0 54.0 1
    1  352  104    2 44.0 89.0 1
    1 1946   60    0 59.0 90.0 1
    1 2579   97   93 46.0 47.0 1
    1 2239   97    0 46.0 90.0 1
    1 1650  133   70 37.0 55.0 1
    1 2365   67    0 56.0 90.0 1
    1 1627   18    0 80.0 90.0 1
    1 2527   78    9 52.0 85.0 1
    1 3507   16    0 81.0 90.0 1
    1 2603  138   32 36.0 72.0 1
    1  980  160   40 32.0 68.0 1
    1 1097  148   93 34.0 47.0 1
    1 1403  107   58 43.0 60.0 1
    1 2405   36    0 70.0 90.0 1
    1 2290   90    0 48.0 90.0 1
    1  854   97   60 46.0 59.0 1
    1 2740  160   18 32.0 80.0 1
    1 1025   73    0 54.0 90.0 1
    1  671  138    0 36.0 90.0 1
    1 1763   90   29 48.0 74.0 1
    1  562   97   93 46.0 47.0 1
    1 2350   65    0 57.0 90.0 0
    1 2068   97    0 46.0 90.0 1
    1 1874    3    0 88.0 90.0 1
    1 2472   18    0 80.0 90.0 1
    1  944   36   25 70.0 76.0 1
    1  689  143    0 35.0 90.0 1
    1 2353   93   93 47.0 47.0 1
    1 1439   42   42 67.0 67.0 1
    1 2096  107   14 43.0 82.0 1
    1 3121   90   16 48.0 81.0 1
    1  320  104   45 44.0 66.0 1
    1 3542  166    0 31.0 90.0 1
    1 3459  173   55 30.0 61.0 1
    1  621  173   51 30.0 63.0 1
    1  636  107   49 43.0 64.0 1
    1  405  115   38 41.0 69.0 1
    1 2725  166   18 31.0 80.0 1
    1  874  173    0 30.0 90.0 1
    1 2609   75   70 53.0 55.0 1
    1 3583  104    5 44.0 87.0 1
    1 2235   67    0 56.0 90.0 0
    1 1565   84   23 50.0 77.0 1
    1 1113   78    0 52.0 90.0 1
    1 1909  133   21 37.0 78.0 1
    1 3175  138    0 36.0 90.0 1
    1 2462  154    0 33.0 90.0 1
    1 2619   65   47 57.0 65.0 1
    1 2187   32    0 72.0 90.0 1
    1 2403  100    0 45.0 90.0 0
    1 1284   90   75 48.0 53.0 1
    1 2690   14    3 82.0 88.0 0
    1 3470   73    0 54.0 90.0 1
    1 1467   34    0 71.0 90.0 1
    1 3212  111   84 42.0 50.0 1
    1  462   93   16 47.0 81.0 1
    1 1079  119   34 40.0 71.0 0
    1 1767   23    0 77.0 90.0 1
    1 3112  173  148 30.0 34.0 1
    1 1929   90   45 48.0 66.0 1
    1 1755   62   31 58.0 73.0 0
    1 3219  160    0 32.0 90.0 1
    1 2673   31   29 73.0 74.0 1
    1  337   47    3 65.0 88.0 1
    1 2346   55    5 61.0 87.0 1
    1 1442   34   29 71.0 74.0 1
    1 1603   84   42 50.0 67.0 1
    1 2636   67   40 56.0 68.0 1
    1 1087   34   11 71.0 84.0 1
    1 3423   67    0 56.0 90.0 1
    1 3302   75    9 53.0 85.0 1
    1 1968  138   32 36.0 72.0 1
    1  724   97    0 46.0 90.0 1
    1  972   65    0 57.0 90.0 1
    1 1492   53    0 62.0 90.0 1
    1 1956   78   12 52.0 83.0 1
    1 1716  133   47 37.0 65.0 1
    1 3475  100    9 45.0 85.0 1
    1 1515  123   62 39.0 58.0 1
    1 3365   62    0 58.0 90.0 1
    1 2985   87   25 49.0 76.0 1
    1 2151  111   34 42.0 71.0 1
    1 2830   40   11 68.0 84.0 0
    1  421   62    9 58.0 85.0 1
    1 3457  111   36 42.0 70.0 1
    1 1259  115   32 41.0 72.0 1
    1 1669  119   36 40.0 70.0 1
    1 1764   97   14 46.0 82.0 1
    1  795    9    0 85.0 90.0 1
    1 3249   31    0 73.0 90.0 1
    1 2127  100   19 45.0 79.0 1
    1  809   75   23 53.0 77.0 1
    1 2752   78    3 52.0 88.0 1
    1 1737   12    0 83.0 90.0 1
    1  597   58   31 60.0 73.0 1
    1 1091  173   40 30.0 68.0 1
    1 1326  138   81 36.0 51.0 1
