 100 100 100 121
    1 2040   34    0 71.0 90.0 0
    1 2968   75   18 53.0 80.0 1
    1 3479   42    0 67.0 90.0 1
    1  660  148  115 34.0 41.0 1
    1 1595  133   38 37.0 69.0 1
    1 1643  160   23 32.0 77.0 1
    1 2122  160   62 32.0 58.0 1
    1 2684  104   47 44.0 65.0 1
    1  729  154   38 33.0 69.0 1
    1 1315   75   27 53.0 75.0 1
    1  497  143   90 35.0 48.0 1
    1 3273  148   27 34.0 75.0 1
    1 2729  148    0 34.0 90.0 1
    1 1643  143  104 35.0 44.0 1
    1 2379   81   42 51.0 67.0 1
    1 2787   53   49 62.0 64.0 1
    1  350   25    9 76.0 85.0 1
    1 2118  107   21 43.0 78.0 1
    1 3334   14    0 82.0 90.0 1
    1 2607  166   75 31.0 53.0 1
    1 2380  128   78 38.0 52.0 1
    1 1740  104    0 44.0 90.0 1
    1 1755    5    0 87.0 90.0 1
    1 2855  166   21 31.0 78.0 1
    1  966   32    0 72.0 90.0 1
    1 3547   49    5 64.0 87.0 1
    1 3129   73   12 54.0 83.0 1
    1 1207   90   42 48.0 67.0 0
    1 2786   25    0 76.0 90.0 1
    1  898   78   18 52.0 80.0 1
    1 2366   90    0 48.0 90.0 1
    1 3382  100    9 45.0 85.0 1
    1 1290   18    0 80.0 90.0 1
    1 2054   67    0 56.0 90.0 1
    1 1036  166   84 31.0 50.0 1
    1  459   45    0 66.0 90.0 0
    1 1997   87   34 49.0 71.0 1
    1 3234   87    0 49.0 90.0 1
    1 1818  154   40 33.0 68.0 0
    1 1099   49   32 64.0 72.0 1
    1 1650   62   16 58.0 81.0 1
    1 2205  148   81 34.0 51.0 1
    1  506  166   84 31.0 50.0 1
    1  830  173   12 30.0 83.0 1
    1 1966   16    0 81.0 90.0 1
    1  713   23    0 77.0 90.0 1
    1 2226   55    0 61.0 90.0 1
    1 1280  154   47 33.0 65.0 1
    1 2136  160    9 32.0 85.0 1
    1  458    2    0 89.0 90.0 1
    1 1150  111   49 42.0 64.0 0
    1 2228  100   93 45.0 47.0 1
    1 1287  160  100 32.0 45.0 1
    1 1981   45   23 66.0 77.0 0
    1 1682   34    0 71.0 90.0 0
    1 2426   58   27 60.0 75.0 1
    1 3571   49   47 64.0 65.0 0
    1 1740    7    3 86.0 88.0 1
    1 2923  154   73 33.0 54.0 1
    1 3245  128   90 38.0 48.0 1
    1 1103   36    5 70.0 87.0 1
    1 1007    9    5 85.0 87.0 1
    1 2096   18    0 80.0 90.0 1
    1 2499    2    0 89.0 90.0 1
    1 1357   62   25 58.0 76.0 1
    1 2224   67   34 56.0 71.0 1
    1 2410  154    0 33.0 90.0 0
    1 1130  148   14 34.0 82.0 1
    1  318   67   55 56.0 61.0 1
    1 3095   16    7 81.0 86.0 1
    1 2483   25    0 76.0 90.0 1
    1 2930   25    0 76.0 90.0 1
    1  429   73   34 54.0 71.0 1
    1 3342  143   45 35.0 66.0 0
    1 2874   16    0 81.0 90.0 1
    2 1848  173    0 30.0 90.0 1
    1 3302  111   55 42.0 61.0 1
    1  669  104   78 44.0 52.0 1
    1 3354  160   11 32.0 84.0 1
    1 3553   73    0 54.0 90.0 1
    1 1784  173   21 30.0 78.0 1
    1 3224  173   49 30.0 64.0 1
    1  796   90   51 48.0 63.0 1
    1  750   90   27 48.0 75.0 1
    1  376   51   38 63.0 69.0 1
    0  930  115   97 41.0 46.0 1
    1 1360   73   16 54.0 81.0 1
    1 3357   93    3 47.0 88.0 1
    1 2583   14    9 82.0 85.0 1
    1 3559  128   73 38.0 54.0 0
    1 1798  143  138 35.0 36.0 1
    1 2464  100    0 45.0 90.0 0
    1 3090  133   62 37.0 58.0 1
    1 2228  100   55 45.0 61.0 1
    1 2677  166  154 31.0 33.0 1
    1 2866   75    0 53.0 90.0 1
    1 3504  133  128 37.0 38.0 1
    1 1823   38    0 69.0 90.0 1
    1 3507   70    0 55.0 90.0 1
    1 2724   62    3 58.0 88.0 1
