 100 100 100 121
    1  481   78   45 52.0 66.0 1
    1 2157  173   75 30.0 53.0 1
    1  697  173    0 30.0 90.0 1
    1  800  160   19 32.0 79.0 0
    1 2071   32    0 72.0 90.0 1
    1 1980   84   81 50.0 51.0 1
    1 2830  138    0 36.0 90.0 1
    1 3522   97   32 46.0 72.0 1
    1 3424  104   78 44.0 52.0 1
    1 1977  133   97 37.0 46.0 1
    1 1521   75   65 53.0 57.0 1
    1 3268  107   27 43.0 75.0 1
    1 3438   75   55 53.0 61.0 1
    1 1544   87   55 49.0 61.0 1
    1 3220   53    0 62.0 90.0 1
    1 3367  123   73 39.0 54.0 1
    1  480  115   38 41.0 69.0 1
    1 3563  143   73 35.0 54.0 0
    1 1775   32    0 72.0 90.0 1
    1 3113   38    0 69.0 90.0 1
    1 2704   60    0 59.0 90.0 1
    1  877   21    0 78.0 90.0 1
    1 3006   90   55 48.0 61.0 1
    1 1845   40    7 68.0 86.0 1
    1 1258   90   55 48.0 61.0 1
    1  859   18    3 80.0 88.0 0
    1 3383   97    5 46.0 87.0 1
    1 2232   84    0 50.0 90.0 1
    1 1473   90    0 48.0 90.0 1
    1 3520   70    5 55.0 87.0 1
    1  825   78   36 52.0 70.0 1
    1 2008  133    0 37.0 90.0 1
    1  962  166   40 31.0 68.0 1
    1 1166   78    0 52.0 90.0 1
    1 3256   73   25 54.0 76.0 1
    2 3125   62   53 58.0 62.0 1
    1  750   75   62 53.0 58.0 1
    1 2867   73   12 54.0 83.0 1
    0  912  154  107 33.0 43.0 1
    1  337  133    2 37.0 89.0 1
    1 1352   60   19 59.0 79.0 1
    1 1846  133   36 37.0 70.0 0
    1 2166   78    0 52.0 90.0 0
    0 2823   75   12 53.0 83.0 1
    1 2079  173   31 30.0 73.0 1
    2  375   97    0 46.0 90.0 1
    1  944   60   47 59.0 65.0 1
    1 1877    7    0 86.0 90.0 0
    1 2713  173    2 30.0 89.0 1
    1 1490   49   32 64.0 72.0 0
    1 1837   81   21 51.0 78.0 1
    1 1600  104   40 44.0 68.0 0
    1 2591  123   18 39.0 80.0 1
    1 1228   84   51 50.0 63.0 1
    1  953   65    0 57.0 90.0 1
    1 2802   36   18 70.0 80.0 1
    1 2885   40    0 68.0 90.0 0
    1 2817   81   18 51.0 80.0 1
    0 3441   25    0 76.0 90.0 1
    1 2142  128    9 38.0 85.0 1
    1 2066   55    0 61.0 90.0 1
    1  923  143   70 35.0 55.0 1
    1 1654   93   73 47.0 54.0 0
    1 3000   27   19 75.0 79.0 1
    1  544  143  123 35.0 39.0 1
    1 1885  143   14 35.0 82.0 1
    1 1594  104    0 44.0 90.0 1
    1 2659   55   38 61.0 69.0 0
    1 2367   81    7 51.0 86.0 1
    1 2013  138    7 36.0 86.0 1
    1 2717  100    7 45.0 86.0 1
    1 3292  128   60 38.0 59.0 1
    1 1695  166   81 31.0 51.0 1
    1 1204   45   12 66.0 83.0 1
    1  901   60    0 59.0 90.0 1
    1 2983   49    0 64.0 90.0 1
    1 1006   62    3 58.0 88.0 1
    1 1958   34   29 71.0 74.0 1
    1 1811  104   25 44.0 76.0 1
    1 2810  173   36 30.0 70.0 1
    1  482    7    0 86.0 90.0 1
    1  655   58    9 60.0 85.0 1
    1 1671  133    0 37.0 90.0 1
    1 1793  154   73 33.0 54.0 1
    2 2349   97    0 46.0 90.0 1
    1 2773   34    0 71.0 90.0 1
    1  816   25    0 76.0 90.0 1
    1 2128  119   29 40.0 74.0 1
    1  718   90   58 48.0 60.0 1
    1 1220   70   25 55.0 76.0 1
    1 1442   40   23 68.0 77.0 1
    1 1816   81   62 51.0 58.0 1
    1 1539   81   29 51.0 74.0 1
    1 1204   34    5 71.0 87.0 1
    1 2606   29   25 74.0 76.0 1
    1 2682   87    3 49.0 88.0 0
    1  745   38    0 69.0 90.0 1
    1 2427  166    2 31.0 89.0 1
    1 1725   97    0 46.0 90.0 1
    1 2033   47   29 65.0 74.0 1
