 100 100 100 121
    1 3443   42    0 67.0 90.0 1
    1 3191   67   58 56.0 60.0 1
    1 3513   23    0 77.0 90.0 1
    1  636  133  104 37.0 44.0 1
    1 2135  173   36 30.0 70.0 1
    2 2054  173   78 30.0 52.0 1
    1 1129   70   14 55.0 82.0 0
    1 2672  115    0 41.0 90.0 1
    1 2725  119   60 40.0 59.0 1
    1 2123  148   84 34.0 50.0 1
    1 1742   65    0 57.0 90.0 1
    1 1293   81   11 51.0 84.0 1
    1 2238  100    0 45.0 90.0 1
    1 1732  128   73 38.0 54.0 1
    1 1046   67   55 56.0 61.0 1
    1  498  100    0 45.0 90.0 1
    1  368   78    0 52.0 90.0 1
    1  625   62    9 58.0 85.0 1
    1 1462    9    9 85.0 85.0 1
    1 2049   31    0 73.0 90.0 1
    1 1351   58   40 60.0 68.0 1
    1 1855  138   11 36.0 84.0 1
    1 2390   67   51 56.0 63.0 1
    1 1615  123    7 39.0 86.0 0
    1 2604   45   12 66.0 83.0 1
    1 1357  111   58 42.0 60.0 1
    1 2467   93   55 47.0 61.0 1
    1  674  166   51 31.0 63.0 1
    1 1116  133   29 37.0 74.0 1
    1 1315  160  123 32.0 39.0 1
    1 1008  173  107 30.0 43.0 1
    1 1927  107   45 43.0 66.0 1
    1 1664   84    9 50.0 85.0 1
    1 2913   31   31 73.0 73.0 1
    1  367  107    0 43.0 90.0 1
    1 2666  133  104 37.0 44.0 1
    1 2857   97   47 46.0 65.0 1
    1 1254   93   65 47.0 57.0 1
    1 1975  133   90 37.0 48.0 1
    1 3255   38   23 69.0 77.0 1
    1 1858   25    0 76.0 90.0 1
    1  614   78   42 52.0 67.0 1
    1  751   87   51 49.0 63.0 1
    1 1425   32    0 72.0 90.0 1
    1  529    3    0 88.0 90.0 1
    1 1579  100   75 45.0 53.0 1
    1 3059   87   55 49.0 61.0 1
    1 2618  115   23 41.0 77.0 1
    1 2436  119   87 40.0 49.0 1
    1 1892  160  138 32.0 36.0 1
    1 3042    5    5 87.0 87.0 1
    1 2629   62    0 58.0 90.0 1
    1 2254   49    0 64.0 90.0 0
    1 3279   23   14 77.0 82.0 1
    1 1887  138   65 36.0 57.0 1
    1 2140  100    0 45.0 90.0 1
    1 2699   67   47 56.0 65.0 1
    1 2084  115    0 41.0 90.0 1
    1 3286   93    0 47.0 90.0 1
    0 1307  100    0 45.0 90.0 1
    1  767   36   34 70.0 71.0 1
    1 1995  128   36 38.0 70.0 1
    1 2802   49   31 64.0 73.0 1
    1 1635  115    0 41.0 90.0 1
    1 3329  173   42 30.0 67.0 1
    1  971  166    7 31.0 86.0 1
    1 1396  160    0 32.0 90.0 1
    1 2075  148    0 34.0 90.0 1
    1  840  166    0 31.0 90.0 1
    1 1686   51   16 63.0 81.0 1
    1 2484  173   27 30.0 75.0 1
    0 2596   27   18 75.0 80.0 1
    1 1130   55    0 61.0 90.0 1
    1 2663  107    0 43.0 90.0 0
    1 2026  100    0 45.0 90.0 1
    0 1546  154    0 33.0 90.0 1
    1  900  119   84 40.0 50.0 0
    1 1848   58    0 60.0 90.0 1
    1 2352  128   25 38.0 76.0 1
    1  968  166   90 31.0 48.0 1
    1 2758  107    0 43.0 90.0 1
    1 1930   32    0 72.0 90.0 1
    1 2917  100   27 45.0 75.0 1
    1  389  111    0 42.0 90.0 1
    1 2724   87   78 49.0 52.0 1
    1 2529   53    7 62.0 86.0 1
    1 2388  148   29 34.0 74.0 1
    1  910   84   42 50.0 67.0 1
    2 2730   75    0 53.0 90.0 1
    1 2097   60   55 59.0 61.0 1
    1 1371   73    0 54.0 90.0 1
    1 1695   97   11 46.0 84.0 1
    1 3268   47   19 65.0 79.0 1
    1 2078   11    0 84.0 90.0 1
    1 2492  107   93 43.0 47.0 1
    2 2074  173    0 30.0 90.0 1
    1 2119  100   87 45.0 49.0 1
    1 3154  104   21 44.0 78.0 1
    1 1256   38    0 69.0 90.0 1
    1 2645   87    0 49.0 90.0 1
