 100 100 100 121
    1 2566   78   31 52.0 73.0 1
    1  477   40    3 68.0 88.0 0
    1  835   70   70 55.0 55.0 1
    1 2061   84   81 50.0 51.0 1
    1 3330  119   97 40.0 46.0 0
    1 2040   45    0 66.0 90.0 1
    1 3403    2    0 89.0 90.0 1
    1  701   47    0 65.0 90.0 1
    1  976  166   55 31.0 61.0 1
    1 2136  123   27 39.0 75.0 1
    1 1957   27   23 75.0 77.0 1
    1 1222   62   27 58.0 75.0 1
    1 2126   49   40 64.0 68.0 1
    1  768  166  133 31.0 37.0 1
    1  348   18    0 80.0 90.0 0
    1 1017  128   78 38.0 52.0 1
    1 2278   51    0 63.0 90.0 1
    1 2168  123    3 39.0 88.0 1
    1 1314   90   32 48.0 72.0 1
    1 3404  138    0 36.0 90.0 1
    1 1134   58    0 60.0 90.0 1
    1 3290  100   40 45.0 68.0 1
    1 1068  119   34 40.0 71.0 1
    1 1911   73    0 54.0 90.0 1
    1 2557   29    5 74.0 87.0 1
    1 1424   29    0 74.0 90.0 1
    1  810   81   11 51.0 84.0 1
    1 2214  100   32 45.0 72.0 1
    1 1255   97   38 46.0 69.0 1
    1 1092   65    2 57.0 89.0 0
    1 3232   97   90 46.0 48.0 0
    1 1280  104   16 44.0 81.0 1
    1 2799  133   87 37.0 49.0 1
    1 1861  111   84 42.0 50.0 1
    1 2446   25    0 76.0 90.0 0
    1 3594  160   90 32.0 48.0 1
    1 3362   65    0 57.0 90.0 1
    1 2160   62   14 58.0 82.0 1
    1 3245   87    0 49.0 90.0 1
    1 2655   60   12 59.0 83.0 1
    1 1303   25    0 76.0 90.0 1
    1 3273    7    0 86.0 90.0 1
    1 3153  173   27 30.0 75.0 0
    1 2008  166    7 31.0 86.0 1
    1 1508   75    7 53.0 86.0 1
    1  408  173    0 30.0 90.0 1
    1 1087  104    0 44.0 90.0 1
    1  956   42   23 67.0 77.0 1
    1 2479  173   62 30.0 58.0 1
    1 2429   21    0 78.0 90.0 1
    1 1035   90   25 48.0 76.0 1
    1 1657    9    0 85.0 90.0 0
    1 3115   90    0 48.0 90.0 1
    1  864  119   18 40.0 80.0 1
    1 2350   84    7 50.0 86.0 1
    1 2210  154    0 33.0 90.0 0
    1 1589  160  154 32.0 33.0 1
    1  386   81   27 51.0 75.0 1
    1 3319   67   25 56.0 76.0 1
    1 1202   84   78 50.0 52.0 1
    1 2671   93    0 47.0 90.0 1
    1 1195   60   47 59.0 65.0 1
    1 1632   51    0 63.0 90.0 1
    1 1927   47   14 65.0 82.0 1
    1  305   32    0 72.0 90.0 1
    1 2558  154   78 33.0 52.0 1
    1 1910   93   11 47.0 84.0 1
    1  715   36    0 70.0 90.0 1
    1 2997   90    0 48.0 90.0 1
    1 1196    7    0 86.0 90.0 1
    1 3338   23    2 77.0 89.0 1
    1  443   81    7 51.0 86.0 1
    1 2439   42    0 67.0 90.0 0
    1 1958   55   27 61.0 75.0 1
    1 2159  128   34 38.0 71.0 1
    1 2824   75   75 53.0 53.0 1
    1 3410  154  143 33.0 35.0 1
    1 2520  173  166 30.0 31.0 1
    1 2682  160  148 32.0 34.0 1
    1 1975   75    0 53.0 90.0 1
    1 2719  173  166 30.0 31.0 1
    1 2874   97    0 46.0 90.0 1
    1 1274   36    0 70.0 90.0 1
    1 1907   18    0 80.0 90.0 1
    1  759  115   75 41.0 53.0 1
    1 1818   36   12 70.0 83.0 1
    1  488  104   73 44.0 54.0 1
    1  970   73   65 54.0 57.0 1
    1 2942   32    0 72.0 90.0 1
    1 3150   38   19 69.0 79.0 1
    1 3048   42    0 67.0 90.0 1
    1 2016  173   32 30.0 72.0 1
    1 1640  123   14 39.0 82.0 0
    1 1600   11    0 84.0 90.0 0
    1  503   97    9 46.0 85.0 1
    1  300   90    0 48.0 90.0 1
    1 1436   70    0 55.0 90.0 1
    1 2173  138   49 36.0 64.0 1
    1 2219   65   53 57.0 62.0 1
    1 2948  160   70 32.0 55.0 1
