 100 100 100 121
    1 2463    9    3 85.0 88.0 1
    1 1636  143    0 35.0 90.0 0
    1  894   90   49 48.0 64.0 1
    1  534  133   27 37.0 75.0 1
    1  975  160    0 32.0 90.0 1
    1  797   45   25 66.0 76.0 1
    1 1414  160    0 32.0 90.0 1
    1 1968   90    9 48.0 85.0 1
    1 2161  166   49 31.0 64.0 1
    1 3032   67   25 56.0 76.0 1
    1  943  133   93 37.0 47.0 1
    1 2027   81   25 51.0 76.0 0
    1  451   58   23 60.0 77.0 1
    1 2802  115   14 41.0 82.0 1
    1 1561   32   11 72.0 84.0 1
    1 3489  111    0 42.0 90.0 1
    1 3104   11    0 84.0 90.0 0
    1 3144   73   11 54.0 84.0 1
    1 3510   42    0 67.0 90.0 1
    1 2766  166   70 31.0 55.0 1
    1 2021  160  143 32.0 35.0 1
    1  767   93   49 47.0 64.0 1
    1  767   32    0 72.0 90.0 1
    1 1119  133    0 37.0 90.0 1
    1 1789  148   42 34.0 67.0 1
    1 1642   47    7 65.0 86.0 1
    1  964   97    0 46.0 90.0 0
    1 2303   40   27 68.0 75.0 1
    1 1183   70   12 55.0 83.0 1
    1 1244  104   97 44.0 46.0 1
    1 1713   11    0 84.0 90.0 1
    1  324   31   16 73.0 81.0 1
    1 2986   75   23 53.0 77.0 1
    1 2490   81   16 51.0 81.0 1
    1  612   11    0 84.0 90.0 1
    1 1099   34    0 71.0 90.0 1
    1 2790  160   23 32.0 77.0 1
    1 2988  143   51 35.0 63.0 1
    1 2114   31   16 73.0 81.0 1
    1 1918  128    9 38.0 85.0 1
    1 3165   27    7 75.0 86.0 1
    1  454   29    0 74.0 90.0 1
    1 2890  104    0 44.0 90.0 1
    1 1899   84   55 50.0 61.0 1
    1 2334   81   29 51.0 74.0 1
    1 3110   16    0 81.0 90.0 1
    1  444   73   51 54.0 63.0 1
    1 1795   67    0 56.0 90.0 1
    1 1594  107    0 43.0 90.0 1
    1 1167   58    0 60.0 90.0 1
    1 1458   49   19 64.0 79.0 1
    1 2937   29   16 74.0 81.0 1
    1 1744   58    0 60.0 90.0 0
    1 1254  154    0 33.0 90.0 1
    1  775   73    3 54.0 88.0 1
    1 1701  128   55 38.0 61.0 0
    1 1271  148   87 34.0 49.0 1
    1 2142  128   84 38.0 50.0 0
    1 2870  107   23 43.0 77.0 1
    1 1502   81    0 51.0 90.0 1
    1 2919   78    0 52.0 90.0 1
    1 3190   21   16 78.0 81.0 1
    1 2699   55    3 61.0 88.0 1
    1 2916   73    3 54.0 88.0 1
    1 1085   90   23 48.0 77.0 1
    1 3311   93   12 47.0 83.0 1
    1 1775   70   42 55.0 67.0 1
    1  800  133    0 37.0 90.0 1
    1 1797    3    3 88.0 88.0 1
    1 2756  115   90 41.0 48.0 0
    1 1147   51    0 63.0 90.0 1
    1 3578   67   25 56.0 76.0 1
    1 1643  111   81 42.0 51.0 1
    1  406  100   58 45.0 60.0 1
    1 1844   65    0 57.0 90.0 1
    1 3449   31    0 73.0 90.0 0
    1  852   87   67 49.0 56.0 1
    1 1168  148    0 34.0 90.0 1
    1 1654  115   53 41.0 62.0 1
    1 1323   49   49 64.0 64.0 1
    1 2103   42    0 67.0 90.0 1
    1 1259  154  104 33.0 44.0 1
    1 3234  100    0 45.0 90.0 1
    1 1424   31    0 73.0 90.0 1
    1 1912  166   70 31.0 55.0 1
    1 2949   70    2 55.0 89.0 1
    1 3463  111    0 42.0 90.0 1
    1 2119   51    0 63.0 90.0 1
    1 1597  107   16 43.0 81.0 1
    1 2520  123   18 39.0 80.0 1
    1 2435   78   40 52.0 68.0 1
    1  895   73    0 54.0 90.0 1
    1 1133   81    0 51.0 90.0 1
    1 3592  133    0 37.0 90.0 1
    1 1072  133    9 37.0 85.0 1
    1 1311   62   49 58.0 64.0 1
    1 1802  133   45 37.0 66.0 1
    1 1132  173    0 30.0 90.0 1
    1 3292  115   67 41.0 56.0 1
    1 3305   93   73 47.0 54.0 1
