 100 100 100 121
    1 1129   84   40 50.0 68.0 1
    1 2404  148   42 34.0 67.0 1
    1 1883   31    0 73.0 90.0 1
    1 2892  104   14 44.0 82.0 1
    1 2894   29    0 74.0 90.0 1
    1 2806   51    0 63.0 90.0 0
    1  473   21    0 78.0 90.0 1
    1 1817   70   25 55.0 76.0 1
    1  518  154   25 33.0 76.0 1
    1 2229  173    0 30.0 90.0 1
    1 2885   70    0 55.0 90.0 1
    1 1610   16    0 81.0 90.0 0
    1 1017  143   78 35.0 52.0 1
    1 2562  148   19 34.0 79.0 1
    1 3415  173    5 30.0 87.0 1
    1 3329   65   38 57.0 69.0 1
    1 1415   97   65 46.0 57.0 1
    1 1797   19    0 79.0 90.0 1
    1 2333    9    0 85.0 90.0 1
    1 3017    5    0 87.0 90.0 1
    1 2754  160   70 32.0 55.0 0
    1 2380   62   31 58.0 73.0 1
    1 2199  173   84 30.0 50.0 1
    1 1402   78   60 52.0 59.0 1
    1 2008   93   40 47.0 68.0 1
    1 1346   60    0 59.0 90.0 1
    1 3045   47    3 65.0 88.0 1
    1 2230   47    0 65.0 90.0 1
    1 2462   55    0 61.0 90.0 0
    1  709  119    0 40.0 90.0 1
    1 2390  154   84 33.0 50.0 1
    1 1165   45    0 66.0 90.0 1
    1  712   78    0 52.0 90.0 1
    1 3147  111   18 42.0 80.0 1
    1 1894   27    0 75.0 90.0 1
    1 2349    9    0 85.0 90.0 1
    1 1000   40   38 68.0 69.0 1
    1 1796  115    0 41.0 90.0 1
    1 3340  143    0 35.0 90.0 0
    1  496   12    0 83.0 90.0 1
    1 1488  133    3 37.0 88.0 1
    1 1015   62   38 58.0 69.0 1
    1  746   81   31 51.0 73.0 1
    1 2306  148   14 34.0 82.0 1
    1 3451  138    0 36.0 90.0 1
    1  454   36   21 70.0 78.0 1
    1  329  123    2 39.0 89.0 1
    1 3066   18    0 80.0 90.0 1
    1  881   55   29 61.0 74.0 1
    1 2572   51   47 63.0 65.0 1
    1 2968   29   11 74.0 84.0 1
    1 1434   12    0 83.0 90.0 1
    1 2662   45    0 66.0 90.0 1
    1 3478  115   11 41.0 84.0 1
    1 3486   21    9 78.0 85.0 1
    1 2845   70    0 55.0 90.0 1
    1  606   29   23 74.0 77.0 1
    1 3105   87    0 49.0 90.0 1
    1 1784   23    5 77.0 87.0 0
    1 2268   78   16 52.0 81.0 1
    1 2739    7    0 86.0 90.0 1
    1 1509   29    0 74.0 90.0 1
    1 1780  148   32 34.0 72.0 1
    1 2158   65    0 57.0 90.0 1
    1  557  115   11 41.0 84.0 0
    1 1778  148    0 34.0 90.0 1
    1  941   27    0 75.0 90.0 1
    1 2345  107   14 43.0 82.0 1
    1 1233  138  107 36.0 43.0 1
    1 2397   55   51 61.0 63.0 1
    1 1914   73   19 54.0 79.0 0
    1 2102  160   67 32.0 56.0 1
    1 1249   84   19 50.0 79.0 0
    1 2719  128    0 38.0 90.0 1
    1 1106  111   19 42.0 79.0 1
    1  534  138  115 36.0 41.0 1
    1  869   49   45 64.0 66.0 1
    1 3495  138    3 36.0 88.0 1
    1 2963  119    0 40.0 90.0 1
    1 3139  160   75 32.0 53.0 0
    1 1836   97    0 46.0 90.0 1
    1  342   93   53 47.0 62.0 1
    1 2670  115   25 41.0 76.0 1
    1 2251  128  119 38.0 40.0 1
    1  670   49    0 64.0 90.0 1
    1 3015   53   19 62.0 79.0 1
    1  738   62    0 58.0 90.0 1
    1 3443   16   12 81.0 83.0 0
    1 3082   45   25 66.0 76.0 1
    1 3309  173    0 30.0 90.0 1
    1 3119   42    0 67.0 90.0 1
    1 2063  166  107 31.0 43.0 0
    1 1971   90   73 48.0 54.0 1
    1 3566   38   19 69.0 79.0 1
    1  591  143    0 35.0 90.0 1
    1 1964  138   90 36.0 48.0 1
    1 3450   51   11 63.0 84.0 1
    1 1325  111    0 42.0 90.0 1
    1 2829  123    0 39.0 90.0 1
    1  391   16    0 81.0 90.0 1
