 100 100 100 121
    1 3098   36   27 70.0 75.0 1
    1 1128   38   18 69.0 80.0 1
    1  493   16    0 81.0 90.0 1
    1 1582  107    0 43.0 90.0 1
    1 2578  133    0 37.0 90.0 1
    1 2916  154   49 33.0 64.0 1
    1  500   51    0 63.0 90.0 0
    1 2185  115   55 41.0 61.0 1
    1 1602   31   29 73.0 74.0 1
    1  478  133    0 37.0 90.0 1
    1 1548   18    0 80.0 90.0 1
    1 2151   18    0 80.0 90.0 0
    1  852   40   14 68.0 82.0 1
    1 3526   78   36 52.0 70.0 1
    1 2733   47    0 65.0 90.0 0
    1  505  123    0 39.0 90.0 1
    1  471  133   27 37.0 75.0 1
    1 2544  173  107 30.0 43.0 1
    1 2506   49    0 64.0 90.0 1
    1 2882   58   42 60.0 67.0 1
    1 1282  128   23 38.0 77.0 1
    1  614    9    0 85.0 90.0 1
    1  834  104   60 44.0 59.0 1
    1 1395   32    9 72.0 85.0 0
    1  453  111   11 42.0 84.0 1
    1 3577   81   27 51.0 75.0 0
    1 3013   53   42 62.0 67.0 0
    1 1200  148   47 34.0 65.0 1
    1 2976  143    0 35.0 90.0 1
    1 2908  119   21 40.0 78.0 1
    1 2220  154   14 33.0 82.0 1
    1 3119   67    0 56.0 90.0 1
    1 2483   53   40 62.0 68.0 1
    1 3403   67    2 56.0 89.0 1
    1  535   65   40 57.0 68.0 1
    1 3539  115   42 41.0 67.0 1
    1 1794   87   73 49.0 54.0 1
    1 1810   93    3 47.0 88.0 1
    1 1677  166  160 31.0 32.0 1
    1 1497   90   14 48.0 82.0 1
    1 3148  173  166 30.0 31.0 0
    1 2035   62   60 58.0 59.0 1
    1 1990   58   19 60.0 79.0 0
    1 2992   53    0 62.0 90.0 1
    1  869  154  107 33.0 43.0 1
    1  502  154   67 33.0 56.0 0
    1  959  166    0 31.0 90.0 1
    1 2934  123    0 39.0 90.0 1
    1  887   32   29 72.0 74.0 1
    1 3196   29   25 74.0 76.0 1
    1 2850    5    0 87.0 90.0 1
    1 1109  104   45 44.0 66.0 1
    1 1331   36   31 70.0 73.0 1
    1 2008   75    0 53.0 90.0 1
    1  877  115    0 41.0 90.0 1
    1 3399  138   21 36.0 78.0 1
    1  701   42   18 67.0 80.0 1
    1  553  138    0 36.0 90.0 0
    1  601  104    0 44.0 90.0 1
    1 1679   90   27 48.0 75.0 1
    1 1975   67   38 56.0 69.0 1
    1  949   87   29 49.0 74.0 1
    1 2221  115    0 41.0 90.0 1
    1  384   90    7 48.0 86.0 1
    1 2751   58   32 60.0 72.0 1
    1 2700   90   75 48.0 53.0 1
    1  819   70    0 55.0 90.0 1
    1 2625  173    0 30.0 90.0 1
    1 2981   42    9 67.0 85.0 1
    1 1486  160  104 32.0 44.0 1
    1 1897  100   45 45.0 66.0 1
    1  313   75    0 53.0 90.0 1
    1 3022   32   25 72.0 76.0 1
    1 1075   42    0 67.0 90.0 1
    1  555   36   18 70.0 80.0 0
    1 3331   73   11 54.0 84.0 1
    1 3455  128   51 38.0 63.0 1
    1 1184   27   23 75.0 77.0 1
    1 2261   78    0 52.0 90.0 1
    1 2766   97   93 46.0 47.0 1
    1  647  119   34 40.0 71.0 1
    1 3412   42    0 67.0 90.0 1
    1 1807   38   23 69.0 77.0 1
    1 1717   53    0 62.0 90.0 0
    1 2946   49   45 64.0 66.0 1
    1 1810   16    0 81.0 90.0 1
    1 3358   49    0 64.0 90.0 1
    1 1092   93   67 47.0 56.0 0
    1 3238  138   49 36.0 64.0 1
    1 2774   87    0 49.0 90.0 1
    1  507   47    0 65.0 90.0 1
    1 2634   97   16 46.0 81.0 1
    1 2952   47   19 65.0 79.0 1
    1 2804  115    0 41.0 90.0 1
    1  808  133   45 37.0 66.0 1
    1 2423  115    0 41.0 90.0 1
    1 2162   42   40 67.0 68.0 1
    1 1206   97    0 46.0 90.0 1
    1 1249  100   84 45.0 50.0 1
    1 1991   27    0 75.0 90.0 1
