 100 100 100 121
    1  525  115   78 41.0 52.0 1
    1  334  107   45 43.0 66.0 1
    1 1864    9    3 85.0 88.0 1
    1  802  160   45 32.0 66.0 1
    1 3160   16   14 81.0 82.0 1
    1  968   78    0 52.0 90.0 1
    1 1986   70    0 55.0 90.0 1
    1 1795   75   34 53.0 71.0 0
    1 2894  138  100 36.0 45.0 1
    1 2920   70    0 55.0 90.0 0
    1  590  166    2 31.0 89.0 1
    1 1929  143    0 35.0 90.0 1
    1 1902   60    0 59.0 90.0 1
    1  965   60   16 59.0 81.0 1
    1 1230    3    0 88.0 90.0 1
    1 2107  148   90 34.0 48.0 1
    1 1057   73   42 54.0 67.0 1
    1 1008   12   11 83.0 84.0 1
    1 2393  166    0 31.0 90.0 1
    1 1848   53   11 62.0 84.0 1
    1  439   60   14 59.0 82.0 1
    1  814  100   38 45.0 69.0 1
    1 1118  173   38 30.0 69.0 1
    1 1575   75   14 53.0 82.0 1
    1 1798   47   38 65.0 69.0 1
    1 1308   16    7 81.0 86.0 1
    1 1400  111    0 42.0 90.0 1
    1 1383    3    0 88.0 90.0 1
    1 1097   81   60 51.0 59.0 1
    1 1760  148   36 34.0 70.0 1
    1 3358   67    0 56.0 90.0 1
    1 1296   81   25 51.0 76.0 1
    1 2987  119   18 40.0 80.0 0
    1 3456   84   75 50.0 53.0 1
    1 1584   53   42 62.0 67.0 1
    1  339   23    0 77.0 90.0 1
    1  518  160   93 32.0 47.0 1
    1 2167  133   23 37.0 77.0 1
    1  858   73   27 54.0 75.0 1
    1  635   93    0 47.0 90.0 1
    1 1456   40   19 68.0 79.0 0
    1 3003   70    0 55.0 90.0 1
    1  863   78   51 52.0 63.0 1
    1 1344   58   38 60.0 69.0 1
    1 2579   45    0 66.0 90.0 1
    1  827   19    0 79.0 90.0 1
    1 1589  133  133 37.0 37.0 1
    1  441   87    0 49.0 90.0 1
    1 2548   62    0 58.0 90.0 1
    1  383   27   27 75.0 75.0 1
    1 1756   67   29 56.0 74.0 1
    1 1672    7    0 86.0 90.0 1
    1 1566   60   38 59.0 69.0 1
    1  328   23    0 77.0 90.0 1
    1 2334   49   12 64.0 83.0 1
    1  360   73   60 54.0 59.0 1
    1 2778   19   11 79.0 84.0 0
    1 1339  111   23 42.0 77.0 1
    1 2405   70   21 55.0 78.0 1
    1 3273  160    0 32.0 90.0 1
    1 1700  115   47 41.0 65.0 1
    1 3063   90    0 48.0 90.0 0
    1 3420   21    0 78.0 90.0 1
    1 1869  123   42 39.0 67.0 1
    1 1791   49   31 64.0 73.0 1
    1 3596   38    0 69.0 90.0 1
    1 1649   62   58 58.0 60.0 1
    1 1433   73   21 54.0 78.0 0
    1 2656   65   18 57.0 80.0 1
    1 2720   53    0 62.0 90.0 1
    1  868   84   21 50.0 78.0 1
    1 1688  138  123 36.0 39.0 1
    1 2956  111   87 42.0 49.0 1
    1 1029   90   70 48.0 55.0 1
    1 2280  173    0 30.0 90.0 1
    1 2757  173   29 30.0 74.0 1
    1 1490   81   60 51.0 59.0 1
    1 1135   90   78 48.0 52.0 1
    1 2616  173   36 30.0 70.0 1
    1 3531   38    0 69.0 90.0 1
    1 3374  154   31 33.0 73.0 1
    1 2838   23    0 77.0 90.0 0
    1 2900   73   31 54.0 73.0 0
    1 3205   78    0 52.0 90.0 1
    1  907  133   25 37.0 76.0 1
    1 1544  115    0 41.0 90.0 1
    1 2281  143    2 35.0 89.0 1
    1 1193   38   36 69.0 70.0 1
    1 2082   97   47 46.0 65.0 1
    1 2328  128   47 38.0 65.0 1
    1 3437   47   14 65.0 82.0 1
    1 1194   60    0 59.0 90.0 1
    1 1799  115   32 41.0 72.0 1
    1 3523   75   70 53.0 55.0 1
    1  484   49    5 64.0 87.0 0
    1 3573   75   73 53.0 54.0 1
    1 3275  107   31 43.0 73.0 1
    1  614   65    0 57.0 90.0 1
    1 2522  115    7 41.0 86.0 1
    1 3192   31    0 73.0 90.0 1
