 100 100 100 122
    1 1344   77   69 69.0 71.0 0
    1 2415  222    7 42.0 88.0 1
    1 3121  230   69 41.0 71.0 0
    1 2194  247    0 39.0 90.0 1
    1  931  238   54 40.0 75.0 1
    1 1890  140  130 55.0 57.0 1
    1 3155  207    0 44.0 90.0 1
    1  544   10    0 87.0 90.0 1
    1 3314  130    0 57.0 90.0 1
    1  592  140  106 55.0 62.0 1
    1 2363  168    0 50.0 90.0 1
    1 2016  187  125 47.0 58.0 1
    2 3237   10    0 87.0 90.0 1
    1 1343  168  120 50.0 59.0 1
    1 3041   85   10 67.0 87.0 1
    1 2430  275  265 36.0 37.0 1
    1 1649   81   39 68.0 79.0 1
    1 2199  286    0 35.0 90.0 1
    1  815   81   69 68.0 71.0 1
    1 1707   61   32 73.0 81.0 1
    1 1541   32    0 81.0 90.0 1
    1 3204  200    0 45.0 90.0 0
    1 2876  214   57 43.0 74.0 1
    1 2689  230    0 41.0 90.0 1
    1 2433  247   61 39.0 73.0 1
    1 2125  187   93 47.0 65.0 1
    1 1171   69    0 71.0 90.0 0
    1 3460   17    0 85.0 90.0 1
    1 1515  168    0 50.0 90.0 1
    1 1765   57   21 74.0 84.0 1
    1 2511  140    7 55.0 88.0 1
    1  645   89    0 66.0 90.0 1
    1  440  135    0 56.0 90.0 1
    1 2032  151    0 53.0 90.0 1
    1 3479   25    0 83.0 90.0 1
    1 1521  111   43 61.0 78.0 1
    1  776  156    0 52.0 90.0 0
    1 1700  130    3 57.0 89.0 1
    1 2493  320   46 32.0 77.0 1
    1  882   81    0 68.0 90.0 1
    1  338   35    0 80.0 90.0 1
    2  646   46    0 77.0 90.0 1
    1 3119  125    0 58.0 90.0 1
    1  957  222    0 42.0 90.0 1
    1 1936  222  111 42.0 61.0 1
    1 1486  115   73 60.0 70.0 1
    1 1804  333   98 31.0 64.0 1
    1 3210  230    0 41.0 90.0 1
    1 2190  156    3 52.0 89.0 1
    1 2790  151   46 53.0 77.0 1
    1 1514  145    0 54.0 90.0 1
    1  884  162  145 51.0 54.0 1
    1 2702  222    0 42.0 90.0 1
    1 2019  265   93 37.0 65.0 1
    1  462  135    0 56.0 90.0 1
    1 1901   39   32 79.0 81.0 1
    1 3197   85   54 67.0 75.0 1
    1 1124  320   25 32.0 83.0 1
    1  874  222  106 42.0 62.0 1
    1 1658  145   73 54.0 70.0 1
    1 2677  333    0 31.0 90.0 1
    1 3410  193  120 46.0 59.0 1
    1 2802  247   57 39.0 74.0 1
    1 1409  180  162 48.0 51.0 1
    1 2981  193  135 46.0 56.0 1
    0 2356  135   25 56.0 83.0 1
    1 3319  247    0 39.0 90.0 1
    1 2083  162   61 51.0 73.0 1
    1  384    7    0 88.0 90.0 1
    1 2699  140    0 55.0 90.0 1
    1  418  193   14 46.0 86.0 1
    1 1480  180   21 48.0 84.0 1
    1 1899  238    0 40.0 90.0 1
    1 2316   35    0 80.0 90.0 1
    1 2045   65   10 72.0 87.0 1
    1 3225   65    7 72.0 88.0 1
    1 3484  256    3 38.0 89.0 1
    1  925   81    0 68.0 90.0 1
    0 2930  102   17 63.0 85.0 1
    1 1453  168   98 50.0 64.0 1
    1 2190  333   39 31.0 79.0 0
    1 1206  156    0 52.0 90.0 1
    1 1211  168  130 50.0 57.0 1
    1 2237  145   69 54.0 71.0 1
    1 2185  230   43 41.0 78.0 1
    1 3590   35    0 80.0 90.0 1
    1 2470  174   21 49.0 84.0 1
    1 1972    7    0 88.0 90.0 1
    1 1415  256   93 38.0 65.0 1
    1 3541  275    0 36.0 90.0 1
    1 3144   46   17 77.0 85.0 1
    1  310   73   10 70.0 87.0 1
    1  775  156   35 52.0 80.0 1
    1 2161  193  125 46.0 58.0 1
    1 2586  333  230 31.0 41.0 1
    1 3064  151   50 53.0 76.0 0
    1 2638  140   81 55.0 68.0 1
    1  664   69   50 71.0 76.0 1
    1 1583  125    0 58.0 90.0 1
    1  488   35   35 80.0 80.0 1
