 100 100 100 122
    1 3204  256  130 38.0 57.0 1
    1 1485  275  151 36.0 53.0 1
    1  982  230  125 41.0 58.0 0
    1 2186   46    0 77.0 90.0 1
    1  880  275    0 36.0 90.0 1
    1  430  111    0 61.0 90.0 1
    1 1301   43   10 78.0 87.0 1
    1 1730   61    0 73.0 90.0 1
    1  892  238   57 40.0 74.0 1
    1 2149  115    0 60.0 90.0 1
    1 1583   17    0 85.0 90.0 0
    1  919  174   14 49.0 86.0 1
    1 1114  130    0 57.0 90.0 0
    1 1647   65    0 72.0 90.0 1
    1 1074  222    0 42.0 90.0 1
    1  595  140   77 55.0 69.0 1
    1 1824  222   35 42.0 80.0 1
    1 1022  320   25 32.0 83.0 1
    1 3329   77   14 69.0 86.0 1
    1 2554   21    0 84.0 90.0 1
    1  432  115   43 60.0 78.0 1
    1 1504  207   50 44.0 76.0 1
    1 1106  106   81 62.0 68.0 1
    1 1310  333  297 31.0 34.0 1
    1 2950  297  187 34.0 47.0 0
    1 1792   81   57 68.0 74.0 1
    1 1037  346   65 30.0 72.0 1
    1  806  162  115 51.0 60.0 0
    1 2399   43    0 78.0 90.0 1
    1 3016  111    0 61.0 90.0 1
    1 1052   81    0 68.0 90.0 1
    1 2700   43    7 78.0 88.0 1
    1  345   85   17 67.0 85.0 1
    1 1074  200    7 45.0 88.0 1
    1 2986   89    0 66.0 90.0 1
    1 2965  222   10 42.0 87.0 0
    1 1285  333   61 31.0 73.0 1
    1 2854  145    0 54.0 90.0 1
    1 2032  102   28 63.0 82.0 0
    1 2743  187  180 47.0 48.0 1
    1 2333  256  140 38.0 55.0 1
    1 1916   43    0 78.0 90.0 1
    1 1090  162   17 51.0 85.0 1
    1  488   98    0 64.0 90.0 1
    1 2824   17    0 85.0 90.0 1
    1 1150  193    0 46.0 90.0 1
    1 2900  230   77 41.0 69.0 1
    1 1749  333  135 31.0 56.0 1
    1  517  156  102 52.0 63.0 1
    1  827  214  168 43.0 50.0 1
    1 2748  297   50 34.0 76.0 1
    1 1966  106    0 62.0 90.0 1
    1 3419  286  265 35.0 37.0 1
    1 3499   69    0 71.0 90.0 1
    1  861   57   14 74.0 86.0 1
    1 1500  275  130 36.0 57.0 1
    1 3520  286    0 35.0 90.0 1
    1 3564   93    0 65.0 90.0 1
    1 1964  106   14 62.0 86.0 1
    1 1055  214    0 43.0 90.0 1
    1 2629   61    0 73.0 90.0 1
    1 2356  102   28 63.0 82.0 1
    1 1291  238   10 40.0 87.0 1
    1  375  135    0 56.0 90.0 1
    1 3153  238    0 40.0 90.0 1
    1 1294  174    0 49.0 90.0 1
    1 1441  247  180 39.0 48.0 1
    1 2979  162    0 51.0 90.0 1
    1 2171  308  187 33.0 47.0 1
    1  905   89   69 66.0 71.0 1
    1 3375  238   57 40.0 74.0 1
    1 2017  151    0 53.0 90.0 1
    1 3255  297    0 34.0 90.0 0
    1 2432  247   73 39.0 70.0 1
    1 1452   39    0 79.0 90.0 1
    1 2862  174   73 49.0 70.0 1
    1 2139  111   73 61.0 70.0 0
    1 1890  222   10 42.0 87.0 1
    1  908   69   10 71.0 87.0 1
    1 2928   21    0 84.0 90.0 0
    1 1397  130    0 57.0 90.0 1
    1  480  106   54 62.0 75.0 1
    1 2635   61   32 73.0 81.0 1
    1 3085  125  102 58.0 63.0 0
    1 2378   69    0 71.0 90.0 1
    1 3440  297    0 34.0 90.0 0
    1 1139  135    0 56.0 90.0 1
    1 3041  308   73 33.0 70.0 1
    1  604   17    0 85.0 90.0 1
    1  465   10    0 87.0 90.0 1
    1 1391   77    0 69.0 90.0 1
    1 1730  320  187 32.0 47.0 0
    1 2450  238   21 40.0 84.0 1
    1 3412  145  145 54.0 54.0 1
    1 2122  140   21 55.0 84.0 1
    1  742  275   65 36.0 72.0 0
    1 1890  156    0 52.0 90.0 1
    1 1229  256    0 38.0 90.0 1
    1 1628   39    0 79.0 90.0 1
    1 2698    7    0 88.0 90.0 1
