 100 100 100 122
    1 1815  135   32 56.0 81.0 1
    1 2302   89   14 66.0 86.0 1
    1 2033  174   54 49.0 75.0 1
    1  570   98    0 64.0 90.0 1
    1 1771  120    0 59.0 90.0 1
    1 3228  151  130 53.0 57.0 0
    1 2875  333    0 31.0 90.0 1
    1 1821  120    0 59.0 90.0 1
    1 2419  130    0 57.0 90.0 1
    1  439   69    7 71.0 88.0 1
    1 2618  156   10 52.0 87.0 1
    1 1721   39   14 79.0 86.0 1
    1 3275  308    0 33.0 90.0 1
    1 3482  333    0 31.0 90.0 1
    1 3377  140    0 55.0 90.0 1
    1 2175    3    0 89.0 90.0 1
    1 2783  162  156 51.0 52.0 1
    1 1261   32    0 81.0 90.0 1
    1 2900   65    0 72.0 90.0 1
    1 2872  320  222 32.0 42.0 1
    1  602  214    0 43.0 90.0 1
    1 1989   17    0 85.0 90.0 1
    1 1374   14   14 86.0 86.0 1
    1  605  162   69 51.0 71.0 1
    1 3426  130    0 57.0 90.0 0
    1 1238   85    0 67.0 90.0 1
    1 1923   98    3 64.0 89.0 1
    1 2880  308  222 33.0 42.0 1
    1  856  238  140 40.0 55.0 1
    1  823  168   57 50.0 74.0 0
    1 1858  222   73 42.0 70.0 1
    1 1321  151    0 53.0 90.0 1
    1 3517  297  106 34.0 62.0 1
    1 2027  222   98 42.0 64.0 1
    1 2543  230    0 41.0 90.0 1
    1  936  333    0 31.0 90.0 1
    1  358  168    0 50.0 90.0 1
    1 2668  102   28 63.0 82.0 1
    1 2327    7    0 88.0 90.0 1
    1 1849   54    0 75.0 90.0 1
    1 3433  140    0 55.0 90.0 1
    1 1993  115    0 60.0 90.0 0
    1 2342   81   69 68.0 71.0 1
    1 1326  130   39 57.0 79.0 1
    1 3466  145   61 54.0 73.0 1
    1 3154   39    0 79.0 90.0 1
    1 3081  207  115 44.0 60.0 1
    1  579  207   28 44.0 82.0 1
    1  878   50    0 76.0 90.0 1
    1 3425  200   77 45.0 69.0 1
    1 1170  145  120 54.0 59.0 1
    1 2271  156  145 52.0 54.0 1
    1  795  297   28 34.0 82.0 1
    1  476   73    0 70.0 90.0 1
    1  928   61   43 73.0 78.0 1
    1 3377  320  106 32.0 62.0 1
    1 1521  214    0 43.0 90.0 1
    1 2001   28    0 82.0 90.0 0
    1 3463  125  120 58.0 59.0 1
    1 3003  214   85 43.0 67.0 1
    1 2180  230   39 41.0 79.0 1
    1  489   43    0 78.0 90.0 0
    1 1498  238   93 40.0 65.0 1
    1 3176   25    0 83.0 90.0 1
    1 1645  130   77 57.0 69.0 0
    1 2186   57   28 74.0 82.0 1
    1 2543   54    0 75.0 90.0 1
    1 1869  151    0 53.0 90.0 1
    1  496  106   17 62.0 85.0 1
    1 2879  193  156 46.0 52.0 1
    1  696  297   21 34.0 84.0 1
    1  354  120   14 59.0 86.0 1
    1 1956  230   89 41.0 66.0 1
    1 1386  156  151 52.0 53.0 1
    1 1028  111    0 61.0 90.0 1
    1 2801  156   81 52.0 68.0 1
    1  998   35   10 80.0 87.0 1
    1  338    7    0 88.0 90.0 0
    1 2618   10    0 87.0 90.0 1
    1 1028  193   73 46.0 70.0 1
    1 1542  130   25 57.0 83.0 1
    1  589   35   32 80.0 81.0 1
    1  701  286    0 35.0 90.0 1
    1 1281  230   57 41.0 74.0 1
    1  923   28    0 82.0 90.0 1
    1 3118  162   46 51.0 77.0 1
    1 2233   85    0 67.0 90.0 1
    1  585  247   25 39.0 83.0 0
    1 1595  297    0 34.0 90.0 1
    1 1045   65    0 72.0 90.0 1
    1 3077   69    0 71.0 90.0 1
    1 2488  193  174 46.0 49.0 1
    1 2375   57    0 74.0 90.0 1
    1 2814  247  222 39.0 42.0 0
    1 2702  247  130 39.0 57.0 1
    1 3001   35    0 80.0 90.0 1
    1 2791   21    0 84.0 90.0 1
    1 3528   85   28 67.0 82.0 1
    1 1794   89   25 66.0 83.0 1
    1 2273   81    0 68.0 90.0 1
