 100 100 100 122
    1 1659  180  115 48.0 60.0 1
    1 1709  247    0 39.0 90.0 1
    1 2382   46   28 77.0 82.0 1
    1 2219  174   39 49.0 79.0 1
    1 2614  180   25 48.0 83.0 1
    1  636  214   50 43.0 76.0 1
    1 1965   10    7 87.0 88.0 1
    1 1532  187    0 47.0 90.0 1
    1  982  207   54 44.0 75.0 1
    1 1930   21    0 84.0 90.0 1
    1  808  286  111 35.0 61.0 1
    1 3190  308  145 33.0 54.0 1
    1 2577  156    0 52.0 90.0 0
    2 3427   28   25 82.0 83.0 1
    1 2273  193    0 46.0 90.0 1
    1 3056   25    0 83.0 90.0 1
    1  345   73   28 70.0 82.0 1
    1 2756  230    0 41.0 90.0 1
    1 3195  275  180 36.0 48.0 1
    1  759  106    0 62.0 90.0 1
    1 1592  111  106 61.0 62.0 1
    1  732  115    0 60.0 90.0 1
    1 2548  207    0 44.0 90.0 1
    1 2750  180   21 48.0 84.0 1
    1  881  247   10 39.0 87.0 1
    1 1869  308  120 33.0 59.0 1
    1 1417  265  222 37.0 42.0 1
    1 3470   32    0 81.0 90.0 1
    1 3415  308    0 33.0 90.0 1
    1 3417   43    3 78.0 89.0 1
    1 2945   73    0 70.0 90.0 0
    1 1230  115   43 60.0 78.0 1
    1 2053  265  120 37.0 59.0 1
    1 1647  135    0 56.0 90.0 1
    1 1652  247   35 39.0 80.0 1
    1  532  130    0 57.0 90.0 1
    1 1862  238   50 40.0 76.0 1
    1 1672  286  135 35.0 56.0 1
    1 1066  135  130 56.0 57.0 1
    1 2446  230  106 41.0 62.0 1
    1 3223   73    0 70.0 90.0 1
    1 2977   57    0 74.0 90.0 1
    1 1325  256    0 38.0 90.0 1
    1 1265   61   10 73.0 87.0 1
    1 2510  333   14 31.0 86.0 1
    1 1161   61    0 73.0 90.0 1
    1  639   98   85 64.0 67.0 1
    1 1864   81    0 68.0 90.0 1
    1 1421   85    0 67.0 90.0 1
    1 1115  333   93 31.0 65.0 0
    1 1842  174   77 49.0 69.0 1
    1  887   54    0 75.0 90.0 1
    1 1193  135   50 56.0 76.0 1
    1 3030  102   10 63.0 87.0 1
    1  706  207   25 44.0 83.0 1
    1 2844  308  247 33.0 39.0 1
    1 1531  130   77 57.0 69.0 1
    1 1826  333  207 31.0 44.0 1
    1 2426  125    0 58.0 90.0 1
    1 1850  168   14 50.0 86.0 1
    1  860   69    0 71.0 90.0 1
    1 3336  111   61 61.0 73.0 1
    1 2709  265  168 37.0 50.0 1
    1 2378   89    0 66.0 90.0 0
    1 1919  200   81 45.0 68.0 1
    1 1748  193    0 46.0 90.0 1
    1 1070   93    0 65.0 90.0 1
    1 2068  286   81 35.0 68.0 1
    1 1743  168    0 50.0 90.0 0
    1 3483   17    0 85.0 90.0 1
    1 1628  297    0 34.0 90.0 1
    1 1787  308  106 33.0 62.0 1
    1 3232  156   14 52.0 86.0 1
    1 1592   73    7 70.0 88.0 1
    1 2012   57   21 74.0 84.0 1
    1 1695   35    0 80.0 90.0 1
    1 2638  256   10 38.0 87.0 1
    0 1913   35   25 80.0 83.0 1
    1  852  145    0 54.0 90.0 1
    1 2790    3    0 89.0 90.0 1
    1  712  214  130 43.0 57.0 0
    1 1391  174   77 49.0 69.0 1
    1 1007  297   32 34.0 81.0 1
    1 3228  200    0 45.0 90.0 1
    1 2959   73   46 70.0 77.0 1
    1 1264  214   81 43.0 68.0 1
    1 3559  174   10 49.0 87.0 1
    1 3114   73    0 70.0 90.0 1
    1 1306  180  102 48.0 63.0 0
    1 1381   69    0 71.0 90.0 1
    1  541  102    0 63.0 90.0 1
    1 1619  111   69 61.0 71.0 1
    1 1909   61   46 73.0 77.0 1
    1 2068  320    3 32.0 89.0 1
    1 1108  214   50 43.0 76.0 1
    1  852  125    0 58.0 90.0 0
    1 1151  193    0 46.0 90.0 0
    1 2743   14   10 86.0 87.0 0
    1  738   46    3 77.0 89.0 1
    1 1429  180    0 48.0 90.0 0
