 100 100 100 122
    1 2025   85    0 67.0 90.0 1
    1  530  168   69 50.0 71.0 0
    1 2745  333  207 31.0 44.0 1
    1 3524  207  135 44.0 56.0 1
    1  318  111   21 61.0 84.0 1
    1 2693   85   32 67.0 81.0 1
    1  408   93   61 65.0 73.0 1
    1 1690   93    0 65.0 90.0 1
    1 3186  247    0 39.0 90.0 1
    1  319  156    0 52.0 90.0 1
    1 3096  102   77 63.0 69.0 1
    1 1358   39    0 79.0 90.0 1
    1 1010  125   73 58.0 70.0 1
    1  866  230  200 41.0 45.0 1
    1  871  200    0 45.0 90.0 1
    1 3369  135   21 56.0 84.0 1
    1  701  207  125 44.0 58.0 1
    1 1116  180  135 48.0 56.0 1
    1 1470   21    0 84.0 90.0 1
    1 2431   81    0 68.0 90.0 1
    1 1437   46   35 77.0 80.0 1
    1  491  135   32 56.0 81.0 1
    1 2217  162  162 51.0 51.0 1
    1 3551  162    0 51.0 90.0 0
    1  676  222   89 42.0 66.0 1
    1 1282  308  200 33.0 45.0 1
    1  743  308    0 33.0 90.0 1
    1 3113  200    0 45.0 90.0 1
    1 2145  346  156 30.0 52.0 1
    1 3560  320  275 32.0 36.0 1
    1  416   17    0 85.0 90.0 1
    1 1938  346   57 30.0 74.0 1
    1 2966  140    0 55.0 90.0 0
    1 1259  320  120 32.0 59.0 1
    1  311   57    0 74.0 90.0 1
    1 1129  297  120 34.0 59.0 0
    1 1163  168    7 50.0 88.0 1
    1 1123   89   81 66.0 68.0 1
    1  723  145  120 54.0 59.0 1
    1  505  156    3 52.0 89.0 1
    1  731   32    0 81.0 90.0 0
    1 2659  207    3 44.0 89.0 1
    1 2701  265   69 37.0 71.0 1
    1 2146   69    7 71.0 88.0 1
    1  677   89    3 66.0 89.0 1
    1  356   28    0 82.0 90.0 1
    1 1610  120   77 59.0 69.0 1
    1 2424  286    0 35.0 90.0 0
    1 2991  297  275 34.0 36.0 1
    1  407  174    0 49.0 90.0 1
    1 1134  207  174 44.0 49.0 1
    1 2608  320  180 32.0 48.0 1
    1 2596  320  297 32.0 34.0 1
    1 3246  230   85 41.0 67.0 1
    1 3093   81    0 68.0 90.0 1
    1 3347  297    7 34.0 88.0 1
    1 1403  111   21 61.0 84.0 1
    1 3052  174  140 49.0 55.0 1
    1  300   77    0 69.0 90.0 1
    1  557   77    7 69.0 88.0 1
    1 1913  145   43 54.0 78.0 1
    1 2233  265   32 37.0 81.0 1
    1 1213  265   93 37.0 65.0 1
    1 2618  320   77 32.0 69.0 1
    1 1715   28    0 82.0 90.0 0
    1  818  256    0 38.0 90.0 1
    1 2983  265    0 37.0 90.0 1
    1  820  200   14 45.0 86.0 1
    1 2604   77   39 69.0 79.0 0
    1 2066  275  130 36.0 57.0 0
    1 1468  265  145 37.0 54.0 1
    1 1343    7    0 88.0 90.0 1
    1 1098   93    3 65.0 89.0 1
    1 1225   93   10 65.0 87.0 1
    1 2308  140   39 55.0 79.0 1
    1 1953  180    3 48.0 89.0 1
    1 3409  275    0 36.0 90.0 1
    1  878   98   69 64.0 71.0 1
    1 2468  187  168 47.0 50.0 1
    1  912  200    0 45.0 90.0 1
    1  318   35    0 80.0 90.0 1
    1 1286  297   43 34.0 78.0 1
    1 2999  156    7 52.0 88.0 1
    1 1117  120   35 59.0 80.0 1
    1 1176   54    0 75.0 90.0 1
    1 1376   50    0 76.0 90.0 0
    1 2033  151    0 53.0 90.0 1
    1  988  222   98 42.0 64.0 1
    1 1981  151   28 53.0 82.0 1
    1 1012  238    0 40.0 90.0 1
    1 3207  102   54 63.0 75.0 1
    1 3169   57   21 74.0 84.0 1
    1 1451   39    7 79.0 88.0 1
    1 2232  230   25 41.0 83.0 0
    1 1928  180    0 48.0 90.0 1
    1 1027  162  156 51.0 52.0 1
    1 2621   35    0 80.0 90.0 0
    1 1243  207   39 44.0 79.0 1
    1 2354  275    7 36.0 88.0 1
    1 2743    7    0 88.0 90.0 1
