 100 100 100 122
    1  325   89   69 66.0 71.0 1
    1  805   54    0 75.0 90.0 1
    1 1462  174   39 49.0 79.0 1
    1  382  151    0 53.0 90.0 1
    1 2409  256   93 38.0 65.0 1
    1 2019  180    0 48.0 90.0 1
    1 2381  238  200 40.0 45.0 1
    1 3292   39    0 79.0 90.0 1
    1 2859  247   73 39.0 70.0 1
    1 2687  286  162 35.0 51.0 1
    1 2081  346  145 30.0 54.0 1
    1 2363  214  174 43.0 49.0 1
    1 2868  135    0 56.0 90.0 1
    1 3087  320    0 32.0 90.0 1
    1 1498   28    0 82.0 90.0 0
    1  936   77    0 69.0 90.0 1
    1 1033  275  120 36.0 59.0 0
    1 2864  222    0 42.0 90.0 1
    1  675  275   10 36.0 87.0 0
    1 3201  222   73 42.0 70.0 1
    1 2306  187    0 47.0 90.0 1
    0  672  333    0 31.0 90.0 1
    1  877   65    0 72.0 90.0 1
    1  956   10    0 87.0 90.0 1
    1  800  135   39 56.0 79.0 1
    1  962  135   32 56.0 81.0 1
    1 1917  162   54 51.0 75.0 0
    1 2220   73   32 70.0 81.0 1
    1 2794  115  106 60.0 62.0 1
    1 2066   21    0 84.0 90.0 1
    1 2007  320   89 32.0 66.0 1
    1 2229  145    0 54.0 90.0 1
    1  561    7    0 88.0 90.0 1
    1 2422  200   98 45.0 64.0 1
    0 1414  308  130 33.0 57.0 1
    1 2551  222  162 42.0 51.0 1
    1 2339   93   77 65.0 69.0 1
    1 3117  222  102 42.0 63.0 1
    1 2355  130   21 57.0 84.0 1
    1 2896  320  111 32.0 61.0 1
    1  400   77   61 69.0 73.0 1
    1  605  265    0 37.0 90.0 1
    1 2329   14    0 86.0 90.0 1
    1 1406   43    0 78.0 90.0 1
    1 3331  180  145 48.0 54.0 1
    1 2115  187   14 47.0 86.0 1
    1 3314  297   46 34.0 77.0 1
    1  427  187    0 47.0 90.0 0
    2 1990  275  222 36.0 42.0 1
    1 3099  308   25 33.0 83.0 1
    1 1747  308   54 33.0 75.0 1
    1 2649  187    3 47.0 89.0 1
    1 1019  168    0 50.0 90.0 1
    1 2281  111    0 61.0 90.0 1
    1 1036  140    0 55.0 90.0 1
    1 1253   65   43 72.0 78.0 1
    1 1781  230   39 41.0 79.0 1
    1 2321  256   81 38.0 68.0 1
    1 1404  120    0 59.0 90.0 1
    1 1072  187   89 47.0 66.0 1
    1 1396  256   14 38.0 86.0 1
    1 2991  125    0 58.0 90.0 1
    1  418   32    0 81.0 90.0 0
    1 3275  140   85 55.0 67.0 0
    1  571  135   85 56.0 67.0 1
    1 2550  187   93 47.0 65.0 1
    1 3199  145   17 54.0 85.0 1
    1 3082  140    0 55.0 90.0 1
    1 1602  247    0 39.0 90.0 1
    1 2510   93   81 65.0 68.0 1
    1  903  162   73 51.0 70.0 1
    1 1240  207   73 44.0 70.0 1
    1 3014  297   73 34.0 70.0 1
    1 2542  151    0 53.0 90.0 1
    1 2076  222    7 42.0 88.0 0
    1 3542  214   54 43.0 75.0 1
    2 2666  200  187 45.0 47.0 1
    1 1902  222   39 42.0 79.0 1
    1  737   54    0 75.0 90.0 1
    1 1658  140   50 55.0 76.0 1
    1 1857  120    0 59.0 90.0 1
    1 2327  256   39 38.0 79.0 1
    1 2968  320    0 32.0 90.0 1
    1 2915  130    0 57.0 90.0 0
    1 1668  130    0 57.0 90.0 0
    1 1906  346  111 30.0 61.0 1
    1 1173  106    0 62.0 90.0 1
    1  939  297  162 34.0 51.0 0
    1 2098  297  222 34.0 42.0 1
    1 2055  286    0 35.0 90.0 1
    1 1189  320   50 32.0 76.0 1
    0 3503  135    0 56.0 90.0 1
    1 2489  222    3 42.0 89.0 1
    1 3333   77    0 69.0 90.0 1
    1 2262  120   46 59.0 77.0 1
    2 1947  286    7 35.0 88.0 1
    1 3531   46    0 77.0 90.0 1
    1 1942   69    0 71.0 90.0 1
    1 1825  222  125 42.0 58.0 0
    1  756   28    0 82.0 90.0 1
