 100 100 100 122
    1 1189   50    0 76.0 90.0 1
    1 1142  286  125 35.0 58.0 1
    1 3401  125   46 58.0 77.0 1
    1  445  135    0 56.0 90.0 1
    1 2647  115   35 60.0 80.0 1
    1 2281  222  214 42.0 43.0 1
    1 2748   21   21 84.0 84.0 1
    1 3166   73   17 70.0 85.0 1
    1 3066  193   39 46.0 79.0 1
    1 3102  130   50 57.0 76.0 0
    1 1652  125   65 58.0 72.0 1
    1 2712  140   10 55.0 87.0 1
    1 2911  222  102 42.0 63.0 1
    1 1615  275  168 36.0 50.0 1
    1  880   61    0 73.0 90.0 0
    1 1635  168   89 50.0 66.0 1
    1 3116   46    0 77.0 90.0 1
    1  935  214   69 43.0 71.0 1
    1 1694  214   17 43.0 85.0 1
    1 3189  140   25 55.0 83.0 1
    1 1235  135   43 56.0 78.0 1
    1 2480  308    0 33.0 90.0 1
    1 1836  102   32 63.0 81.0 1
    1 3062  180    0 48.0 90.0 1
    1 2794   73    0 70.0 90.0 1
    1 2582  162    0 51.0 90.0 1
    1  346   46    0 77.0 90.0 1
    1 1917  135    0 56.0 90.0 1
    1 2019   61    0 73.0 90.0 1
    1 3072  222    0 42.0 90.0 1
    1 2875  115    0 60.0 90.0 1
    1  305   21    0 84.0 90.0 0
    1 3108  130   54 57.0 75.0 1
    1 2514  145  145 54.0 54.0 1
    1 3239  238   25 40.0 83.0 1
    1 2128  162  102 51.0 63.0 1
    1 3578  222  151 42.0 53.0 1
    1 2224  308   73 33.0 70.0 0
    1 1343   50    0 76.0 90.0 1
    1  641  238    7 40.0 88.0 1
    1 2568  346  200 30.0 45.0 1
    1 3448    3    3 89.0 89.0 1
    1 2567  151    0 53.0 90.0 1
    1 1567  130    0 57.0 90.0 1
    1 2781  193  145 46.0 54.0 1
    1 1954  333  297 31.0 34.0 1
    1 1749  120   57 59.0 74.0 1
    1  435   81    0 68.0 90.0 1
    1 1816  238   85 40.0 67.0 1
    1 2296   46   10 77.0 87.0 1
    1  931   89    0 66.0 90.0 1
    1  839   32    0 81.0 90.0 1
    1 1972   46    3 77.0 89.0 1
    1 2192  130    0 57.0 90.0 1
    1 2283  193    3 46.0 89.0 0
    1 3536  256    0 38.0 90.0 1
    1 2114  151  151 53.0 53.0 1
    1 2073  230    0 41.0 90.0 1
    1  346   85    0 67.0 90.0 1
    1 1978  207    0 44.0 90.0 1
    1 1774  120    0 59.0 90.0 1
    2 2692   17   14 85.0 86.0 1
    1 2449   85    0 67.0 90.0 1
    1  981  286    0 35.0 90.0 1
    1 3237   73    3 70.0 89.0 1
    1 1774  230  200 41.0 45.0 1
    1 2508  115    0 60.0 90.0 1
    1  888  222  102 42.0 63.0 1
    1 1488   81   43 68.0 78.0 1
    1 3490  174    0 49.0 90.0 1
    1  952   35    0 80.0 90.0 1
    1 3168  238   65 40.0 72.0 1
    1  926   57    0 74.0 90.0 1
    1  810  346    0 30.0 90.0 1
    1 2925  174    0 49.0 90.0 1
    1  561  151    0 53.0 90.0 1
    1 2667  308  135 33.0 56.0 1
    1 1530   85   10 67.0 87.0 1
    1  585  102   10 63.0 87.0 1
    1 3548  145    0 54.0 90.0 1
    1 2587  162    3 51.0 89.0 0
    1  526  102   73 63.0 70.0 0
    1 2153   46   28 77.0 82.0 1
    1 1923  214    0 43.0 90.0 1
    1 2886  187   57 47.0 74.0 1
    1 1130  222   25 42.0 83.0 1
    1 1541   69   28 71.0 82.0 1
    1 2572  111    0 61.0 90.0 1
    1 2811  207   69 44.0 71.0 1
    1 1816  156   57 52.0 74.0 1
    1 3194  193    0 46.0 90.0 1
    1 3517  120    0 59.0 90.0 1
    1  884   77   54 69.0 75.0 1
    1 2477   89    0 66.0 90.0 1
    1  918  275  120 36.0 59.0 1
    1 3037  180  168 48.0 50.0 1
    0 2372   32    0 81.0 90.0 1
    1 1285  256    0 38.0 90.0 1
    1 1093   77   77 69.0 69.0 1
    1 2737   65   14 72.0 86.0 1
