 100 100 100 122
    1 1818  151   17 53.0 85.0 1
    1 3416  346    0 30.0 90.0 1
    1 1332  180   25 48.0 83.0 1
    1 2164  265  111 37.0 61.0 1
    1 3041   65   61 72.0 73.0 1
    1 1345  286  106 35.0 62.0 1
    1  337  102   17 63.0 85.0 1
    1 2315  238   54 40.0 75.0 1
    1 2844  222    0 42.0 90.0 0
    2  905   32    0 81.0 90.0 1
    1 1824  151   57 53.0 74.0 1
    1 2992   43   28 78.0 82.0 1
    1  422   50    0 76.0 90.0 1
    1 2917   81   21 68.0 84.0 1
    1 2421   85   65 67.0 72.0 1
    1 2034   89   14 66.0 86.0 1
    1 1873  207  180 44.0 48.0 1
    1 3277  275  193 36.0 46.0 1
    1 2650  140    0 55.0 90.0 1
    1  451  174   10 49.0 87.0 1
    1 3539  320  162 32.0 51.0 1
    1 3148  135   54 56.0 75.0 1
    1 3265    3    0 89.0 90.0 1
    1 2519  106    0 62.0 90.0 1
    1  838  200    3 45.0 89.0 1
    1 2876   93    0 65.0 90.0 1
    1 3237   14    0 86.0 90.0 1
    1 1053  130    0 57.0 90.0 0
    1 3080   98    0 64.0 90.0 1
    1  615   89    3 66.0 89.0 1
    1 3256   85   39 67.0 79.0 1
    2 1677  200  156 45.0 52.0 1
    1  674   73    0 70.0 90.0 1
    1 1543  275    0 36.0 90.0 1
    0 3179   61   46 73.0 77.0 1
    1 1275   57   17 74.0 85.0 1
    1 3227  297    0 34.0 90.0 0
    1  304   85    0 67.0 90.0 1
    1 1239  247   81 39.0 68.0 0
    1 2539   43    0 78.0 90.0 1
    1 1662   28    0 82.0 90.0 1
    1  637  275    0 36.0 90.0 1
    1 3001   46   32 77.0 81.0 1
    1 2232  214  180 43.0 48.0 0
    1 1340  333    0 31.0 90.0 1
    1 1812  151    0 53.0 90.0 1
    1  712  193  106 46.0 62.0 1
    1 2263  120   46 59.0 77.0 1
    1  962  297   57 34.0 74.0 1
    0  540  168    0 50.0 90.0 1
    1 2665  320    0 32.0 90.0 1
    1 1318   65   10 72.0 87.0 1
    1 1156   17    0 85.0 90.0 1
    1 1944  162    3 51.0 89.0 1
    1 3191  297   73 34.0 70.0 0
    1 2220  115   73 60.0 70.0 1
    1 3515  346  207 30.0 44.0 1
    1 1507  275   50 36.0 76.0 1
    1 2440  230   14 41.0 86.0 1
    1 1981  238  230 40.0 41.0 1
    1 2093  247  125 39.0 58.0 1
    1  455  106   28 62.0 82.0 1
    1 3086  247   10 39.0 87.0 1
    1 1733  115    7 60.0 88.0 1
    1 3006   32    0 81.0 90.0 1
    1  548  247   14 39.0 86.0 1
    1 1762   98    0 64.0 90.0 1
    1  916   54    0 75.0 90.0 1
    1 1505  230   98 41.0 64.0 0
    1 1623  333  130 31.0 57.0 0
    0  988  115   21 60.0 84.0 1
    1  539   89   69 66.0 71.0 1
    1 1598  207  102 44.0 63.0 1
    1  498   46    0 77.0 90.0 1
    1 1692  156   43 52.0 78.0 1
    1 2611  174    0 49.0 90.0 1
    1 1772  230   93 41.0 65.0 1
    2  442   89   57 66.0 74.0 0
    1 1131   17    0 85.0 90.0 1
    0 1259  238  130 40.0 57.0 1
    2  417  135    0 56.0 90.0 1
    1 3233  174    0 49.0 90.0 1
    1 1707  162  140 51.0 55.0 1
    1  641   43    0 78.0 90.0 1
    1 1542  102    0 63.0 90.0 1
    1 1992   98   28 64.0 82.0 1
    1 3511  193  111 46.0 61.0 1
    1 1995   17    0 85.0 90.0 1
    1  963   61   14 73.0 86.0 1
    1 1576   46    0 77.0 90.0 1
    1  692  346    0 30.0 90.0 1
    1 1401   93   25 65.0 83.0 1
    1  811  130  102 57.0 63.0 1
    1 3319  145   17 54.0 85.0 1
    1 1580  238   21 40.0 84.0 1
    1  966   93   93 65.0 65.0 1
    1 3598  174    7 49.0 88.0 1
    1 2517  238   28 40.0 82.0 1
    1  735   28    0 82.0 90.0 1
    1 2841  230    0 41.0 90.0 1
