 100 100 100 122
    1 1269   61   35 73.0 80.0 1
    1 1614   43    0 78.0 90.0 1
    1 2664   85   61 67.0 73.0 1
    1 1246  286   77 35.0 69.0 1
    1 1350   77   43 69.0 78.0 1
    1 1732  135   14 56.0 86.0 1
    1 2309  320   57 32.0 74.0 1
    1  447   35    7 80.0 88.0 1
    1 1073  275   61 36.0 73.0 1
    1 2553   93    0 65.0 90.0 1
    1 2493   65    0 72.0 90.0 1
    1 2428  156    0 52.0 90.0 1
    1 1982   73   50 70.0 76.0 1
    1 1525  346    3 30.0 89.0 1
    1 1261  247   65 39.0 72.0 1
    1 2248  286   65 35.0 72.0 1
    1 1483   17    0 85.0 90.0 1
    1  869  102   65 63.0 72.0 0
    1  542  174   57 49.0 74.0 1
    1 1294   98    0 64.0 90.0 1
    1 2134  238  115 40.0 60.0 1
    1 3485  308  111 33.0 61.0 1
    1 2657  346  130 30.0 57.0 1
    1  319   50   32 76.0 81.0 0
    1 1798   89    0 66.0 90.0 0
    1 1345  265  247 37.0 39.0 1
    1  761  125  102 58.0 63.0 1
    1 1707   43    0 78.0 90.0 1
    1 1410  222   57 42.0 74.0 1
    1 1080  265  238 37.0 40.0 1
    1 3018  156    0 52.0 90.0 1
    1  367  102   61 63.0 73.0 0
    1 2906  333   43 31.0 78.0 1
    1 1568   85    0 67.0 90.0 1
    1 1798    3    0 89.0 90.0 1
    1 2055  265   35 37.0 80.0 1
    1 2972  286  207 35.0 44.0 1
    1 2006   65   43 72.0 78.0 1
    1 2992   35    0 80.0 90.0 0
    1 3508   43    0 78.0 90.0 1
    1 3395  130    0 57.0 90.0 1
    1 1855  214  207 43.0 44.0 0
    1  583   10    0 87.0 90.0 1
    1 1504  156    0 52.0 90.0 1
    1 1058  125    0 58.0 90.0 1
    1 3308  333    0 31.0 90.0 1
    1 3562  297  102 34.0 63.0 1
    1  354   89    0 66.0 90.0 1
    1 2466  125   21 58.0 84.0 1
    1 2168  162  120 51.0 59.0 1
    1 1215  214  115 43.0 60.0 1
    1  932  256   65 38.0 72.0 1
    1 3528  333    0 31.0 90.0 1
    1 1465  230   98 41.0 64.0 1
    1 3167  151    0 53.0 90.0 1
    1 1176    7    0 88.0 90.0 1
    1 3235   61    0 73.0 90.0 1
    1 2329  275    0 36.0 90.0 1
    1  507   28    0 82.0 90.0 1
    1 1414  230   35 41.0 80.0 1
    1 1673  265   14 37.0 86.0 1
    1 1415   73   25 70.0 83.0 1
    1 2000  320    0 32.0 90.0 1
    1 2934   50    0 76.0 90.0 1
    1  503  145   81 54.0 68.0 1
    1 3094  297  193 34.0 46.0 1
    1  637   73    0 70.0 90.0 1
    1 2253  320  156 32.0 52.0 1
    1 1074  286   50 35.0 76.0 1
    1  444  207    0 44.0 90.0 0
    1 1611  187    0 47.0 90.0 1
    1 1866  111    0 61.0 90.0 1
    1  590  151   35 53.0 80.0 1
    1  670  156    0 52.0 90.0 1
    1 2102  333  297 31.0 34.0 1
    1  898  346   73 30.0 70.0 1
    1 1843  333  230 31.0 41.0 1
    1  623  214    0 43.0 90.0 1
    1 3124  174   10 49.0 87.0 1
    1 2620  120   21 59.0 84.0 1
    1 2897  187  120 47.0 59.0 1
    1 1756  193    0 46.0 90.0 1
    1 1189  207    0 44.0 90.0 1
    1  731   73   35 70.0 80.0 1
    1  918   57   54 74.0 75.0 1
    1 2825   46   25 77.0 83.0 1
    1  500  156    0 52.0 90.0 1
    1 1306  320    0 32.0 90.0 1
    1 1742  156    0 52.0 90.0 1
    1 1679  238  168 40.0 50.0 1
    1  577   57    0 74.0 90.0 1
    1 2842   25    0 83.0 90.0 1
    1 3205  346  174 30.0 49.0 1
    1 1171  156    7 52.0 88.0 0
    1 2194  286   21 35.0 84.0 0
    1 1669   69   14 71.0 86.0 1
    1 2939   28    0 82.0 90.0 1
    1 3211  180   32 48.0 81.0 1
    1  471   54    0 75.0 90.0 1
    1 1420  145    0 54.0 90.0 1
