 100 100 100 122
    1 1146  247  238 39.0 40.0 1
    1 3267   54    0 75.0 90.0 1
    1  875  247  120 39.0 59.0 1
    1 3338  230   25 41.0 83.0 0
    1 1138  346   89 30.0 66.0 1
    1 3494  140    0 55.0 90.0 1
    1 1598   98   85 64.0 67.0 0
    1 2768  333  111 31.0 61.0 1
    1 3168  168    0 50.0 90.0 1
    1 2544   98   10 64.0 87.0 1
    1 2269  162   98 51.0 64.0 0
    1 2511  238  174 40.0 49.0 1
    1 2116   93   25 65.0 83.0 1
    1 2937  207    0 44.0 90.0 1
    1 2682   39   28 79.0 82.0 1
    1 2650  130   57 57.0 74.0 1
    1 3320   17   10 85.0 87.0 1
    1 1133  174   28 49.0 82.0 1
    1 2613  106   77 62.0 69.0 1
    1 3148   73   46 70.0 77.0 1
    1  458  207    0 44.0 90.0 1
    1 2283  162   43 51.0 78.0 1
    1 1355  140    0 55.0 90.0 0
    1  791   39    0 79.0 90.0 1
    1 1288   43   28 78.0 82.0 1
    1 2902   35   14 80.0 86.0 1
    1  303   17    0 85.0 90.0 1
    1 1285  256    7 38.0 88.0 1
    1 2410  256  140 38.0 55.0 1
    1 2408  346   85 30.0 67.0 1
    1 2196  106    0 62.0 90.0 1
    1  745  247   21 39.0 84.0 1
    1 1365   98   65 64.0 72.0 1
    1 1128    3    0 89.0 90.0 1
    1 1697  275   69 36.0 71.0 1
    1 2816  125   85 58.0 67.0 1
    1 1412  174    0 49.0 90.0 1
    1 1173  320    0 32.0 90.0 0
    1 1075   81    0 68.0 90.0 1
    1 3253  140   25 55.0 83.0 1
    1 3286   93   54 65.0 75.0 0
    1 1056  200  174 45.0 49.0 1
    0 2491   89    0 66.0 90.0 1
    1 3276  102    0 63.0 90.0 1
    1 3555  308  265 33.0 37.0 1
    1 2745  130  125 57.0 58.0 1
    1 2743  130    3 57.0 89.0 1
    1 1647  286    0 35.0 90.0 1
    1 2448  135    0 56.0 90.0 1
    1 3286    3    0 89.0 90.0 1
    1 3487  222    0 42.0 90.0 1
    1 2087   65    0 72.0 90.0 1
    1 3418  238    0 40.0 90.0 1
    1 3440  286   73 35.0 70.0 0
    1 1752  230  102 41.0 63.0 1
    1  811  200  140 45.0 55.0 1
    1 2022  106    0 62.0 90.0 1
    1  909  207   89 44.0 66.0 1
    1 2891   69    0 71.0 90.0 1
    1  370   39    3 79.0 89.0 1
    1 1648  106    0 62.0 90.0 1
    1 2384  238    0 40.0 90.0 1
    1 3392   54   43 75.0 78.0 1
    1 1405  111   32 61.0 81.0 0
    1 3049   81   14 68.0 86.0 1
    1  940  346   32 30.0 81.0 1
    1 2725  200    0 45.0 90.0 1
    1  667  222   93 42.0 65.0 1
    1 1193   65    0 72.0 90.0 0
    1 1849   50   21 76.0 84.0 1
    1 2149  286  106 35.0 62.0 1
    1 1502   81   10 68.0 87.0 1
    1 2461  140   89 55.0 66.0 1
    1 3405  125   57 58.0 74.0 1
    1  522   65    0 72.0 90.0 1
    1 1980  162    0 51.0 90.0 1
    1 3163   85   77 67.0 69.0 1
    1  524   81   69 68.0 71.0 1
    1  849  238    0 40.0 90.0 1
    1 2733  275  145 36.0 54.0 1
    1 2126   85   61 67.0 73.0 0
    1 3318   32   14 81.0 86.0 1
    1 2392  102    0 63.0 90.0 1
    1 1339  320   54 32.0 75.0 1
    1 3302   14    0 86.0 90.0 1
    1 1690  180   93 48.0 65.0 1
    1 2375  130    0 57.0 90.0 1
    1 2882   85   35 67.0 80.0 1
    1 3207  333  238 31.0 40.0 1
    1  637  214    0 43.0 90.0 1
    1  706   32   21 81.0 84.0 1
    1 1958  247   54 39.0 75.0 0
    1 2775  130   65 57.0 72.0 1
    1 2288   98    0 64.0 90.0 1
    1 2780   69    0 71.0 90.0 1
    1 1486   46   46 77.0 77.0 1
    1 1221  238    0 40.0 90.0 0
    1  531   46   35 77.0 80.0 1
    2  755   54   50 75.0 76.0 1
    1 1655  275    0 36.0 90.0 1
