 200 200 200 123
    1  991  111   38 42.0 69.0 1
    2 3007   38    0 69.0 90.0 1
    1 1415   25    0 76.0 90.0 1
    1 1520    9    0 85.0 90.0 1
    1  462   19    0 79.0 90.0 0
    1 3025   42    3 67.0 88.0 1
    1  950    2    0 89.0 90.0 1
    0 2194  133  111 37.0 42.0 1
    1 1614  138    0 36.0 90.0 0
    1 1474  143    0 35.0 90.0 1
    1 1573  128   40 38.0 68.0 1
    1 2950   45    0 66.0 90.0 1
    1 2321   78    0 52.0 90.0 1
    1 2707   34   34 71.0 71.0 1
    1  820   34   25 71.0 76.0 1
    1  947  123   25 39.0 76.0 1
    1 1458   34    0 71.0 90.0 1
    1 1233   49   29 64.0 74.0 1
    0 2837  104    0 44.0 90.0 1
    1  878   36    3 70.0 88.0 1
    1  943  115   55 41.0 61.0 1
    1  679  154   67 33.0 56.0 1
    1 3341   53   34 62.0 71.0 1
    1 1442   42   14 67.0 82.0 1
    1 1887    5    0 87.0 90.0 1
    1 2688   55    2 61.0 89.0 1
    1 2997   87   19 49.0 79.0 1
    1 2569  133    0 37.0 90.0 1
    1 1786   90   14 48.0 82.0 0
    1 1845  154    0 33.0 90.0 0
    1 1151  143    0 35.0 90.0 1
    1 1875   16    0 81.0 90.0 1
    1  667   73   23 54.0 77.0 1
    1 2135  143  123 35.0 39.0 0
    1 1988  119   40 40.0 68.0 1
    1  438    9    0 85.0 90.0 1
    1 2284   78   14 52.0 82.0 1
    1  338   93   12 47.0 83.0 1
    1  900  166   27 31.0 75.0 1
    1  864   36    5 70.0 87.0 1
    1 1987  111   42 42.0 67.0 1
    1 3200  143    0 35.0 90.0 0
    1 3371   73   25 54.0 76.0 1
    1 2354  119    0 40.0 90.0 1
    1 3148  133    0 37.0 90.0 1
    1 2053   97    9 46.0 85.0 1
    1  592   38    0 69.0 90.0 0
    1 2320   75   14 53.0 82.0 1
    1 3175    5    0 87.0 90.0 0
    1  831   60    7 59.0 86.0 1
    1  668   49    0 64.0 90.0 1
    1 1091  173   34 30.0 71.0 1
    1  886  166    0 31.0 90.0 1
    1  806  154  104 33.0 44.0 0
    1 2922   58    0 60.0 90.0 1
    1  564   81    0 51.0 90.0 1
    1 2984  100    0 45.0 90.0 1
    1 1194  111   87 42.0 49.0 1
    1 2990  119   36 40.0 70.0 1
    1 1743   87   65 49.0 57.0 1
    2 3212   78   16 52.0 81.0 1
    1 2039   93   62 47.0 58.0 1
    1 3089  128   32 38.0 72.0 1
    1 1161   51    3 63.0 88.0 1
    1 1928   14    0 82.0 90.0 1
    1  662   81    0 51.0 90.0 1
    1  427  173    0 30.0 90.0 1
    1 2818  143    0 35.0 90.0 1
    1 2333   78    0 52.0 90.0 1
    1 2955  143   45 35.0 66.0 1
    1 3229  123   53 39.0 62.0 1
    1 1727  154    0 33.0 90.0 1
    1  402    5    0 87.0 90.0 1
    1 1743  143    0 35.0 90.0 1
    1  756   60   60 59.0 59.0 1
    1  779  143    0 35.0 90.0 1
    1 1687   45   21 66.0 78.0 1
    1 3382   23    0 77.0 90.0 1
    1 3173  133   70 37.0 55.0 1
    1 2816  100    0 45.0 90.0 1
    1  580  119   70 40.0 55.0 1
    1 1530   38   21 69.0 78.0 1
    1 2411  166   21 31.0 78.0 1
    1 2447   65   65 57.0 57.0 1
    1  338   97   16 46.0 81.0 1
    1  800   18    5 80.0 87.0 1
    1 2203  143    0 35.0 90.0 1
    1 2043   73    0 54.0 90.0 1
    1 1231  100   87 45.0 49.0 1
    1 1255   90   40 48.0 68.0 1
    1 1411  107    0 43.0 90.0 1
    1 1948   49    0 64.0 90.0 1
    1 1304   87   27 49.0 75.0 1
    1 2862   55   11 61.0 84.0 1
    1  937   58   40 60.0 68.0 1
    1  940   81    0 51.0 90.0 1
    1 2232  166    3 31.0 88.0 1
    1 2277   84   65 50.0 57.0 1
    1 2069   78    0 52.0 90.0 1
    1 1562  138  133 36.0 37.0 1
    1 1317   93   19 47.0 79.0 1
    2 2845   45    3 66.0 88.0 1
    1 1094  166    0 31.0 90.0 1
    1  539   36    0 70.0 90.0 1
    1 2325   51    2 63.0 89.0 1
    1  337  166    0 31.0 90.0 1
    1 2517   78   60 52.0 59.0 1
    1 1262   14    0 82.0 90.0 1
    1  556    9    3 85.0 88.0 1
    1 2201   65   21 57.0 78.0 1
    1 2286  111   97 42.0 46.0 1
    1 2002  148  104 34.0 44.0 1
    1 1665   38   23 69.0 77.0 0
    1 3584    5    0 87.0 90.0 0
    1 2602   27    0 75.0 90.0 1
    1 1649   90   67 48.0 56.0 1
    1 2303   60   47 59.0 65.0 1
    1 1556   21    0 78.0 90.0 1
    1 2137  100    0 45.0 90.0 1
    1 1518  104    0 44.0 90.0 1
    1 1525   19    0 79.0 90.0 1
    1  742   73    0 54.0 90.0 1
    1  538   27   18 75.0 80.0 1
    1 2624  128    0 38.0 90.0 1
    1 3059  111    3 42.0 88.0 1
    1  849  138    0 36.0 90.0 1
    1 1843  100   14 45.0 82.0 1
    1 2521   97   16 46.0 81.0 1
    1  630   78    0 52.0 90.0 1
    1 3508   47   47 65.0 65.0 1
    1 3584   18    0 80.0 90.0 1
    1 2194   16    0 81.0 90.0 1
    1 2468   60    7 59.0 86.0 1
    1 2376   18    0 80.0 90.0 1
    1 2015  111   67 42.0 56.0 1
    1 1913   25    0 76.0 90.0 1
    1 1130   49   21 64.0 78.0 0
    1  925  104  100 44.0 45.0 1
    1  522  133   62 37.0 58.0 1
    1 3503   90    0 48.0 90.0 1
    1 1751  119   36 40.0 70.0 1
    1 2715   73   53 54.0 62.0 1
    1 1667   53   47 62.0 65.0 1
    1 3438   38    0 69.0 90.0 1
    1 1388   23    0 77.0 90.0 1
    1 2344   32    0 72.0 90.0 1
    1 2484  115   16 41.0 81.0 1
    1 2277  100   75 45.0 53.0 1
    1  575   53   32 62.0 72.0 1
    1 3306  128  115 38.0 41.0 1
    1 2638  128    0 38.0 90.0 1
    1  732   70   19 55.0 79.0 1
    1 3370   67    0 56.0 90.0 1
    1 1085   65   47 57.0 65.0 1
    1  322   53    0 62.0 90.0 1
    1 1512  166  111 31.0 42.0 1
    1 2697   51    0 63.0 90.0 1
    1  711  160    0 32.0 90.0 1
    1 1702   78   40 52.0 68.0 1
    1 1966  107  107 43.0 43.0 1
    1 1931  107   62 43.0 58.0 1
    1 1902   84   62 50.0 58.0 0
    1 2565   53   42 62.0 67.0 1
    1 1124   70   70 55.0 55.0 1
    1 2876  160   23 32.0 77.0 1
    1  307  133   19 37.0 79.0 1
    0  607   27   21 75.0 78.0 1
    1 2898   73   18 54.0 80.0 1
    1 2606  111    0 42.0 90.0 1
    1  325  100   27 45.0 75.0 1
    1 2685   38   32 69.0 72.0 1
    1 2462   36   25 70.0 76.0 1
    1  550  143   78 35.0 52.0 1
    1  859   16    0 81.0 90.0 1
    1 1214   51   21 63.0 78.0 1
    1 2503  119   32 40.0 72.0 1
    0 2533   70   49 55.0 64.0 1
    1 1512  154    0 33.0 90.0 1
    1 1346   70   38 55.0 69.0 1
    1 1441   65   21 57.0 78.0 1
    1 2635  154   31 33.0 73.0 1
    2 2462  123    0 39.0 90.0 1
    1 2535   40    0 68.0 90.0 1
    1 1074  133   27 37.0 75.0 1
    1 2776  111   67 42.0 56.0 1
    1 3509   84    0 50.0 90.0 1
    1 2805   53    0 62.0 90.0 1
    1  909   67    0 56.0 90.0 1
    1  564   87   49 49.0 64.0 1
    1 3209    9    0 85.0 90.0 0
    1 1369   70   60 55.0 59.0 1
    1 1022   32    0 72.0 90.0 1
    1 2645   97    0 46.0 90.0 1
    2 3145   70   65 55.0 57.0 1
    1  976   53   19 62.0 79.0 1
    1 1591  148   45 34.0 66.0 1
    1 2510  100    0 45.0 90.0 1
    0 2795  148    0 34.0 90.0 1
    1 1871  119    9 40.0 85.0 1
    1 3156   81   40 51.0 68.0 1
