 200 200 200 123
    1 2089   34   34 71.0 71.0 1
    1  498   78   55 52.0 61.0 1
    1 1765   97    0 46.0 90.0 1
    1 1967  133   55 37.0 61.0 1
    1 2970  104    0 44.0 90.0 0
    1 3251   23   14 77.0 82.0 1
    1 2793   36    2 70.0 89.0 1
    1 2527   60    0 59.0 90.0 1
    1  985  123   65 39.0 57.0 1
    1 1680   84    0 50.0 90.0 1
    1 2330  154  119 33.0 40.0 1
    1 1266   23    0 77.0 90.0 1
    1 3193   18    0 80.0 90.0 0
    1 1965  143  107 35.0 43.0 1
    1 2673   40    0 68.0 90.0 1
    1  549   75   21 53.0 78.0 1
    1 2150   97   42 46.0 67.0 0
    1 1084  123   21 39.0 78.0 1
    1 2133   38    9 69.0 85.0 0
    1  752   55   14 61.0 82.0 1
    1 1152   11    0 84.0 90.0 1
    1 1533   53   45 62.0 66.0 1
    1  923  160   67 32.0 56.0 1
    1 2152  143    2 35.0 89.0 1
    1 1609   51   29 63.0 74.0 1
    1 2245  111    0 42.0 90.0 1
    1  757  119   34 40.0 71.0 1
    1 3519   78   45 52.0 66.0 1
    1  656  143   11 35.0 84.0 1
    1 3547   32    0 72.0 90.0 1
    1 2480   47   40 65.0 68.0 1
    1 1384  173   87 30.0 49.0 1
    1 2173   75   23 53.0 77.0 0
    0 1904  115   51 41.0 63.0 1
    1 1152   51   14 63.0 82.0 1
    1 1601  119   23 40.0 77.0 1
    1  882    7    0 86.0 90.0 1
    1 2251   55    7 61.0 86.0 1
    1 3371  111   19 42.0 79.0 0
    1 1601   90   42 48.0 67.0 1
    1 1794   19    0 79.0 90.0 1
    1 2585   70    0 55.0 90.0 1
    1 2546   45   18 66.0 80.0 1
    1  732  154   18 33.0 80.0 1
    1 3232   93   19 47.0 79.0 1
    1 1872  104   97 44.0 46.0 0
    1  308   11    2 84.0 89.0 1
    2  753   93   34 47.0 71.0 1
    1 3452  115   97 41.0 46.0 1
    1  810  100   36 45.0 70.0 1
    1 2087  100   36 45.0 70.0 0
    1  466   90    9 48.0 85.0 1
    1 3000  166  107 31.0 43.0 1
    1 2444   75    0 53.0 90.0 1
    1 2806  166    0 31.0 90.0 1
    1 2053  111   14 42.0 82.0 1
    1 2103   40   14 68.0 82.0 1
    1 3229   81   14 51.0 82.0 1
    1 1667   93    3 47.0 88.0 1
    1 1083  148   81 34.0 51.0 1
    1 1566   40    0 68.0 90.0 1
    1 2255  138    0 36.0 90.0 1
    1 3585   62   25 58.0 76.0 1
    1 1727  104   42 44.0 67.0 1
    1  750  100    0 45.0 90.0 1
    1 2333    3    0 88.0 90.0 1
    1 3177   49   45 64.0 66.0 1
    1 1302   93   49 47.0 64.0 1
    1 3467   53    0 62.0 90.0 1
    1 1687  138   87 36.0 49.0 1
    1 3016   32   12 72.0 83.0 1
    1 2239  133  115 37.0 41.0 1
    1  721  128    0 38.0 90.0 0
    1 2643   93   38 47.0 69.0 1
    1 2588   12    0 83.0 90.0 1
    1 3114  107    0 43.0 90.0 1
    1 1494  107    0 43.0 90.0 1
    1 3513   62   19 58.0 79.0 1
    1 1006  128    0 38.0 90.0 1
    1 1233   36    0 70.0 90.0 1
    1 2463  166   36 31.0 70.0 1
    1 2851  128    9 38.0 85.0 0
    1 1018  107   58 43.0 60.0 1
    1 3196   97    2 46.0 89.0 1
    1  624  123   49 39.0 64.0 1
    1 2210   67   12 56.0 83.0 1
    1 2469   90   65 48.0 57.0 1
    1 1881   11    0 84.0 90.0 0
    1 2559   40    0 68.0 90.0 1
    1  493   78    0 52.0 90.0 1
    1 2552   58   18 60.0 80.0 1
    1  842   81   65 51.0 57.0 1
    1 3282   19   16 79.0 81.0 1
    1  629  119   38 40.0 69.0 1
    1 2982  115    9 41.0 85.0 1
    1  554   27    0 75.0 90.0 1
    1 2604   87    0 49.0 90.0 1
    1 1064   38   12 69.0 83.0 1
    1 2385  138   40 36.0 68.0 1
    1  476  154    0 33.0 90.0 1
    1 1360   65    0 57.0 90.0 1
    1 2181   40    2 68.0 89.0 1
    1 3393   29   25 74.0 76.0 1
    1 3568  173  160 30.0 32.0 1
    1 1366   25    0 76.0 90.0 1
    1 3453   34    0 71.0 90.0 1
    1 2172   55   21 61.0 78.0 1
    1 1291   14    0 82.0 90.0 1
    1 1690   38    0 69.0 90.0 1
    1 2558   84    0 50.0 90.0 1
    1 2963  133   45 37.0 66.0 1
    1 2996   42   27 67.0 75.0 1
    1 3126   32    3 72.0 88.0 0
    1 2205   81   60 51.0 59.0 1
    1 1680  148  115 34.0 41.0 1
    1 2151  115   78 41.0 52.0 1
    1 2615  154  154 33.0 33.0 1
    1 1698    9    0 85.0 90.0 1
    1  723  119   19 40.0 79.0 1
    1 1497   51    0 63.0 90.0 0
    1 3451    2    2 89.0 89.0 1
    1  633   55   27 61.0 75.0 1
    1 2993   84   11 50.0 84.0 1
    1 3203   93    0 47.0 90.0 1
    1 2578   32    0 72.0 90.0 1
    1 1186  160    0 32.0 90.0 1
    1 2036  111   58 42.0 60.0 1
    1 1165  133    0 37.0 90.0 1
    1 2786  115   75 41.0 53.0 1
    1 1107   87   60 49.0 59.0 1
    1 1218  119   70 40.0 55.0 1
    1 1123   19    0 79.0 90.0 1
    1 3405   51    0 63.0 90.0 0
    1 1557  111   97 42.0 46.0 1
    1  573   19    0 79.0 90.0 1
    1 1841   81   47 51.0 65.0 1
    1 2187    2    0 89.0 90.0 1
    1 3509   40   19 68.0 79.0 1
    1 1880  166  111 31.0 42.0 1
    1 2290  115  104 41.0 44.0 1
    1 1659   60    0 59.0 90.0 1
    1 2433   49   47 64.0 65.0 1
    1 2442   87    5 49.0 87.0 1
    1 1333   18    7 80.0 86.0 1
    1 2535   32   29 72.0 74.0 1
    1 1608  123    0 39.0 90.0 1
    1  949  107   84 43.0 50.0 1
    1 1045   25    0 76.0 90.0 1
    1 1343   87   55 49.0 61.0 1
    1 2411   40    0 68.0 90.0 1
    1  638   14    0 82.0 90.0 1
    1 3490   47    0 65.0 90.0 1
    1  799   62    0 58.0 90.0 0
    1  662   29    0 74.0 90.0 1
    1  521  119    2 40.0 89.0 1
    1 2413   62   45 58.0 66.0 1
    1 2913   19   11 79.0 84.0 1
    1  940  128   65 38.0 57.0 1
    1 1582  160    0 32.0 90.0 1
    1 1309   70   51 55.0 63.0 1
    1 1998  115    0 41.0 90.0 1
    1  708   49    0 64.0 90.0 1
    1 3471   31    0 73.0 90.0 1
    1 1017   70   38 55.0 69.0 1
    1 3483   90    0 48.0 90.0 1
    1 2024    7    0 86.0 90.0 1
    1 1645  128    9 38.0 85.0 1
    1 3240   60    0 59.0 90.0 1
    1 2962   90   23 48.0 77.0 1
    1 2455   90   23 48.0 77.0 1
    1  899   73    2 54.0 89.0 1
    1 1147  104    5 44.0 87.0 1
    1 2950  133    0 37.0 90.0 1
    1  418   65   53 57.0 62.0 1
    1 1741   21    0 78.0 90.0 1
    1 1543   90    0 48.0 90.0 1
    1  582   16    0 81.0 90.0 1
    1 1413   87   12 49.0 83.0 1
    1 2529  100   93 45.0 47.0 1
    1 2967  160   67 32.0 56.0 0
    1 3194   40    0 68.0 90.0 1
    1  940  148    7 34.0 86.0 1
    1 2038   18    9 80.0 85.0 1
    1 2376  154   31 33.0 73.0 1
    1 2015  166    0 31.0 90.0 1
    1 2208   38   36 69.0 70.0 1
    1 2336   42   25 67.0 76.0 1
    1  756   75   58 53.0 60.0 1
    1 2273   78   23 52.0 77.0 1
    1 3597    5    0 87.0 90.0 1
    1 3142   47   29 65.0 74.0 1
    1 1593  166  100 31.0 45.0 1
    1  551   70    3 55.0 88.0 1
    1 3597   21    3 78.0 88.0 1
    1 1019  119   40 40.0 68.0 1
    1 1792  104   49 44.0 64.0 1
    1  504   93   21 47.0 78.0 1
    1  458   29    3 74.0 88.0 1
    1 2606  166   81 31.0 51.0 1
    1 2798   70   12 55.0 83.0 0
