 200 200 200 123
    1 3396  100    0 45.0 90.0 1
    1 3316   42    0 67.0 90.0 1
    1 1585   11    0 84.0 90.0 0
    1 2110  123   58 39.0 60.0 1
    1 2709   70   47 55.0 65.0 1
    1 1115   42    0 67.0 90.0 1
    1 1369   25   11 76.0 84.0 1
    1 2047  160   31 32.0 73.0 1
    1 1092  128  107 38.0 43.0 1
    1 1831   27    3 75.0 88.0 1
    1 2761   81    0 51.0 90.0 1
    1 2905   34    0 71.0 90.0 1
    1 2535   93   87 47.0 49.0 1
    1 2991   31    0 73.0 90.0 1
    1  677   67   36 56.0 70.0 1
    1 1894  133   32 37.0 72.0 1
    1 1457   38   14 69.0 82.0 1
    1 2479  123   16 39.0 81.0 1
    1 2463   58    0 60.0 90.0 1
    1 2825   78   62 52.0 58.0 1
    1 3591   87   25 49.0 76.0 1
    1 3492    5    0 87.0 90.0 0
    1 2604   84    0 50.0 90.0 1
    1 1636   65   32 57.0 72.0 1
    1 2061   16    0 81.0 90.0 1
    1 1112   75   53 53.0 62.0 1
    1 2928   78    7 52.0 86.0 1
    1 3265  154  115 33.0 41.0 1
    1 1861  123   62 39.0 58.0 1
    1 3242   65    0 57.0 90.0 1
    1  801  119   27 40.0 75.0 1
    1 1670   73    2 54.0 89.0 1
    1 2558  154  107 33.0 43.0 1
    1 1461  115   25 41.0 76.0 1
    1  784   23    0 77.0 90.0 1
    1  684  115   36 41.0 70.0 1
    1 2713   11    0 84.0 90.0 1
    1 2018  154    0 33.0 90.0 0
    1  848   60    0 59.0 90.0 1
    1 3232  143    0 35.0 90.0 1
    1 3132   38   16 69.0 81.0 1
    1 1988  133   31 37.0 73.0 1
    1  952  133   31 37.0 73.0 0
    1 1453   47    0 65.0 90.0 1
    1 1101   70    0 55.0 90.0 1
    1 2426  104   49 44.0 64.0 1
    1 3263  123   90 39.0 48.0 1
    1 3196   97   75 46.0 53.0 1
    1  714   25    0 76.0 90.0 1
    1 1121  173   81 30.0 51.0 1
    1 2955   81    0 51.0 90.0 1
    1 2559  133   42 37.0 67.0 1
    1 3234  133  123 37.0 39.0 1
    1 1710   58   51 60.0 63.0 1
    1  892  133   53 37.0 62.0 1
    1 1167   58    0 60.0 90.0 1
    1  970   51   47 63.0 65.0 1
    1 3009  111    0 42.0 90.0 1
    1 3328   67   45 56.0 66.0 0
    1 2116   38    0 69.0 90.0 1
    1 2428  111    2 42.0 89.0 1
    1 2002   49    0 64.0 90.0 0
    1 2152   29   18 74.0 80.0 1
    1 2622   78   32 52.0 72.0 1
    1  316   62   40 58.0 68.0 1
    1 2651  154    0 33.0 90.0 1
    1 1217   60    0 59.0 90.0 1
    1 1757   97   55 46.0 61.0 1
    1 1407  133   42 37.0 67.0 1
    1 2986   75   45 53.0 66.0 1
    1  478   47    0 65.0 90.0 1
    1 2359  166   11 31.0 84.0 1
    1 2549  107  100 43.0 45.0 1
    1 2619   55   31 61.0 73.0 0
    1 1102   97    0 46.0 90.0 1
    1 3175   23    0 77.0 90.0 1
    1  696   55    0 61.0 90.0 0
    1 2336   11    0 84.0 90.0 1
    1  575  123    0 39.0 90.0 0
    1 1229   55    0 61.0 90.0 1
    1 2954  133  115 37.0 41.0 1
    1 2962  154   84 33.0 50.0 1
    1 1811  148  148 34.0 34.0 1
    1 1075   78    0 52.0 90.0 1
    1 1135   47    0 65.0 90.0 1
    1 2872  154    0 33.0 90.0 1
    1 3354   49    0 64.0 90.0 1
    1 1509   51   16 63.0 81.0 1
    1 3499   19    3 79.0 88.0 1
    1  834  100    0 45.0 90.0 1
    1  461   31   19 73.0 79.0 1
    1 3335   45    0 66.0 90.0 1
    1 1380   73    0 54.0 90.0 1
    1  858  100   32 45.0 72.0 1
    1 2926   58   55 60.0 61.0 1
    1 2546   23    0 77.0 90.0 1
    1 1396   73    0 54.0 90.0 1
    1  547   47   12 65.0 83.0 1
    1  574  107   55 43.0 61.0 1
    1  952  148   78 34.0 52.0 1
    1 1542   87    2 49.0 89.0 1
    1 2542  123   51 39.0 63.0 1
    1 2005   36    0 70.0 90.0 1
    1 2480   38   14 69.0 82.0 1
    1 3538    3    0 88.0 90.0 1
    1  551  111    2 42.0 89.0 1
    1 1261   90   81 48.0 51.0 1
    1 2140  138    0 36.0 90.0 1
    1 2930   55   55 61.0 61.0 1
    1 1497   47   23 65.0 77.0 1
    1 1465   84    3 50.0 88.0 0
    1  380   49    0 64.0 90.0 1
    1 1465   53   49 62.0 64.0 1
    1 2943   65    0 57.0 90.0 1
    1 1217   11    0 84.0 90.0 1
    1 2021   67    0 56.0 90.0 1
    1 2815   53    5 62.0 87.0 1
    1 2592   75    0 53.0 90.0 1
    1  517   97    0 46.0 90.0 1
    1 2873   36    3 70.0 88.0 1
    1  627  138  115 36.0 41.0 1
    1 2339   70   42 55.0 67.0 0
    1 3191  166   87 31.0 49.0 1
    1 2559  115   55 41.0 61.0 1
    1 2188  138    0 36.0 90.0 1
    1 2782  107   51 43.0 63.0 1
    1 2446   25    0 76.0 90.0 1
    1 2893  123   14 39.0 82.0 1
    1 3227  160    0 32.0 90.0 1
    1 2065  173  138 30.0 36.0 1
    1 1708  148   53 34.0 62.0 0
    1 2933   84    0 50.0 90.0 1
    1 2886  138   16 36.0 81.0 1
    1 2699  104  104 44.0 44.0 1
    1 2593  104    0 44.0 90.0 0
    1 3541   12    0 83.0 90.0 1
    1 2979  138   49 36.0 64.0 1
    1 1108    5    0 87.0 90.0 1
    1 2351  173   23 30.0 77.0 1
    1 2981   12    0 83.0 90.0 0
    1 3308   34    0 71.0 90.0 1
    1 1747  148    5 34.0 87.0 0
    1  387  100   75 45.0 53.0 1
    1  838  100   53 45.0 62.0 1
    1 3100   87    0 49.0 90.0 1
    1 1108  148    0 34.0 90.0 0
    1  709   18    0 80.0 90.0 1
    1 2113  133   12 37.0 83.0 1
    1 2754  119  111 40.0 42.0 1
    1 2252  143   62 35.0 58.0 1
    1  872  138   40 36.0 68.0 1
    1  937   58   36 60.0 70.0 1
    1 2429   51   14 63.0 82.0 1
    1 3273   14    0 82.0 90.0 1
    1 2285  119    0 40.0 90.0 1
    1 1859  128  104 38.0 44.0 1
    1  805  143    0 35.0 90.0 1
    1 3429   81   65 51.0 57.0 1
    1  440   90    0 48.0 90.0 1
    1 1900  173  138 30.0 36.0 1
    1 3315   53   14 62.0 82.0 1
    1 2516   34    0 71.0 90.0 1
    1 3213   42    0 67.0 90.0 1
    1 2554  115   73 41.0 54.0 1
    1 3569   65   36 57.0 70.0 1
    1 2237   31    0 73.0 90.0 1
    1 2444   90   21 48.0 78.0 1
    1 2034   36    5 70.0 87.0 1
    1  336   73    0 54.0 90.0 1
    1 2000  133   16 37.0 81.0 1
    1 3455  160   23 32.0 77.0 0
    1 1479  133  111 37.0 42.0 1
    1 2726   67   38 56.0 69.0 1
    1 3233  104   70 44.0 55.0 0
    1 2961   51    0 63.0 90.0 1
    1 1619  107   67 43.0 56.0 1
    1 3525  133    0 37.0 90.0 1
    1 1858   11    0 84.0 90.0 1
    1 1011   67   12 56.0 83.0 1
    1 1422    3    0 88.0 90.0 1
    1  378  123    0 39.0 90.0 1
    1 3388   58    0 60.0 90.0 1
    1 2872   38    9 69.0 85.0 1
    1 1706   45    0 66.0 90.0 1
    1 1095   97   60 46.0 59.0 1
    1 2476   40    0 68.0 90.0 1
    1 2244   70    0 55.0 90.0 1
    1 1724   14    0 82.0 90.0 1
    1 2733   55   40 61.0 68.0 1
    1 1567   27    2 75.0 89.0 1
    1  940   40    3 68.0 88.0 1
    1 2218   97    0 46.0 90.0 1
    1 1372   19    7 79.0 86.0 1
    1 3569  166   90 31.0 48.0 1
    1 3435   67    9 56.0 85.0 1
    1 1672  154   31 33.0 73.0 1
    1 1749   51   32 63.0 72.0 1
    1 1911   38    0 69.0 90.0 1
    1  998   38    0 69.0 90.0 1
    1 1162   87   47 49.0 65.0 1
