 200 200 200 123
    1 1931  119    0 40.0 90.0 0
    1  577  160    0 32.0 90.0 1
    1 3385   12    7 83.0 86.0 1
    1 3043   87   45 49.0 66.0 1
    1 3260   75   51 53.0 63.0 1
    1  374   84    0 50.0 90.0 1
    1  581   47   21 65.0 78.0 1
    1 2293   53   49 62.0 64.0 1
    1 1252   55    0 61.0 90.0 1
    1 3501   58    0 60.0 90.0 1
    1 2935  143   67 35.0 56.0 1
    1 2771   60    0 59.0 90.0 0
    1 2622  148   73 34.0 54.0 1
    1 2554   34    0 71.0 90.0 1
    1 1643   45   16 66.0 81.0 1
    1 1280   84   45 50.0 66.0 1
    1  476  173    0 30.0 90.0 1
    2 2884   73   21 54.0 78.0 1
    1  839   31   19 73.0 79.0 1
    1  511   90    0 48.0 90.0 0
    1 1485  128   12 38.0 83.0 1
    1 1911  154   34 33.0 71.0 1
    1 2565   45    0 66.0 90.0 1
    1 1907  138   84 36.0 50.0 1
    1 3303  166    0 31.0 90.0 1
    1 2979  154  111 33.0 42.0 1
    1 2274   60   19 59.0 79.0 1
    1 1772  107   14 43.0 82.0 1
    1 1783   62   32 58.0 72.0 1
    1 3182   49    0 64.0 90.0 1
    1 3017   45    0 66.0 90.0 0
    1 1756   42    0 67.0 90.0 1
    1 1094   78    0 52.0 90.0 1
    1 1027   60   38 59.0 69.0 1
    1 1529   90    2 48.0 89.0 1
    1 1871  100    0 45.0 90.0 1
    1 1564   49   11 64.0 84.0 1
    1 3006   32    0 72.0 90.0 1
    1 3213   60   38 59.0 69.0 1
    1 1123   78   65 52.0 57.0 1
    1 3299   19    0 79.0 90.0 1
    1 2499   93   12 47.0 83.0 1
    1  630   67   31 56.0 73.0 0
    1 1510   47   12 65.0 83.0 1
    1 3263  119  107 40.0 43.0 1
    1  748   90   23 48.0 77.0 1
    1 2325   25    0 76.0 90.0 1
    1 2312  143   55 35.0 61.0 1
    1 1824  133  119 37.0 40.0 1
    1 2199   87    0 49.0 90.0 1
    1 3182   75   21 53.0 78.0 1
    1 2898   93   21 47.0 78.0 0
    1 3040   84   11 50.0 84.0 1
    1 2423   14    0 82.0 90.0 1
    1 3141   67   38 56.0 69.0 1
    1 2887   90   16 48.0 81.0 1
    1 1696  154   14 33.0 82.0 1
    1 1926   93    0 47.0 90.0 0
    1 3150   29   19 74.0 79.0 0
    1 2750  148   23 34.0 77.0 1
    1 2642   18    0 80.0 90.0 1
    1  588   70   42 55.0 67.0 1
    1 2431   32    0 72.0 90.0 1
    1 2128   73    0 54.0 90.0 1
    1 1730  138   31 36.0 73.0 1
    1 3241   73   14 54.0 82.0 1
    1 1452   40   23 68.0 77.0 0
    1 2512  173  128 30.0 38.0 1
    1 2046  148   38 34.0 69.0 0
    1 1279   23   18 77.0 80.0 1
    1 1902   75    0 53.0 90.0 0
    1 2785   90   27 48.0 75.0 1
    1 3149  128   51 38.0 63.0 0
    1 1644  104   84 44.0 50.0 1
    1 2687   97   58 46.0 60.0 1
    1 1060   81    0 51.0 90.0 1
    1 2827  119    0 40.0 90.0 1
    1 2447   40    2 68.0 89.0 1
    1 2252  143    9 35.0 85.0 1
    1  604  111    0 42.0 90.0 1
    1  485  107   62 43.0 58.0 1
    1 3518   29    5 74.0 87.0 1
    1 1551   73   73 54.0 54.0 1
    1 1669   53    0 62.0 90.0 1
    1 2196  166    0 31.0 90.0 1
    1 1473  128  100 38.0 45.0 1
    1 3465   18    0 80.0 90.0 1
    1  466  166   19 31.0 79.0 1
    1 3525  119    7 40.0 86.0 1
    1 3001  123  111 39.0 42.0 1
    1  418   16    0 81.0 90.0 1
    1 2609   55    7 61.0 86.0 1
    1 2267  123    0 39.0 90.0 1
    1 3514   67   19 56.0 79.0 1
    1 2602  104   12 44.0 83.0 1
    1 3481   29    0 74.0 90.0 1
    0 3140  128   93 38.0 47.0 1
    1  919  104  104 44.0 44.0 1
    1 3127   81    0 51.0 90.0 1
    1 1627  173   93 30.0 47.0 1
    1 1958   87   45 49.0 66.0 1
    1 2872  119    0 40.0 90.0 1
    1 1206  148   75 34.0 53.0 1
    1 2711  138  104 36.0 44.0 1
    1 2274   70    0 55.0 90.0 1
    1 3361   87   47 49.0 65.0 1
    1  864   58   25 60.0 76.0 1
    1 2975  160    9 32.0 85.0 1
    1 1540   40    0 68.0 90.0 0
    1 3120  160    0 32.0 90.0 0
    1  506   55    0 61.0 90.0 1
    1 3530  160    0 32.0 90.0 1
    1  598   65    0 57.0 90.0 1
    1 3456   97    0 46.0 90.0 1
    1 3137  138    0 36.0 90.0 1
    1 3080   84   81 50.0 51.0 1
    1 2715   55   29 61.0 74.0 1
    1  551   12   12 83.0 83.0 1
    1  554   81   14 51.0 82.0 1
    1 3577   75   60 53.0 59.0 1
    1 1782   70    0 55.0 90.0 1
    1 2961   90    0 48.0 90.0 1
    1  663   12    0 83.0 90.0 1
    1 3122   31   11 73.0 84.0 1
    1 1664   42   32 67.0 72.0 1
    1  473  111    0 42.0 90.0 1
    1 2037   14    0 82.0 90.0 1
    1 1421   90   14 48.0 82.0 1
    1 3252  100   19 45.0 79.0 1
    1 2083  104   18 44.0 80.0 1
    1 1920   21    2 78.0 89.0 1
    1 2226   90    0 48.0 90.0 1
    1 1211  166  128 31.0 38.0 1
    1 1741   62   31 58.0 73.0 1
    1 2856   27   18 75.0 80.0 1
    1  680  100   81 45.0 51.0 1
    1  737  173   51 30.0 63.0 1
    1  782  166    2 31.0 89.0 1
    1 3001  160  119 32.0 40.0 1
    1 3557  123   62 39.0 58.0 1
    1 2190   93   49 47.0 64.0 1
    1  824   21    0 78.0 90.0 1
    1 3455  143   14 35.0 82.0 1
    1 1092  138    0 36.0 90.0 1
    1 1306   45    0 66.0 90.0 1
    1 2178  100   67 45.0 56.0 1
    1 1220   70   25 55.0 76.0 1
    1 1884   65   36 57.0 70.0 1
    1 1298   65   36 57.0 70.0 1
    1 2893   65   60 57.0 59.0 1
    1 2296   32    0 72.0 90.0 1
    1  944  133    0 37.0 90.0 1
    1 1091  143  133 35.0 37.0 1
    1  895   78   65 52.0 57.0 1
    1 1972  128    0 38.0 90.0 1
    1 1486  128   49 38.0 64.0 0
    1 2751  123    9 39.0 85.0 1
    1 1624  138   53 36.0 62.0 1
    1 1947    5    0 87.0 90.0 0
    1  859   18    0 80.0 90.0 1
    1 1387  133   78 37.0 52.0 1
    1 2216  111   18 42.0 80.0 1
    1 1080   73    0 54.0 90.0 1
    1 3469   93    0 47.0 90.0 1
    1 3383   62   19 58.0 79.0 0
    1 3182   23    0 77.0 90.0 1
    1  374  138    0 36.0 90.0 1
    1 1106  111    0 42.0 90.0 0
    1 2082   42    0 67.0 90.0 1
    1 2977    9    0 85.0 90.0 1
    1 1853   34    0 71.0 90.0 1
    1 2117   36    5 70.0 87.0 1
    1 2525   32   25 72.0 76.0 1
    1 3540   47    0 65.0 90.0 1
    1  486   87   21 49.0 78.0 1
    1 2952  133   97 37.0 46.0 1
    1 3014   36    0 70.0 90.0 1
    1  995   51   47 63.0 65.0 1
    1 1538   84    9 50.0 85.0 1
    1 1833  115   62 41.0 58.0 1
    1 2076   67   12 56.0 83.0 1
    1  964   34   31 71.0 73.0 1
    1 2732  119    0 40.0 90.0 1
    1 1473   42   18 67.0 80.0 1
    1  814  111    0 42.0 90.0 0
    1 2177   32   19 72.0 79.0 1
    1 1760   11    9 84.0 85.0 1
    1 1329   67   23 56.0 77.0 1
    1 1511  148   31 34.0 73.0 1
    1 2244    2    0 89.0 90.0 1
    1 2171   51    0 63.0 90.0 1
    1 1004   49    0 64.0 90.0 1
    1 1899  138   40 36.0 68.0 1
    1 2904   70    2 55.0 89.0 1
    1 2574  154   73 33.0 54.0 1
    1 2814   29   16 74.0 81.0 1
    1 1338  173   27 30.0 75.0 1
    1 1967   16    0 81.0 90.0 1
    1 3312   11    0 84.0 90.0 1
    1 1057   31    3 73.0 88.0 1
