 200 200 200 123
    1 2928  166   18 31.0 80.0 1
    1 1987   21    0 78.0 90.0 1
    1 2709   19    0 79.0 90.0 1
    1 2309  100    0 45.0 90.0 1
    1 1578  107    0 43.0 90.0 1
    1 1709   70    0 55.0 90.0 1
    1 1231  104   32 44.0 72.0 1
    0 1645  166   27 31.0 75.0 1
    1 1395    9    0 85.0 90.0 1
    1  742  111   62 42.0 58.0 1
    1 3406   47    0 65.0 90.0 1
    1  960  160  148 32.0 34.0 1
    1 1305  123   49 39.0 64.0 1
    1 1482   29   21 74.0 78.0 1
    1 3455   65    2 57.0 89.0 1
    1 3457   73   31 54.0 73.0 1
    1 3409   75   21 53.0 78.0 1
    1 1042  123    0 39.0 90.0 1
    1 1018  133   75 37.0 53.0 1
    1 1629  107   93 43.0 47.0 1
    1  408  128   67 38.0 56.0 1
    1 2404  128   21 38.0 78.0 1
    1 3457   87   87 49.0 49.0 1
    1 1027   36    0 70.0 90.0 1
    1 1497   84    0 50.0 90.0 1
    1 1832  104    2 44.0 89.0 1
    1 2346  111   11 42.0 84.0 1
    1 3001   90   23 48.0 77.0 1
    1 2175  160    0 32.0 90.0 1
    1 2933   40    0 68.0 90.0 1
    1 1691  128    0 38.0 90.0 1
    1 2916   78   70 52.0 55.0 1
    1 2733    7    0 86.0 90.0 1
    1 1720   73    0 54.0 90.0 1
    1 3352   23    7 77.0 86.0 0
    1  538   36    0 70.0 90.0 1
    1 2891   23   23 77.0 77.0 1
    1  847  115   31 41.0 73.0 1
    1  625   16    0 81.0 90.0 1
    1 2754   58    0 60.0 90.0 1
    1 2874   84   45 50.0 66.0 1
    1 1881   49    0 64.0 90.0 1
    1 1252   93   90 47.0 48.0 1
    1 3064   70   60 55.0 59.0 1
    1 1364  173  128 30.0 38.0 1
    1 2337   93   93 47.0 47.0 1
    1 3420  115    9 41.0 85.0 1
    1 2470  173  133 30.0 37.0 1
    1 1811   78   47 52.0 65.0 1
    1 3246  148  123 34.0 39.0 1
    1 1245  148   62 34.0 58.0 1
    1 1847  100   67 45.0 56.0 1
    1 2331   32    0 72.0 90.0 1
    1 2537   16    0 81.0 90.0 1
    1 1000   81    0 51.0 90.0 1
    1  396   70    0 55.0 90.0 1
    1 2965  115    7 41.0 86.0 0
    1 2626  166    7 31.0 86.0 1
    1 1282  166   84 31.0 50.0 0
    1  411  148   23 34.0 77.0 1
    1 1882   27    0 75.0 90.0 1
    1 1248   18    0 80.0 90.0 1
    1 1186   60   18 59.0 80.0 1
    1 2605  128    0 38.0 90.0 1
    2  447  104   67 44.0 56.0 1
    1  679  128   18 38.0 80.0 1
    1 2909  115  115 41.0 41.0 1
    1 2659  143    0 35.0 90.0 1
    1 3174  173    0 30.0 90.0 1
    1 1849  138   51 36.0 63.0 1
    1 2824  104    0 44.0 90.0 1
    1 1532   67   32 56.0 72.0 1
    1 2514  133  100 37.0 45.0 1
    1 3094   70   62 55.0 58.0 0
    1  906  143   12 35.0 83.0 0
    1 2986   75    0 53.0 90.0 1
    2  388  100   81 45.0 51.0 1
    1 1704  115  107 41.0 43.0 1
    1 1776   90    0 48.0 90.0 1
    1 1543  133  119 37.0 40.0 1
    1 2023  148   12 34.0 83.0 1
    1 2785   97   40 46.0 68.0 1
    1 2097   97    0 46.0 90.0 1
    1  774  143   38 35.0 69.0 1
    1  366   90   47 48.0 65.0 1
    1  764   40    5 68.0 87.0 1
    1 3392  143   49 35.0 64.0 1
    1 3181   53    0 62.0 90.0 1
    1 3266   90    0 48.0 90.0 1
    1  514  115   25 41.0 76.0 1
    1 3549    7    0 86.0 90.0 1
    1 1284  166   93 31.0 47.0 1
    0 2858    9    0 85.0 90.0 0
    1  761   29    0 74.0 90.0 1
    1 2936  128   58 38.0 60.0 1
    1 2612   84   42 50.0 67.0 1
    1 2305  115   12 41.0 83.0 1
    1  795   70    0 55.0 90.0 1
    1 1341  133    2 37.0 89.0 1
    1 3471   67   29 56.0 74.0 1
    1  909  148   75 34.0 53.0 1
    1 3418   93    0 47.0 90.0 1
    1 3203   78    0 52.0 90.0 1
    1 1031   40    0 68.0 90.0 1
    1 1201   23    2 77.0 89.0 1
    1 2360  166  148 31.0 34.0 1
    1 1092  100   34 45.0 71.0 1
    1  312   60   16 59.0 81.0 1
    1 2086  148   53 34.0 62.0 1
    1 2281   60    0 59.0 90.0 1
    1  622   75   18 53.0 80.0 1
    1 2927   53    0 62.0 90.0 1
    1 2225  160   27 32.0 75.0 1
    1 2501  160   84 32.0 50.0 1
    1  949   34   23 71.0 77.0 1
    1 1747   70   40 55.0 68.0 1
    1 2094   97   19 46.0 79.0 0
    1 3390   51   42 63.0 67.0 1
    0 1364   23   18 77.0 80.0 1
    1 2437  100   32 45.0 72.0 1
    1 3245  119   60 40.0 59.0 1
    1  785    7    0 86.0 90.0 1
    1 2638   32   29 72.0 74.0 1
    1 2279   78   62 52.0 58.0 1
    1  445   45    0 66.0 90.0 1
    1  983   42    0 67.0 90.0 1
    1 2201   45   45 66.0 66.0 1
    1 2558   19    5 79.0 87.0 1
    2 2703   93   21 47.0 78.0 1
    1 3266  100   38 45.0 69.0 1
    1 2268   84   81 50.0 51.0 1
    1 2286   47   31 65.0 73.0 0
    1 3040   75   29 53.0 74.0 0
    1 3384   27   27 75.0 75.0 1
    1 1098  173   75 30.0 53.0 1
    1 1468  123    2 39.0 89.0 1
    1 2817   38    0 69.0 90.0 1
    1 2657  115   18 41.0 80.0 1
    1  543   55   40 61.0 68.0 1
    1 2971  115  100 41.0 45.0 1
    1 2491   65   45 57.0 66.0 1
    1 1094  107   62 43.0 58.0 1
    1  614  128   87 38.0 49.0 1
    1  391   78   16 52.0 81.0 1
    1 2979  115   84 41.0 50.0 1
    1 2690   29   27 74.0 75.0 1
    1  685   97    5 46.0 87.0 1
    1  939   31   19 73.0 79.0 1
    1  512   97    0 46.0 90.0 1
    1  895  148   45 34.0 66.0 0
    1 3564  104    2 44.0 89.0 1
    1 1922  119   60 40.0 59.0 1
    1 3542   90   47 48.0 65.0 1
    1  387   60    0 59.0 90.0 1
    1 2603   73    0 54.0 90.0 0
    1 2688  107   29 43.0 74.0 1
    1 2666   25   21 76.0 78.0 1
    1 1295   78   31 52.0 73.0 1
    1 2178   45   25 66.0 76.0 1
    1  577   75    0 53.0 90.0 1
    1  371   58    7 60.0 86.0 1
    1 3408  104  104 44.0 44.0 0
    1 1807   78   19 52.0 79.0 1
    1 2151   67    0 56.0 90.0 0
    1 1520   87    9 49.0 85.0 1
    1  896   12    0 83.0 90.0 1
    1 3102   75    0 53.0 90.0 1
    1 3054   18    0 80.0 90.0 0
    1 1180   53    5 62.0 87.0 1
    1 2446   78    0 52.0 90.0 1
    1 2995  133   87 37.0 49.0 1
    1 2281   84    0 50.0 90.0 1
    1  763    5    0 87.0 90.0 1
    1  560  166    0 31.0 90.0 1
    1 1629   97   49 46.0 64.0 1
    1 2586  143  100 35.0 45.0 1
    1 3432   78   14 52.0 82.0 1
    1 2907  111   27 42.0 75.0 1
    1 1688   67   45 56.0 66.0 1
    1 1210   29    0 74.0 90.0 1
    1 1354   62   21 58.0 78.0 1
    1 2464   11    0 84.0 90.0 1
    2  469  104   32 44.0 72.0 0
    1 3284   62   60 58.0 59.0 1
    1 1709   65    0 57.0 90.0 1
    1  756  143    0 35.0 90.0 1
    1 2558    5    0 87.0 90.0 1
    1 1435  166   38 31.0 69.0 1
    1 3560  154  115 33.0 41.0 1
    1 2829   42   11 67.0 84.0 1
    0 2471  115  111 41.0 42.0 1
    1  788   97   11 46.0 84.0 1
    1 2875   75   58 53.0 60.0 0
    1 2620   84   36 50.0 70.0 1
    1 3457  107   55 43.0 61.0 1
    1  831  115    0 41.0 90.0 1
    1 2620   93    0 47.0 90.0 1
    1 2234   36    0 70.0 90.0 1
    1 2322  107   19 43.0 79.0 1
    1 2746   58   12 60.0 83.0 1
