 200 200 200 123
    1 3398   51   14 63.0 82.0 1
    1 3315   53    0 62.0 90.0 1
    1 3344   40   16 68.0 81.0 1
    1 2203   87    0 49.0 90.0 1
    1 2025   70   70 55.0 55.0 1
    1 2575   97    0 46.0 90.0 1
    1 3596  148  138 34.0 36.0 1
    1 2421   16    3 81.0 88.0 1
    1 1110   38   19 69.0 79.0 1
    1 3199  160   51 32.0 63.0 0
    1 2347   31    0 73.0 90.0 1
    1 2375   21   14 78.0 82.0 1
    1 2198  111   27 42.0 75.0 1
    1  985   90   65 48.0 57.0 1
    1 2112   12    0 83.0 90.0 1
    1 1372  128   12 38.0 83.0 1
    1 3569  166    0 31.0 90.0 0
    1 2728   18    7 80.0 86.0 1
    1  421  104   93 44.0 47.0 1
    1 1337  154  104 33.0 44.0 1
    1 1941   21    9 78.0 85.0 1
    1 2874  123    0 39.0 90.0 0
    1 2952   55   45 61.0 66.0 1
    1 2630   67    0 56.0 90.0 1
    1  698   62   45 58.0 66.0 1
    1 1918   23    0 77.0 90.0 1
    1 3309  100   58 45.0 60.0 0
    1 3309  160  123 32.0 39.0 1
    1  618  100   16 45.0 81.0 1
    1 1595  123  119 39.0 40.0 1
    1 2541   29   18 74.0 80.0 1
    1 2441  143    0 35.0 90.0 1
    1 3298   29    0 74.0 90.0 1
    1 1037   23    7 77.0 86.0 1
    1 1127   11    0 84.0 90.0 1
    1 3542  115   51 41.0 63.0 1
    1 2361    7    0 86.0 90.0 1
    1 1505  138   93 36.0 47.0 1
    1  491   51    9 63.0 85.0 1
    1  343   84   40 50.0 68.0 1
    1 2864  133   53 37.0 62.0 1
    1 1842   36    0 70.0 90.0 1
    1 1988   58    0 60.0 90.0 1
    1 2566   42    0 67.0 90.0 1
    1 1029  128    0 38.0 90.0 1
    1 1574  166   73 31.0 54.0 1
    1 3395  104   21 44.0 78.0 1
    1 2196   23    0 77.0 90.0 1
    1 3061  111   42 42.0 67.0 1
    1 3187   38   14 69.0 82.0 1
    1 1202  143    0 35.0 90.0 1
    1 3266   81    0 51.0 90.0 1
    1 2781  104   84 44.0 50.0 1
    1 1313  160   16 32.0 81.0 1
    1 1277   60   53 59.0 62.0 1
    1 3402   84    2 50.0 89.0 1
    1 2369  154   78 33.0 52.0 1
    1 2721   60   40 59.0 68.0 1
    1 1459   27    0 75.0 90.0 1
    1 3554   87   84 49.0 50.0 1
    1 3432   36    0 70.0 90.0 1
    1 1694   47   29 65.0 74.0 1
    1 2359   97    0 46.0 90.0 1
    1 1033   97    7 46.0 86.0 1
    1  404  100   81 45.0 51.0 1
    1 3146  104   67 44.0 56.0 1
    1 2192   49   47 64.0 65.0 1
    1 2850   40   31 68.0 73.0 1
    1  795  160  143 32.0 35.0 1
    1 3230   78   60 52.0 59.0 1
    1 2057   87    0 49.0 90.0 1
    1 3155   90    0 48.0 90.0 1
    1 2926  148    0 34.0 90.0 1
    1 1420   53    0 62.0 90.0 1
    1 2587  166  123 31.0 39.0 1
    1 1236  148   73 34.0 54.0 1
    1 3503   25    0 76.0 90.0 1
    1  314  100    5 45.0 87.0 1
    1 1842   67    0 56.0 90.0 1
    1 2297  107   47 43.0 65.0 1
    1 2634   93    9 47.0 85.0 1
    1 1248   55    0 61.0 90.0 0
    1 1642  111   36 42.0 70.0 1
    1 2948   18    0 80.0 90.0 1
    1 2357  104   31 44.0 73.0 1
    1  690  123   19 39.0 79.0 1
    1 1987   32    0 72.0 90.0 1
    1 2745  128    0 38.0 90.0 1
    1  561   70   40 55.0 68.0 1
    1 2147   32   16 72.0 81.0 1
    1 2490   49    0 64.0 90.0 1
    1 1766   75   12 53.0 83.0 0
    1 2971  115   58 41.0 60.0 1
    1 1024  115   49 41.0 64.0 0
    1 2615   11    2 84.0 89.0 0
    1 2871   21    3 78.0 88.0 1
    1 1723   67   32 56.0 72.0 1
    1 3514   58   18 60.0 80.0 1
    1 1567  107   27 43.0 75.0 1
    1  402   87   47 49.0 65.0 1
    1  529   23   19 77.0 79.0 1
    1 3215  100    0 45.0 90.0 1
    1 2747   31    0 73.0 90.0 1
    1 1518   49    0 64.0 90.0 1
    1 2755   87    0 49.0 90.0 1
    1 1193   11    0 84.0 90.0 1
    1 2693   70   40 55.0 68.0 1
    1 2422  138   45 36.0 66.0 1
    1 2015  173    0 30.0 90.0 1
    1 1345  128    0 38.0 90.0 1
    1 1996   81    0 51.0 90.0 0
    1 2560   62   47 58.0 65.0 1
    1 1586  133   16 37.0 81.0 1
    1  374   70   32 55.0 72.0 1
    1 1401   53   45 62.0 66.0 1
    1 3336    3    0 88.0 90.0 1
    1 3155  154   40 33.0 68.0 1
    1 3022   21    0 78.0 90.0 1
    1 2572   31   18 73.0 80.0 1
    1 1558  166   47 31.0 65.0 1
    1 2453  111    0 42.0 90.0 1
    1 2367   19   11 79.0 84.0 1
    1 1877   19    0 79.0 90.0 0
    1 1742   42    0 67.0 90.0 1
    1 2206  166  119 31.0 40.0 1
    1 2557  100   14 45.0 82.0 1
    1 2752  104    0 44.0 90.0 1
    1 2213   90   29 48.0 74.0 1
    1 1427   93   45 47.0 66.0 1
    1 2420   70   12 55.0 83.0 1
    1 2870  100   97 45.0 46.0 0
    1  422   62    0 58.0 90.0 1
    1  982   84   34 50.0 71.0 1
    1  635  111   25 42.0 76.0 1
    1 2797  148    3 34.0 88.0 1
    1 3567   81    0 51.0 90.0 0
    1 2847  160    0 32.0 90.0 1
    1 1185   36    0 70.0 90.0 1
    1  441   78    0 52.0 90.0 1
    1 1577   18    0 80.0 90.0 1
    1 1397   75   31 53.0 73.0 1
    1 2956   93    0 47.0 90.0 1
    1 2690   70    0 55.0 90.0 1
    1  936   93    0 47.0 90.0 1
    1 2208  107  107 43.0 43.0 1
    1 2599   25   18 76.0 80.0 1
    1 2386    7    0 86.0 90.0 1
    1 2071  166   12 31.0 83.0 1
    1 1616  160   40 32.0 68.0 1
    1 1513   38    0 69.0 90.0 1
    1  418  148    0 34.0 90.0 1
    1 2947  154   38 33.0 69.0 1
    1  763   70    0 55.0 90.0 1
    1 3066   97    9 46.0 85.0 1
    1 2155   73    7 54.0 86.0 1
    1 3417   49    0 64.0 90.0 1
    1  936    2    0 89.0 90.0 1
    1  991   62   25 58.0 76.0 1
    1  611   21    0 78.0 90.0 1
    1  684   34   32 71.0 72.0 1
    1 3148   62    0 58.0 90.0 1
    1 3051   53    0 62.0 90.0 1
    1 1490   97    0 46.0 90.0 0
    1  460  128   60 38.0 59.0 1
    1 2852   81   18 51.0 80.0 1
    1 1437   51    0 63.0 90.0 1
    1 1107  148   25 34.0 76.0 1
    1 2430  154    0 33.0 90.0 1
    1 1766   18   12 80.0 83.0 1
    1 1610  128  123 38.0 39.0 1
    1 2551   21    3 78.0 88.0 1
    1 1900    9    0 85.0 90.0 1
    1  384   18    7 80.0 86.0 1
    1 3355    9    0 85.0 90.0 1
    1 2535  154   97 33.0 46.0 1
    1 3027  166    0 31.0 90.0 1
    1 1238   78    0 52.0 90.0 0
    1 3341  128    0 38.0 90.0 0
    1 3510  123   49 39.0 64.0 1
    1  950  133   40 37.0 68.0 0
    1 1988    3    0 88.0 90.0 1
    1  661  128   12 38.0 83.0 1
    1  466  119    0 40.0 90.0 1
    1 2715   51   29 63.0 74.0 1
    1 1679  111   70 42.0 55.0 1
    1 3271  100    7 45.0 86.0 1
    1 1433  166    0 31.0 90.0 1
    1 3019  154   73 33.0 54.0 1
    1 2736   18    0 80.0 90.0 1
    1  671   25    3 76.0 88.0 1
    1 2260   55    0 61.0 90.0 1
    1  570   38    0 69.0 90.0 1
    1 2469  123    0 39.0 90.0 1
    1 2953   75   65 53.0 57.0 1
    1 2806   70    0 55.0 90.0 1
    1 3564   40    0 68.0 90.0 1
    1 2871   67    0 56.0 90.0 1
    1  873   93   60 47.0 59.0 1
    1 1276  166   75 31.0 53.0 1
    1 2926  160    0 32.0 90.0 0
