 200 200 200 123
    1 1272   87    0 49.0 90.0 1
    1  963  160    0 32.0 90.0 1
    1 1427  143    0 35.0 90.0 1
    1 3208  173  115 30.0 41.0 1
    1 3475   49   27 64.0 75.0 0
    1 1587   47    7 65.0 86.0 1
    1 2802   93    0 47.0 90.0 1
    1 3121   58   21 60.0 78.0 1
    1 2700   93    0 47.0 90.0 1
    1 2301   16    0 81.0 90.0 1
    1 1205   27    0 75.0 90.0 1
    1  350  143   27 35.0 75.0 1
    1 1022   87    0 49.0 90.0 1
    1 3278   45    0 66.0 90.0 1
    1 2601  123   81 39.0 51.0 1
    1 1059  133  107 37.0 43.0 1
    1 3505   14    0 82.0 90.0 1
    1 1678  143   11 35.0 84.0 1
    1 3311   78   47 52.0 65.0 1
    1 1638   67    0 56.0 90.0 1
    1 3086  166  107 31.0 43.0 1
    1 1239    9    0 85.0 90.0 1
    1 1391   55   11 61.0 84.0 1
    1 1625   58   25 60.0 76.0 1
    1  402   90   58 48.0 60.0 1
    1  509   31   21 73.0 78.0 1
    1 3342  148   67 34.0 56.0 1
    1 1513   81   11 51.0 84.0 1
    1 1078  160    0 32.0 90.0 1
    1  330   97    7 46.0 86.0 1
    1 2134   19    0 79.0 90.0 1
    1 2865  143    7 35.0 86.0 1
    1 2438  166    0 31.0 90.0 1
    1 1337   55   45 61.0 66.0 1
    1 2621   40    0 68.0 90.0 1
    1 3394   47    0 65.0 90.0 1
    1 2753   73   19 54.0 79.0 1
    1 1007   67    0 56.0 90.0 0
    1  872   97    0 46.0 90.0 1
    1 1040   51    0 63.0 90.0 1
    1 1287   18    0 80.0 90.0 0
    1 1122  148  111 34.0 42.0 1
    1 1347  128    0 38.0 90.0 1
    1 1859   25    0 76.0 90.0 1
    1  857   60   58 59.0 60.0 1
    1 1577  100   31 45.0 73.0 1
    1 2473   97   19 46.0 79.0 1
    1 1768  160    0 32.0 90.0 0
    1 2438   93   19 47.0 79.0 1
    1  822   73   27 54.0 75.0 1
    1 3168   81   31 51.0 73.0 1
    1 3492   47    0 65.0 90.0 1
    1 1296  138   36 36.0 70.0 1
    1 2278  160    0 32.0 90.0 1
    1 2130  166    0 31.0 90.0 1
    1 2723   11    0 84.0 90.0 1
    1 2963  138   73 36.0 54.0 1
    1 3028    9    0 85.0 90.0 1
    1 1906   19    0 79.0 90.0 1
    1 2029   38    0 69.0 90.0 1
    1 1381   60   60 59.0 59.0 1
    1 1624  133   34 37.0 71.0 0
    1 1644   81   31 51.0 73.0 1
    1 2700   34   31 71.0 73.0 1
    1 2224   84   67 50.0 56.0 0
    1 2211    3    0 88.0 90.0 1
    1 3041   70   40 55.0 68.0 1
    1  388  154   25 33.0 76.0 1
    1 3193  123   87 39.0 49.0 1
    1  570   51   25 63.0 76.0 1
    1 2693   47   45 65.0 66.0 1
    1 2833  138    7 36.0 86.0 1
    1 1807  173   87 30.0 49.0 1
    1 1352  148   16 34.0 81.0 1
    1 1303  123   62 39.0 58.0 1
    1  984   23    5 77.0 87.0 1
    1 2670  160    0 32.0 90.0 1
    1 1242  104   34 44.0 71.0 1
    1 1272   31    0 73.0 90.0 0
    1 3320   12    0 83.0 90.0 1
    1 3183  154    0 33.0 90.0 1
    1 1679   18    0 80.0 90.0 1
    1  425  107    2 43.0 89.0 1
    1 2272   16    2 81.0 89.0 1
    1 1260   55   31 61.0 73.0 1
    1  572  148   53 34.0 62.0 1
    1  923  173   23 30.0 77.0 1
    1 2017  107   32 43.0 72.0 1
    1 1540   84   25 50.0 76.0 1
    1 3020  160   40 32.0 68.0 1
    1  509   97   40 46.0 68.0 1
    1 3032  111   81 42.0 51.0 1
    1 2124   53    0 62.0 90.0 1
    1  353   19    0 79.0 90.0 1
    1 2318   29    0 74.0 90.0 0
    1 1361    5    0 87.0 90.0 1
    1 3412   11    0 84.0 90.0 1
    1 1189   78    0 52.0 90.0 1
    1 2300  160   42 32.0 67.0 1
    1 1172   58    0 60.0 90.0 1
    1  918   93   27 47.0 75.0 1
    1 3456  128   62 38.0 58.0 1
    1  537   84   12 50.0 83.0 1
    1 1526  128    0 38.0 90.0 1
    1 2094  128   23 38.0 77.0 1
    1 2763   78   55 52.0 61.0 1
    1 2440   78    0 52.0 90.0 1
    1 2342   16    0 81.0 90.0 1
    1 2489  154   55 33.0 61.0 1
    1  580   36    0 70.0 90.0 0
    1 3381   93    0 47.0 90.0 1
    1 1869   78   51 52.0 63.0 1
    1 1666  160  123 32.0 39.0 1
    1 1192  154   40 33.0 68.0 1
    1 1358  123    0 39.0 90.0 1
    1 2315  133   23 37.0 77.0 1
    1 1765   60    2 59.0 89.0 1
    1 1724   78    0 52.0 90.0 1
    1  443   55   21 61.0 78.0 1
    1 1186   73   36 54.0 70.0 1
    1 3425   81   53 51.0 62.0 1
    1 2625  148   14 34.0 82.0 1
    1 3497   58    0 60.0 90.0 0
    1  775  107   25 43.0 76.0 1
    1 1292   38    0 69.0 90.0 1
    1 3391  128    0 38.0 90.0 1
    1 2856   18    0 80.0 90.0 1
    1 2572   73   18 54.0 80.0 1
    1 1198   84    0 50.0 90.0 1
    1 1817   62   21 58.0 78.0 1
    1  817  143    0 35.0 90.0 1
    1 1090   62   38 58.0 69.0 0
    1 3411   78    0 52.0 90.0 1
    1 1056  119   25 40.0 76.0 1
    1 2352  133   42 37.0 67.0 1
    1 1195   36   32 70.0 72.0 1
    1  925   62   14 58.0 82.0 1
    1 1288  100    0 45.0 90.0 0
    1 1725   29    5 74.0 87.0 1
    1  503   97    0 46.0 90.0 0
    1 1323   73   51 54.0 63.0 0
    1 3259   53   23 62.0 77.0 1
    1 1584  148   81 34.0 51.0 1
    1 1933  143   47 35.0 65.0 1
    1  890  154   67 33.0 56.0 1
    1 1570  143   45 35.0 66.0 0
    1 3265   18    0 80.0 90.0 1
    1  559   67    0 56.0 90.0 1
    1 2943   27    9 75.0 85.0 1
    1 3244   87   55 49.0 61.0 1
    1 3262   34    2 71.0 89.0 0
    1 1805  100   84 45.0 50.0 1
    1 1636  107    9 43.0 85.0 1
    1 1907   65   11 57.0 84.0 1
    1 2701  154   19 33.0 79.0 0
    1  479   45    9 66.0 85.0 1
    1 3100   84    0 50.0 90.0 1
    1 3525   14    7 82.0 86.0 1
    1 2066   81   62 51.0 58.0 1
    1  387   21    7 78.0 86.0 0
    1 2010  100   21 45.0 78.0 1
    1 2888  138    0 36.0 90.0 1
    1  335   49    0 64.0 90.0 1
    1  780   40    0 68.0 90.0 0
    1 1990  133   32 37.0 72.0 1
    1 3462  100   19 45.0 79.0 0
    1 2755   32   18 72.0 80.0 1
    1 1260   58   38 60.0 69.0 1
    1  920    2    0 89.0 90.0 1
    1 1007   53   19 62.0 79.0 0
    1 2699   45   11 66.0 84.0 1
    1 1151  100   11 45.0 84.0 0
    1  998   93   38 47.0 69.0 1
    1 1009  119    0 40.0 90.0 1
    1 1764  166    0 31.0 90.0 1
    1 3010  166    0 31.0 90.0 0
    1 2539   32    5 72.0 87.0 1
    1 1311   53    0 62.0 90.0 1
    1 2323   65   11 57.0 84.0 1
    1 2036  166  166 31.0 31.0 1
    1  550   53   11 62.0 84.0 1
    1 2829   47   16 65.0 81.0 1
    1  913  119   12 40.0 83.0 1
    1 2169   87   47 49.0 65.0 1
    1 1985   90   47 48.0 65.0 1
    1 3472   60    0 59.0 90.0 1
    1 3579   65   40 57.0 68.0 1
    1 1551   90    0 48.0 90.0 1
    1 3238   73   29 54.0 74.0 1
    1 1491  115   70 41.0 55.0 1
    1 1555   42    0 67.0 90.0 0
    1  873   58   23 60.0 77.0 1
    1 3279   40   16 68.0 81.0 1
    1 3036  160   25 32.0 76.0 1
    1 3422   60    0 59.0 90.0 1
    1 2262   75    0 53.0 90.0 1
    1  744   18    3 80.0 88.0 1
    1  473   58    0 60.0 90.0 1
    1 2982   84    0 50.0 90.0 1
    1  963  119   73 40.0 54.0 1
