 200 200 200 123
    1 3223  100   81 45.0 51.0 1
    1 2723   47    0 65.0 90.0 1
    1 2789  115   55 41.0 61.0 1
    1 2544   21    0 78.0 90.0 1
    1 1067   70    0 55.0 90.0 1
    1 2652   84    0 50.0 90.0 1
    1 2337   78    0 52.0 90.0 1
    2 3262    9    0 85.0 90.0 1
    1  992  138   55 36.0 61.0 1
    1 2309  100   11 45.0 84.0 1
    1 2469   93   60 47.0 59.0 1
    1 2710   78   70 52.0 55.0 1
    1 2481   93   70 47.0 55.0 1
    2 1233  173  111 30.0 42.0 1
    1  587  166    0 31.0 90.0 1
    1 1819   70    0 55.0 90.0 1
    1 2286  123   87 39.0 49.0 1
    0  764  104   34 44.0 71.0 1
    1 1483   36   25 70.0 76.0 1
    1  833  123   25 39.0 76.0 1
    1 2456   34    0 71.0 90.0 1
    1 1619   75   31 53.0 73.0 1
    1 2416  128    0 38.0 90.0 1
    1 3404  160  133 32.0 37.0 1
    1  822   12    0 83.0 90.0 1
    1 2679   21    0 78.0 90.0 1
    1  970  123   23 39.0 77.0 1
    1 3175  173    2 30.0 89.0 1
    1 1986   53    0 62.0 90.0 1
    1 2204  148    0 34.0 90.0 1
    1 1586   31    0 73.0 90.0 1
    1  756  148   58 34.0 60.0 1
    1  523   93   65 47.0 57.0 1
    1 2105  143   93 35.0 47.0 0
    1 1770  111   32 42.0 72.0 1
    1 1310   55    0 61.0 90.0 1
    1 1375   73   60 54.0 59.0 1
    1  618   51   31 63.0 73.0 1
    1 2712  107   34 43.0 71.0 1
    1  513   62   12 58.0 83.0 1
    1 1817  107   11 43.0 84.0 0
    1 1666  111    7 42.0 86.0 1
    1 1370   42   42 67.0 67.0 1
    1  499   47   19 65.0 79.0 1
    1 3570  154    0 33.0 90.0 1
    1  835  128    0 38.0 90.0 1
    1  435   27    0 75.0 90.0 1
    1 3312   29    0 74.0 90.0 1
    1 3563   53    0 62.0 90.0 1
    1 3087   84   18 50.0 80.0 0
    1 2646   58   18 60.0 80.0 0
    1 1892  115   87 41.0 49.0 1
    1  705   23    0 77.0 90.0 1
    1 2010   25    0 76.0 90.0 1
    1  982   60    0 59.0 90.0 1
    1 2277   75    0 53.0 90.0 1
    1  709  128   38 38.0 69.0 1
    1 3312   12    0 83.0 90.0 1
    1 2630   73    0 54.0 90.0 1
    1 3304   38    0 69.0 90.0 1
    1  396   40    0 68.0 90.0 1
    1 2708  115   11 41.0 84.0 1
    1 1068   97   36 46.0 70.0 1
    1  767  160   12 32.0 83.0 1
    1 1339  173   16 30.0 81.0 1
    1 1638   81    0 51.0 90.0 1
    1 1280   67   47 56.0 65.0 1
    1  680   87   65 49.0 57.0 1
    1 3496  160   14 32.0 82.0 1
    1  565   87    0 49.0 90.0 1
    1 3288  104   12 44.0 83.0 1
    1  418  128   29 38.0 74.0 1
    1 2312  173    2 30.0 89.0 1
    1 2723  107   47 43.0 65.0 1
    0  900   67   55 56.0 61.0 1
    1 2993   97   81 46.0 51.0 1
    1  345   53    0 62.0 90.0 1
    1 3403  100    0 45.0 90.0 1
    1  484   87   27 49.0 75.0 1
    1  787   62    0 58.0 90.0 1
    1  872   12    0 83.0 90.0 1
    1 3373   16    0 81.0 90.0 1
    1 3330   67    2 56.0 89.0 1
    1 1936  123   87 39.0 49.0 1
    1 1939   55    9 61.0 85.0 1
    1  770  100    0 45.0 90.0 1
    1 2444  100   47 45.0 65.0 1
    1 2582  107   47 43.0 65.0 1
    1 1847   12    9 83.0 85.0 0
    1 3038   67    0 56.0 90.0 1
    1 1317   58    0 60.0 90.0 1
    1 3446  128   11 38.0 84.0 1
    1 2455  154   60 33.0 59.0 1
    1 2074  123   84 39.0 50.0 1
    1  909  104   49 44.0 64.0 1
    1  621   67   65 56.0 57.0 1
    1 1983  133   67 37.0 56.0 1
    1 2622   16   12 81.0 83.0 1
    1 2258   16    5 81.0 87.0 1
    1  622   90    0 48.0 90.0 1
    1 1708   40    0 68.0 90.0 1
    1  341   90   42 48.0 67.0 1
    1  361  173    0 30.0 90.0 1
    1 1540   53   23 62.0 77.0 1
    1 2983   75   45 53.0 66.0 1
    1 2349   60   49 59.0 64.0 1
    1  641   65   25 57.0 76.0 1
    0 2305   45    0 66.0 90.0 1
    1 2154  107   25 43.0 76.0 1
    1 2517   60   11 59.0 84.0 0
    1 2190   60   16 59.0 81.0 1
    1 1047  148    0 34.0 90.0 1
    1 3102   90   70 48.0 55.0 1
    1 1554  119   27 40.0 75.0 1
    1 2611  128   38 38.0 69.0 0
    1 1800   75   34 53.0 71.0 1
    1  849  154   14 33.0 82.0 1
    2 2860   31    2 73.0 89.0 1
    1 2564   87    0 49.0 90.0 1
    1  659   65   23 57.0 77.0 0
    1 1626   81   32 51.0 72.0 1
    1  341  128    9 38.0 85.0 1
    1 3584  143   12 35.0 83.0 1
    1 2061   18   14 80.0 82.0 1
    1  968   65   34 57.0 71.0 1
    1 3571   34    0 71.0 90.0 1
    1 1766   81   23 51.0 77.0 1
    1 2929   93   49 47.0 64.0 1
    1 3406   36    9 70.0 85.0 1
    1  642   18    0 80.0 90.0 1
    1 1497  104   97 44.0 46.0 1
    1  662   70    0 55.0 90.0 1
    1 2275   93   53 47.0 62.0 1
    1 2190   90    5 48.0 87.0 1
    1  464    2    0 89.0 90.0 1
    1 1750  128    0 38.0 90.0 1
    1 2207  100    9 45.0 85.0 1
    1 1079   60   47 59.0 65.0 1
    1  309   55    0 61.0 90.0 1
    1  523  100    0 45.0 90.0 1
    1 3578   45    0 66.0 90.0 0
    1 1170  148  111 34.0 42.0 1
    1 3239  115   90 41.0 48.0 1
    1 3340    9    0 85.0 90.0 0
    1  403   11    0 84.0 90.0 1
    1 1459   67   47 56.0 65.0 1
    1 2473  128   32 38.0 72.0 1
    1 3341   84    0 50.0 90.0 1
    1  973   53    0 62.0 90.0 1
    1 1192   75   14 53.0 82.0 1
    1 3268   19    0 79.0 90.0 1
    1  399   60    0 59.0 90.0 1
    1 2820   93   29 47.0 74.0 1
    1  738   97    0 46.0 90.0 1
    1 2966   19    0 79.0 90.0 1
    1  913  143   38 35.0 69.0 1
    1 1832   81   49 51.0 64.0 1
    1 1557   87   12 49.0 83.0 1
    1 1572   67   19 56.0 79.0 1
    1 3430   90   16 48.0 81.0 1
    1 2499   36   36 70.0 70.0 1
    1 3072   58   45 60.0 66.0 1
    1 1016  123   70 39.0 55.0 1
    1 3424   32    0 72.0 90.0 1
    1 1971   14    0 82.0 90.0 0
    1 2887   67   65 56.0 57.0 1
    1  830   70    0 55.0 90.0 1
    1  391   73    0 54.0 90.0 1
    1 3152   25   12 76.0 83.0 1
    1 2340   78   18 52.0 80.0 1
    1 1903  148   84 34.0 50.0 1
    1 1983  111   47 42.0 65.0 1
    1 2853    2    0 89.0 90.0 1
    1 2731   53    0 62.0 90.0 1
    1 1213  100   55 45.0 61.0 1
    1  824  123   70 39.0 55.0 1
    1  493   62    0 58.0 90.0 1
    1 3124   58   16 60.0 81.0 1
    1  430   49    0 64.0 90.0 0
    1 2364   81   36 51.0 70.0 1
    1  921  119    0 40.0 90.0 1
    1  896   97   65 46.0 57.0 1
    1 1048  154  148 33.0 34.0 1
    1 3141   67   27 56.0 75.0 1
    1 3147   73   51 54.0 63.0 1
    1  556  111  100 42.0 45.0 1
    1 1414   84   40 50.0 68.0 1
    1 2932   32   19 72.0 79.0 1
    1  926   23    3 77.0 88.0 1
    1  748    5    3 87.0 88.0 1
    1  576  166   49 31.0 64.0 1
    1 1542   45    9 66.0 85.0 1
    1 2848  123  104 39.0 44.0 1
    1 2118   90   18 48.0 80.0 1
    1 1431  143  104 35.0 44.0 1
    1 2223  128   31 38.0 73.0 0
    1 1211  123   78 39.0 52.0 1
    1 3171  173   14 30.0 82.0 1
    1  688  138    0 36.0 90.0 1
    1  778    9    5 85.0 87.0 1
