 200 200 200 123
    1 1246   60    0 59.0 90.0 1
    1  497   78   62 52.0 58.0 1
    1 3386   19   16 79.0 81.0 1
    1 3536   78   78 52.0 52.0 1
    1 1398  143    5 35.0 87.0 0
    1 2046  128    0 38.0 90.0 1
    1 2556  133   18 37.0 80.0 1
    1  460   16    5 81.0 87.0 1
    1 2110  115   58 41.0 60.0 1
    1  539  160   31 32.0 73.0 1
    1  567  115    0 41.0 90.0 1
    1 1150  133  119 37.0 40.0 1
    1 3042   70    0 55.0 90.0 0
    1 2623  123   97 39.0 46.0 1
    1 1652   84   21 50.0 78.0 1
    1 1085  133   21 37.0 78.0 0
    1  743   21    3 78.0 88.0 1
    1 3142  166  154 31.0 33.0 1
    1 1059   19    0 79.0 90.0 1
    1 2284   38   23 69.0 77.0 0
    1 2709   65   34 57.0 71.0 1
    1 1203    2    0 89.0 90.0 1
    1 3026   32   21 72.0 78.0 1
    1 2729   93   42 47.0 67.0 1
    1  841   55   40 61.0 68.0 1
    1 1606   60    0 59.0 90.0 0
    1 1423   12   11 83.0 84.0 0
    1 3552  128  115 38.0 41.0 1
    1 3310   97   51 46.0 63.0 1
    1 2133   75    0 53.0 90.0 1
    1 1201  111  107 42.0 43.0 1
    1  615   49    0 64.0 90.0 1
    1 1653   87   70 49.0 55.0 1
    1 3576  115    5 41.0 87.0 1
    1 2177   51   45 63.0 66.0 1
    1 2328  100   18 45.0 80.0 1
    1 1864   87    0 49.0 90.0 1
    1 2695   32    0 72.0 90.0 1
    1 3123  138   47 36.0 65.0 1
    1  940  166   18 31.0 80.0 1
    1  697   36   29 70.0 74.0 0
    1 2533   16    2 81.0 89.0 1
    1 1512   32   29 72.0 74.0 1
    1 3552  143    0 35.0 90.0 1
    1 1944   75   55 53.0 61.0 1
    1  979   93    0 47.0 90.0 0
    1 2931  148   25 34.0 76.0 1
    1 1082   70   40 55.0 68.0 1
    1 2565   47   34 65.0 71.0 1
    1 2852   84    0 50.0 90.0 0
    1 2639  148   62 34.0 58.0 1
    0 2802   58    0 60.0 90.0 1
    1 2073   62   38 58.0 69.0 1
    1 1704   70   32 55.0 72.0 1
    1 2139  107   40 43.0 68.0 1
    1 2953  148   21 34.0 78.0 1
    1  498  173    0 30.0 90.0 1
    2  537   27    0 75.0 90.0 1
    1 2851  166  166 31.0 31.0 1
    1 1590  133  111 37.0 42.0 1
    1 3339   73    0 54.0 90.0 1
    1 1921   11    3 84.0 88.0 0
    1 2062  133   73 37.0 54.0 1
    1 2751   90   51 48.0 63.0 1
    1 3436  173    0 30.0 90.0 1
    1 1334  111   19 42.0 79.0 0
    1 2366  154   78 33.0 52.0 1
    1 2613   11    0 84.0 90.0 1
    1 3357   90   53 48.0 62.0 1
    1  677  154   11 33.0 84.0 1
    1 2166   73    0 54.0 90.0 1
    1 1788   27   19 75.0 79.0 1
    1  760   78    0 52.0 90.0 1
    1 2196  173    0 30.0 90.0 1
    1 2792  107    0 43.0 90.0 0
    1  910   18   16 80.0 81.0 1
    1 2275  119   87 40.0 49.0 1
    1 3121   87   65 49.0 57.0 1
    1 2901   60   47 59.0 65.0 0
    1  977   29    0 74.0 90.0 1
    1 2734  166   75 31.0 53.0 1
    1 2577   49    0 64.0 90.0 1
    1 1398  173   34 30.0 71.0 1
    1 2026   65   40 57.0 68.0 1
    1 2849   16    0 81.0 90.0 1
    2  875   19    0 79.0 90.0 1
    1 2541   78   40 52.0 68.0 1
    1  457  104   87 44.0 49.0 1
    1 1969  166   29 31.0 74.0 1
    0 2320   11    0 84.0 90.0 0
    1 2850  154   25 33.0 76.0 1
    1 2716  107  100 43.0 45.0 1
    1 1405  148    0 34.0 90.0 1
    1  929   14    0 82.0 90.0 1
    2 2958   38   31 69.0 73.0 1
    1 2323  154  107 33.0 43.0 1
    1 3100  148    0 34.0 90.0 1
    1  652   45    0 66.0 90.0 1
    1 1394   29    0 74.0 90.0 1
    0 2312  123   67 39.0 56.0 1
    1 2088   97   36 46.0 70.0 1
    1 1797    5    0 87.0 90.0 0
    1 2685   73   70 54.0 55.0 1
    1 1575  123   38 39.0 69.0 1
    1 2892   81    0 51.0 90.0 1
    1 2705  111   12 42.0 83.0 1
    1 3592   31    0 73.0 90.0 1
    1  996  143   38 35.0 69.0 1
    1 1871   23    0 77.0 90.0 1
    0 1537  107    0 43.0 90.0 1
    1 3022   18    0 80.0 90.0 1
    1 3159  115  104 41.0 44.0 1
    1 1242   81   16 51.0 81.0 1
    1 3030   55   14 61.0 82.0 1
    1 3391  143   67 35.0 56.0 0
    1  850  100   49 45.0 64.0 1
    1 1200   45    9 66.0 85.0 1
    1 3278   36    0 70.0 90.0 1
    1 1040  128    0 38.0 90.0 1
    1  760   51   36 63.0 70.0 0
    1 1881  104   75 44.0 53.0 1
    1  610    9    0 85.0 90.0 0
    1 2841   31   18 73.0 80.0 1
    1 2519   84   36 50.0 70.0 1
    1 2140   53   11 62.0 84.0 1
    1 2935   65   45 57.0 66.0 1
    2 1784    5    0 87.0 90.0 1
    1  441  166   38 31.0 69.0 1
    1 1658   36    0 70.0 90.0 0
    1 1352   34    0 71.0 90.0 1
    1 2538   38   36 69.0 70.0 1
    1  682  160    2 32.0 89.0 1
    1 1874  100   25 45.0 76.0 1
    1  428   60    0 59.0 90.0 1
    1 1934  154   70 33.0 55.0 1
    1 2109  138    0 36.0 90.0 1
    1 1970  128   36 38.0 70.0 1
    1 1502   23    0 77.0 90.0 1
    1 2411  123   93 39.0 47.0 0
    1 1461  119   19 40.0 79.0 1
    1 3320  111   78 42.0 52.0 1
    1 3280  119   25 40.0 76.0 0
    1 3578   51    0 63.0 90.0 1
    1 2875   47    9 65.0 85.0 1
    1 2721  160   25 32.0 76.0 1
    1 2889  160  143 32.0 35.0 1
    1 1721  160   19 32.0 79.0 0
    1  870  123   40 39.0 68.0 1
    1 2934   75   21 53.0 78.0 1
    1 3230   90    0 48.0 90.0 1
    1  334   31   23 73.0 77.0 1
    1 1569   81    0 51.0 90.0 1
    1 1519  100   11 45.0 84.0 1
    1 1286   34    3 71.0 88.0 1
    1 2546    7    0 86.0 90.0 1
    1 1118  119   14 40.0 82.0 1
    1 3415  115   45 41.0 66.0 1
    1 2782  100   53 45.0 62.0 1
    1  791   78    0 52.0 90.0 1
    1 2848  148    0 34.0 90.0 0
    1 1766    3    0 88.0 90.0 1
    1  837   73    0 54.0 90.0 1
    1 2913  160  154 32.0 33.0 1
    1 2841   55    7 61.0 86.0 1
    1  429   62    0 58.0 90.0 1
    1 2071  154  111 33.0 42.0 1
    1 3442   14    0 82.0 90.0 1
    1  416  143    0 35.0 90.0 1
    1 1590   90    0 48.0 90.0 1
    1 1237   65   60 57.0 59.0 0
    1  842  119   84 40.0 50.0 1
    1 2464   93    5 47.0 87.0 1
    1 2959   53    2 62.0 89.0 1
    1  550   75   16 53.0 81.0 1
    1 1852  166   12 31.0 83.0 1
    1  423   18    0 80.0 90.0 1
    1 1785  173   16 30.0 81.0 1
    1  339   87   36 49.0 70.0 1
    1 3166  160    0 32.0 90.0 1
    1 2120  123   11 39.0 84.0 1
    1 2200   40   25 68.0 76.0 1
    1 1812   67   65 56.0 57.0 1
    1 1191   29    0 74.0 90.0 1
    1 1157  166   14 31.0 82.0 1
    1 1000  123    0 39.0 90.0 1
    2 3118  100   40 45.0 68.0 1
    1 2993  111   11 42.0 84.0 1
    1 2162  123   65 39.0 57.0 1
    1 3512    9    2 85.0 89.0 1
    1  586  128    0 38.0 90.0 0
    1 1217   29    0 74.0 90.0 1
    1 1730   78    0 52.0 90.0 1
    1 1485   81   34 51.0 71.0 1
    1 3592  154    7 33.0 86.0 1
    1 3031   34    0 71.0 90.0 0
    0 2873   27    0 75.0 90.0 1
    1 2594  107   45 43.0 66.0 0
    1 3296  138   47 36.0 65.0 1
    1 1241   93   62 47.0 58.0 1
    1  714   11    0 84.0 90.0 1
