 200 200 200 123
    1 3568  138    9 36.0 85.0 0
    1 3065  107   45 43.0 66.0 1
    1 2109  148  138 34.0 36.0 1
    1 3553    7    0 86.0 90.0 1
    1 3266   90   67 48.0 56.0 1
    1 3474   73    3 54.0 88.0 1
    1 1465   75   32 53.0 72.0 1
    1  783   19   16 79.0 81.0 0
    1 3219  128   11 38.0 84.0 1
    1  622  107    0 43.0 90.0 1
    1 3487   21   12 78.0 83.0 0
    1 3465  111   16 42.0 81.0 1
    1 2998   25   18 76.0 80.0 1
    1 2109  166   40 31.0 68.0 0
    1 3556   53    0 62.0 90.0 1
    1 1487   51   16 63.0 81.0 1
    1 3283  166  100 31.0 45.0 1
    1 1274   49   42 64.0 67.0 1
    1 2888   73   51 54.0 63.0 1
    1 3416   40    0 68.0 90.0 1
    1 1144   38   29 69.0 74.0 1
    1 1325   87   21 49.0 78.0 1
    1 1128   65   31 57.0 73.0 1
    1 1777    5    0 87.0 90.0 1
    1 3432  160   29 32.0 74.0 1
    1 1303   45   18 66.0 80.0 0
    1  606   32    0 72.0 90.0 1
    1 2906   67   67 56.0 56.0 1
    1  699   73   70 54.0 55.0 1
    1 2041  115   51 41.0 63.0 1
    1 1574  104   14 44.0 82.0 1
    1 2073  107    0 43.0 90.0 1
    1  331   58   42 60.0 67.0 1
    1 2851  104    0 44.0 90.0 1
    1  882   23    0 77.0 90.0 1
    1 1167  107    0 43.0 90.0 1
    1  816   58   51 60.0 63.0 1
    1 3049   84   18 50.0 80.0 0
    1 2419   75    7 53.0 86.0 0
    1 1668   97    0 46.0 90.0 1
    1  694   67    0 56.0 90.0 1
    1 2997  154   12 33.0 83.0 1
    1 2965   25    0 76.0 90.0 1
    1 2341   49   18 64.0 80.0 1
    1 3146  160   87 32.0 49.0 1
    1 3186   27   18 75.0 80.0 1
    1 1736   55   12 61.0 83.0 1
    1 2191   14    0 82.0 90.0 1
    1 2204   70    2 55.0 89.0 1
    1 2065   70   29 55.0 74.0 1
    1 1094   11    0 84.0 90.0 1
    1 2933   70    0 55.0 90.0 1
    1  435   40   34 68.0 71.0 1
    1 3017   84   23 50.0 77.0 1
    1  446  160   11 32.0 84.0 0
    1 3135   51   42 63.0 67.0 1
    1 1297   70   27 55.0 75.0 1
    1 3309   21    0 78.0 90.0 1
    1 2733  111   81 42.0 51.0 1
    1 1555   11    0 84.0 90.0 1
    1  864  138   70 36.0 55.0 1
    1 2570   14    2 82.0 89.0 0
    1 2356  154  111 33.0 42.0 1
    1 3087   42    0 67.0 90.0 1
    1 1532   84   70 50.0 55.0 1
    1  411   84    0 50.0 90.0 0
    1 1205  160   32 32.0 72.0 1
    1 1580   97   45 46.0 66.0 1
    1 2845   12    2 83.0 89.0 1
    1 1337   55   21 61.0 78.0 1
    1 2118   21    0 78.0 90.0 1
    1  490  166    0 31.0 90.0 1
    1 2782   84   60 50.0 59.0 1
    1 1171  100   81 45.0 51.0 1
    1 2316   84   32 50.0 72.0 1
    1 2235   12    0 83.0 90.0 0
    1 1203   73   38 54.0 69.0 1
    1  310   38   23 69.0 77.0 1
    1 1843  154   73 33.0 54.0 0
    1 2468  107    0 43.0 90.0 1
    1 1086  115    0 41.0 90.0 1
    1  323   21    2 78.0 89.0 1
    1 1783  173   78 30.0 52.0 1
    1 2471   45    0 66.0 90.0 1
    1 1451   18    0 80.0 90.0 1
    1 3144   55   16 61.0 81.0 1
    1 3483   49    0 64.0 90.0 1
    1  472  119   75 40.0 53.0 1
    1  989  100    5 45.0 87.0 1
    1 2255   65    0 57.0 90.0 0
    1 2135   60   23 59.0 77.0 1
    1 1837   21    0 78.0 90.0 1
    1 1349  148  107 34.0 43.0 1
    1 1863  143   21 35.0 78.0 1
    1 2844   55   55 61.0 61.0 1
    1 2276   47   23 65.0 77.0 1
    1 2225  115   53 41.0 62.0 1
    1  471  138   70 36.0 55.0 0
    1 3346    5    2 87.0 89.0 1
    1 1152   31   19 73.0 79.0 1
    1 3303   84   53 50.0 62.0 1
    1 1400   53   14 62.0 82.0 1
    1  953   97   11 46.0 84.0 1
    1 1715   47    0 65.0 90.0 0
    1  992  143   23 35.0 77.0 1
    1  961  115    0 41.0 90.0 1
    1 3544  100   65 45.0 57.0 1
    1 3225  173   73 30.0 54.0 1
    1 1338  123    5 39.0 87.0 1
    1 2022   75    0 53.0 90.0 1
    1  905  100    0 45.0 90.0 1
    1  990   11    0 84.0 90.0 1
    1 1989   36    0 70.0 90.0 0
    1 3272   38   31 69.0 73.0 1
    1 2818  133   36 37.0 70.0 1
    1 1810  111    0 42.0 90.0 1
    1 3283   93   58 47.0 60.0 1
    1  919   31   19 73.0 79.0 1
    1 1069  111   62 42.0 58.0 1
    1 2394   65    0 57.0 90.0 0
    1 3503   81   62 51.0 58.0 1
    1 1180   42   31 67.0 73.0 1
    1  620  111   58 42.0 60.0 1
    1  797   47    3 65.0 88.0 1
    1 2963   38    0 69.0 90.0 1
    1 3559   78    0 52.0 90.0 1
    1  968   70    0 55.0 90.0 1
    1 2372   90    3 48.0 88.0 1
    1 1659   31    0 73.0 90.0 1
    1 3275  166   97 31.0 46.0 0
    1 2367   47    0 65.0 90.0 1
    1 2637  104   32 44.0 72.0 1
    1 3084   36    2 70.0 89.0 1
    1 1850    9    9 85.0 85.0 1
    1 2792   90   73 48.0 54.0 1
    1 1675   87    0 49.0 90.0 1
    1  333   58   11 60.0 84.0 1
    1  776  173  115 30.0 41.0 1
    1  907   40   25 68.0 76.0 1
    1 2794   70   29 55.0 74.0 1
    1 1203    2    0 89.0 90.0 1
    1 2392   81   34 51.0 71.0 0
    1 2735   47    0 65.0 90.0 1
    1  934   45   32 66.0 72.0 1
    1 2365   36   34 70.0 71.0 1
    1 2828   53    2 62.0 89.0 1
    1 3426  173  119 30.0 40.0 1
    1 2563  111    7 42.0 86.0 0
    1 1507   25    0 76.0 90.0 1
    1 2115   36    0 70.0 90.0 1
    1  514   97   16 46.0 81.0 1
    1 2544  107   31 43.0 73.0 1
    1 3418   12    0 83.0 90.0 1
    1 2601  111   25 42.0 76.0 0
    1 3333   51    2 63.0 89.0 1
    1 1198  123  111 39.0 42.0 1
    1  569   42    0 67.0 90.0 1
    1 3256  148    0 34.0 90.0 1
    1 2151   55    7 61.0 86.0 1
    1 2306    2    2 89.0 89.0 1
    1 1425   93   87 47.0 49.0 1
    1  367   73    2 54.0 89.0 1
    1  447   78    0 52.0 90.0 1
    1 2107   97   55 46.0 61.0 1
    1 1709   45   14 66.0 82.0 1
    1 1672   51   25 63.0 76.0 1
    1 2375   75   55 53.0 61.0 1
    1 2456  173   49 30.0 64.0 1
    1 2051  166   65 31.0 57.0 1
    1  800   84   70 50.0 55.0 1
    1 1253   32    0 72.0 90.0 1
    1 1586   27    3 75.0 88.0 1
    1 2472  119   42 40.0 67.0 1
    1 2023   58    0 60.0 90.0 1
    1 1625   36   19 70.0 79.0 0
    1 1139  173  173 30.0 30.0 1
    1 3183  115   60 41.0 59.0 1
    1  509   73    7 54.0 86.0 1
    1  341    5    0 87.0 90.0 1
    1 1174   65    7 57.0 86.0 1
    1 2299   18    0 80.0 90.0 1
    1 3332  138   38 36.0 69.0 1
    1  897   16   16 81.0 81.0 0
    1 1613  100    5 45.0 87.0 0
    1 2846  133    9 37.0 85.0 1
    1 3380   75    0 53.0 90.0 1
    1  631   84    0 50.0 90.0 1
    1  865   47   23 65.0 77.0 1
    1 2069   25    0 76.0 90.0 1
    1 2816  100    0 45.0 90.0 1
    1 2429   97    0 46.0 90.0 1
    1  994  133   21 37.0 78.0 1
    1 2122   75   12 53.0 83.0 1
    1 2124   14    0 82.0 90.0 1
    1 1084   16   14 81.0 82.0 1
    1 1520  119   34 40.0 71.0 1
    1 1538   81   62 51.0 58.0 1
    1  548   18   12 80.0 83.0 0
    1  347   87    3 49.0 88.0 1
    1 2756   55   19 61.0 79.0 1
