 200 200 200 124
    1 2578   46   10 77.0 87.0 1
    1 2676   81    3 68.0 89.0 1
    1  756  115   65 60.0 72.0 0
    1 1449  308  120 33.0 59.0 1
    1  665   35    0 80.0 90.0 1
    1  451  140    0 55.0 90.0 1
    1 3499  125   46 58.0 77.0 1
    1  862  333    0 31.0 90.0 1
    1 1563   35    0 80.0 90.0 1
    1  451  111   39 61.0 79.0 1
    1 1512    7    0 88.0 90.0 1
    1 3523  230   93 41.0 65.0 1
    1 3475   43    0 78.0 90.0 1
    1 3586  265   77 37.0 69.0 1
    1  614  135    0 56.0 90.0 1
    1  436  214    0 43.0 90.0 1
    1 3526  265  187 37.0 47.0 1
    1 3394  125    0 58.0 90.0 1
    1 1589  320  111 32.0 61.0 0
    1 2533   73   57 70.0 74.0 1
    1 2721  168    0 50.0 90.0 1
    1  519  151    0 53.0 90.0 1
    1 3532  297   54 34.0 75.0 1
    1 1233  106   57 62.0 74.0 1
    1 2941  265   85 37.0 67.0 1
    1 3030  265    0 37.0 90.0 1
    1 1464   28    7 82.0 88.0 0
    1  770   77    0 69.0 90.0 1
    1  437   25    0 83.0 90.0 1
    1 1551   39    0 79.0 90.0 1
    1 2809  106    0 62.0 90.0 1
    1 2329   17    0 85.0 90.0 1
    1 1589  115   39 60.0 79.0 1
    1  649  156  115 52.0 60.0 1
    1 2004  145   43 54.0 78.0 1
    1 2262  168  162 50.0 51.0 1
    1 1438  200   10 45.0 87.0 1
    1 3160  297  106 34.0 62.0 1
    1  473   50    0 76.0 90.0 1
    1 1064  135  120 56.0 59.0 1
    1 1227  193  187 46.0 47.0 1
    1 2673  162  102 51.0 63.0 1
    1  425  111   81 61.0 68.0 1
    1  746  111    0 61.0 90.0 1
    1 1046  115  102 60.0 63.0 0
    1 3586   93    7 65.0 88.0 1
    1 1836   61    0 73.0 90.0 1
    1 3198  346   61 30.0 73.0 1
    1 1679  102    0 63.0 90.0 0
    1  413  145   25 54.0 83.0 1
    1 2248  222  162 42.0 51.0 1
    1  852  135   85 56.0 67.0 0
    1 1374  207   65 44.0 72.0 1
    1 1865  238   17 40.0 85.0 0
    1  727  275    0 36.0 90.0 1
    1 3294  230    0 41.0 90.0 1
    1 2812  247    0 39.0 90.0 1
    1  890  238   43 40.0 78.0 1
    1 1204  230    0 41.0 90.0 1
    1 1423  193    0 46.0 90.0 1
    1 2984   54   39 75.0 79.0 0
    1 2384  286   57 35.0 74.0 1
    1 3252    3    0 89.0 90.0 1
    1 2694  135    0 56.0 90.0 1
    1  723    3    0 89.0 90.0 1
    1 3158  247   54 39.0 75.0 1
    1  391   32   21 81.0 84.0 1
    1 2690  238  187 40.0 47.0 0
    1 2207  193  156 46.0 52.0 1
    1 1481  145   46 54.0 77.0 1
    1 2561  187   77 47.0 69.0 1
    1 3038  346    0 30.0 90.0 1
    1 1663  247  125 39.0 58.0 1
    1  763  333    3 31.0 89.0 1
    1 1035  156    0 52.0 90.0 1
    1 2947  320  135 32.0 56.0 1
    1 2965  193  115 46.0 60.0 1
    1 1082  168   98 50.0 64.0 1
    1 2812  230   25 41.0 83.0 1
    1 3398  168    0 50.0 90.0 1
    1 1986   54   14 75.0 86.0 1
    1 2878   81    0 68.0 90.0 1
    1 1458  151   39 53.0 79.0 0
    1 1014  265  214 37.0 43.0 1
    1 1398  187  162 47.0 51.0 1
    1 3566   43    0 78.0 90.0 1
    1 2387  135    0 56.0 90.0 1
    1 3223  308    0 33.0 90.0 1
    1  317   35   25 80.0 83.0 1
    1 1994   32    3 81.0 89.0 1
    1 2915  156    0 52.0 90.0 1
    1 1179  115   46 60.0 77.0 1
    1  809  256   10 38.0 87.0 1
    1  571  222   32 42.0 81.0 1
    1 1408   39    0 79.0 90.0 1
    1  390  102    0 63.0 90.0 1
    1 2136   28    0 82.0 90.0 1
    1 1045   25    7 83.0 88.0 1
    1 1899  156   85 52.0 67.0 1
    1 2983  106   28 62.0 82.0 1
    1 2358   28    0 82.0 90.0 1
    1 2572  193   32 46.0 81.0 1
    1 3184  145   98 54.0 64.0 1
    1 1624   43   10 78.0 87.0 0
    1 3126  247   65 39.0 72.0 1
    1 1048  151   93 53.0 65.0 1
    1  370   61    0 73.0 90.0 0
    1 1868  214   98 43.0 64.0 1
    1 1717  145   32 54.0 81.0 1
    1 1319  214  145 43.0 54.0 1
    1  903  180    0 48.0 90.0 1
    1 2938  145    0 54.0 90.0 1
    1 1886  156   81 52.0 68.0 1
    1 3362  275  135 36.0 56.0 1
    1 1893   73    0 70.0 90.0 1
    1 1744  200  115 45.0 60.0 1
    1  705  247    0 39.0 90.0 1
    1 2136  130    0 57.0 90.0 1
    1 3377  140   50 55.0 76.0 1
    1 1060  222   93 42.0 65.0 1
    1  336   81    0 68.0 90.0 1
    1 2754  115    0 60.0 90.0 1
    1 2451  120   98 59.0 64.0 1
    1  665  162   85 51.0 67.0 1
    1 1252  320    3 32.0 89.0 1
    1 2383  168   17 50.0 85.0 1
    1 1248  135  111 56.0 61.0 1
    1 2355  265   61 37.0 73.0 1
    1 2937  238   93 40.0 65.0 1
    1 2435  308   14 33.0 86.0 1
    1 3344  275   46 36.0 77.0 1
    1  774  286    0 35.0 90.0 1
    1 2590   10    0 87.0 90.0 1
    1 2319    3    0 89.0 90.0 1
    1 3443  275  162 36.0 51.0 1
    1  379   85   25 67.0 83.0 1
    1 2439  120   69 59.0 71.0 1
    1 1578  207  180 44.0 48.0 1
    1  778  297   43 34.0 78.0 1
    1 2083   65   21 72.0 84.0 1
    1  764  207  174 44.0 49.0 1
    1 1005  297    7 34.0 88.0 1
    1 1424   69   39 71.0 79.0 1
    1 2943   57   39 74.0 79.0 1
    1 2472   14    0 86.0 90.0 1
    1 2158  346  111 30.0 61.0 1
    1 2143   69   21 71.0 84.0 1
    1 2902  193   28 46.0 82.0 1
    1 2156  151    0 53.0 90.0 1
    1  467  111    0 61.0 90.0 1
    1  844  238    7 40.0 88.0 0
    1 1095  265    0 37.0 90.0 1
    1 2685  297   43 34.0 78.0 1
    1 3195  256  130 38.0 57.0 1
    1  313   54    0 75.0 90.0 1
    1  680  111    0 61.0 90.0 1
    1 3323  346   25 30.0 83.0 1
    1 1591   46   10 77.0 87.0 1
    1  522  168   17 50.0 85.0 1
    1  457  156    0 52.0 90.0 1
    1 1876  145  145 54.0 54.0 1
    1 1799  156  130 52.0 57.0 0
    1  838  102    0 63.0 90.0 1
    1  995  320    0 32.0 90.0 1
    1 1639  125    0 58.0 90.0 1
    1 2093  346   28 30.0 82.0 1
    1 3327   35    0 80.0 90.0 1
    1 1573  297  135 34.0 56.0 1
    1 3203  111  106 61.0 62.0 1
    1 3048  346   81 30.0 68.0 1
    1 2378  308  125 33.0 58.0 1
    1 2359   73    0 70.0 90.0 1
    1 3509  125    0 58.0 90.0 0
    1 2483  174  130 49.0 57.0 1
    1 1350  346  102 30.0 63.0 1
    1 2175  297  286 34.0 35.0 1
    1 2505  256   89 38.0 66.0 1
    1  478  115   65 60.0 72.0 1
    1 3069   93   32 65.0 81.0 1
    1 2020  102   32 63.0 81.0 1
    1 2380  115   73 60.0 70.0 1
    1 3133  174   28 49.0 82.0 0
    1  824  162   57 51.0 74.0 1
    1 1781  238   46 40.0 77.0 1
    1 2405  333  162 31.0 51.0 1
    1  376   28   17 82.0 85.0 1
    1 2542  102    0 63.0 90.0 1
    1 3047  187    0 47.0 90.0 1
    1 1951  265   39 37.0 79.0 1
    1 2532  230   25 41.0 83.0 1
    1 3439  346  130 30.0 57.0 1
    1 1733  207  135 44.0 56.0 1
    1  925   54    0 75.0 90.0 1
    1 2346  265    7 37.0 88.0 1
    1 1233  320   65 32.0 72.0 1
    1  468  106    0 62.0 90.0 1
    1  598  214   50 43.0 76.0 1
    1 2731  333   77 31.0 69.0 1
    1 2299   81    0 68.0 90.0 1
    1 2197   21   10 84.0 87.0 1
