 200 200 200 124
    1 1805  174   57 49.0 74.0 1
    1 3223  187   61 47.0 73.0 1
    1  520   57    0 74.0 90.0 0
    1 2562  247    0 39.0 90.0 0
    1 2046  168  111 50.0 61.0 1
    1 1416  222    7 42.0 88.0 1
    1  738  187   17 47.0 85.0 1
    1  866  115    0 60.0 90.0 1
    1  634   17   14 85.0 86.0 1
    1 1392  214    0 43.0 90.0 1
    1 1103  320   93 32.0 65.0 1
    1 1707  168   32 50.0 81.0 1
    1 2031   28    0 82.0 90.0 1
    1  535  111    0 61.0 90.0 1
    1  527   89    0 66.0 90.0 1
    1 3321  187    0 47.0 90.0 1
    1 2076  120   32 59.0 81.0 0
    1 2016  151    0 53.0 90.0 1
    1 1598  238   35 40.0 80.0 1
    1 3380  297    0 34.0 90.0 1
    1 1832   21   21 84.0 84.0 1
    1 2496   35    0 80.0 90.0 0
    1  332  162    0 51.0 90.0 1
    1 2643  320   89 32.0 66.0 1
    1 2054   54   39 75.0 79.0 1
    1 3492   25    7 83.0 88.0 1
    1 2606  265   77 37.0 69.0 1
    1 1798  140   73 55.0 70.0 1
    1 2283  187   28 47.0 82.0 1
    1  706  207  102 44.0 63.0 1
    1 3461  247   17 39.0 85.0 1
    1 3206   57    0 74.0 90.0 0
    1  745  102    0 63.0 90.0 1
    1 3533  120   98 59.0 64.0 0
    1 1033  214   57 43.0 74.0 1
    1 2131  256  102 38.0 63.0 1
    1 3568  308  162 33.0 51.0 1
    1 1337  275  174 36.0 49.0 1
    1 1242  187   85 47.0 67.0 0
    1 2798  256    0 38.0 90.0 1
    1  370  180    0 48.0 90.0 1
    1 3409   65   57 72.0 74.0 1
    1 2829   73   25 70.0 83.0 1
    1 1146    3    0 89.0 90.0 1
    1 3314  238    0 40.0 90.0 1
    1 1054  265  187 37.0 47.0 1
    1 1244  120   69 59.0 71.0 1
    1 3387  346   39 30.0 79.0 1
    1 2911   69    0 71.0 90.0 1
    1 2572  308  145 33.0 54.0 1
    1 1833  308   50 33.0 76.0 1
    1 3444   61   46 73.0 77.0 1
    1 3249  238    3 40.0 89.0 0
    1  508  168   35 50.0 80.0 0
    1  750   17    0 85.0 90.0 1
    1 3443   35    0 80.0 90.0 0
    1  342  125    0 58.0 90.0 0
    1 3358  222   69 42.0 71.0 0
    1 3090   73   25 70.0 83.0 0
    1 1266  187  115 47.0 60.0 1
    1 2057  125   85 58.0 67.0 1
    1 1319  256    0 38.0 90.0 1
    1 3524  151   98 53.0 64.0 1
    1  416   43    0 78.0 90.0 1
    1 3330   98   39 64.0 79.0 1
    1 2193  256    0 38.0 90.0 1
    1 1702  222  207 42.0 44.0 0
    1 2509  120    0 59.0 90.0 0
    1 1819  145  135 54.0 56.0 1
    1 3359   98   65 64.0 72.0 1
    1 2646  320   46 32.0 77.0 1
    1 2415  106    3 62.0 89.0 1
    1 1753  156   61 52.0 73.0 1
    1 2249  120   50 59.0 76.0 1
    1  885  156    0 52.0 90.0 1
    1 3261    3    0 89.0 90.0 1
    1 3047  115    0 60.0 90.0 1
    1 1846   25    0 83.0 90.0 1
    1 3047   89   21 66.0 84.0 1
    1 3327  168  140 50.0 55.0 0
    1 2785  106    0 62.0 90.0 0
    1 1435   43   28 78.0 82.0 0
    1 1808  346    0 30.0 90.0 1
    1 1354   77    0 69.0 90.0 1
    1 1356  214    0 43.0 90.0 1
    1 2276  214   81 43.0 68.0 1
    1  859  200   85 45.0 67.0 1
    1 1969  200   93 45.0 65.0 1
    1 2247   65   32 72.0 81.0 1
    1  824  238  130 40.0 57.0 1
    1 2556   89    0 66.0 90.0 1
    1  745  297    0 34.0 90.0 1
    1 1085  238    0 40.0 90.0 1
    1 3469  156  102 52.0 63.0 1
    1 1946  180   50 48.0 76.0 1
    1 2975  120    0 59.0 90.0 1
    1 3411  275    7 36.0 88.0 1
    1  494   21    0 84.0 90.0 1
    1 1557  256  230 38.0 41.0 1
    1 3254  145   10 54.0 87.0 1
    1 3382  151   57 53.0 74.0 0
    1 2356  207    0 44.0 90.0 1
    1 3232   54    0 75.0 90.0 1
    1  637  207    0 44.0 90.0 1
    1 3023  140   35 55.0 80.0 1
    1 2290   89   39 66.0 79.0 1
    1  595  120  102 59.0 63.0 1
    1  706  180  106 48.0 62.0 0
    1 2604  308  174 33.0 49.0 1
    1 3487  238  238 40.0 40.0 1
    1 2718  200  174 45.0 49.0 1
    1 1228  265  145 37.0 54.0 1
    1 1793  320  187 32.0 47.0 1
    1  880  130    7 57.0 88.0 1
    1  307  111   25 61.0 83.0 1
    1 2324  180  125 48.0 58.0 1
    1  472   50   46 76.0 77.0 0
    1 1355  193   89 46.0 66.0 1
    1 1865   14    0 86.0 90.0 1
    1 2560  297   10 34.0 87.0 0
    1 2155  320    0 32.0 90.0 0
    1 1539  106   77 62.0 69.0 1
    1  780   43    0 78.0 90.0 1
    1 3312   54    0 75.0 90.0 1
    1 1830  320   61 32.0 73.0 1
    1 1682  156    0 52.0 90.0 1
    1 3220  222   77 42.0 69.0 1
    1  707  180   32 48.0 81.0 1
    1 1152  247  162 39.0 51.0 1
    1 2856  193    0 46.0 90.0 1
    1 1992  125  102 58.0 63.0 1
    1  486  162   50 51.0 76.0 1
    1  383   25    0 83.0 90.0 1
    1 2387  275   25 36.0 83.0 1
    1 1011  238    0 40.0 90.0 1
    1 2854   46    0 77.0 90.0 1
    1  408   69   61 71.0 73.0 0
    1 1992  145    0 54.0 90.0 1
    1  566  151   89 53.0 66.0 1
    1 3054   39   32 79.0 81.0 1
    1 1009  193   69 46.0 71.0 1
    1 1298  286    0 35.0 90.0 1
    1 2425  346    0 30.0 90.0 1
    1  775  200  168 45.0 50.0 1
    1 1458  207    0 44.0 90.0 1
    1 2214   81   65 68.0 72.0 1
    1  523   65    0 72.0 90.0 1
    1 1592  168   93 50.0 65.0 1
    1 1525   46    0 77.0 90.0 1
    1 1164    7    0 88.0 90.0 1
    1  421   35    0 80.0 90.0 1
    1  468   73   65 70.0 72.0 1
    1 3503  120    0 59.0 90.0 1
    1 2344   77    0 69.0 90.0 1
    1  308   35    0 80.0 90.0 0
    1 1908  120   65 59.0 72.0 1
    1 1579  320   17 32.0 85.0 1
    1 3545   77   32 69.0 81.0 0
    1 1879  207  130 44.0 57.0 1
    1 1742   89    0 66.0 90.0 1
    1 2374  180    7 48.0 88.0 1
    1  647   28    7 82.0 88.0 1
    1  762   35    0 80.0 90.0 1
    1 2604  180    0 48.0 90.0 1
    1 3079  238   54 40.0 75.0 1
    1  874  106   77 62.0 69.0 1
    1 2778  207   28 44.0 82.0 1
    1  994   35    0 80.0 90.0 1
    1 1428  238    0 40.0 90.0 1
    1 2270  222   10 42.0 87.0 1
    1 2507  130    0 57.0 90.0 1
    1 3218  275   43 36.0 78.0 1
    1 2519   85   43 67.0 78.0 1
    1 2894   21    0 84.0 90.0 1
    1 1192  130    0 57.0 90.0 1
    1 2921  200   35 45.0 80.0 1
    1 3285  156    0 52.0 90.0 1
    1  660   57   35 74.0 80.0 1
    1 1170   57   46 74.0 77.0 1
    1 1631  297  125 34.0 58.0 1
    1 1697  187   17 47.0 85.0 0
    1 2850  247  187 39.0 47.0 1
    1 1398  111  106 61.0 62.0 1
    1 1732  247    0 39.0 90.0 1
    1 2190  187    0 47.0 90.0 1
    1  745  193   85 46.0 67.0 1
    1 1025  265    7 37.0 88.0 1
    1 3412   61    0 73.0 90.0 1
    1 3134  151   73 53.0 70.0 1
    1 2805  265    0 37.0 90.0 1
    1 1014  120   57 59.0 74.0 1
    1 2403  115   69 60.0 71.0 1
    1 3382   81    3 68.0 89.0 1
    1  420  145   46 54.0 77.0 1
    1  557   93    7 65.0 88.0 0
    1  910   65    0 72.0 90.0 1
    1 2095  222   85 42.0 67.0 1
    1 3581  207    0 44.0 90.0 1
    1 1936   46   10 77.0 87.0 1
    1 3502  200   85 45.0 67.0 1
