 200 200 200 124
    1 3367  168   73 50.0 70.0 1
    1 3570  115   81 60.0 68.0 1
    1 2932   54   46 75.0 77.0 0
    1 1174   69    0 71.0 90.0 0
    1 2172  238  162 40.0 51.0 1
    1 3527  286    0 35.0 90.0 1
    1 3521  256    0 38.0 90.0 0
    1 2639  102   35 63.0 80.0 1
    1 2938  193   89 46.0 66.0 1
    1 3559  230   39 41.0 79.0 1
    1 3261  214    0 43.0 90.0 1
    1 1974  333  145 31.0 54.0 1
    1 3555  214   93 43.0 65.0 1
    1  384   85    0 67.0 90.0 1
    1 3452  200   98 45.0 64.0 1
    1 1775  346    0 30.0 90.0 1
    1 1026  193   89 46.0 66.0 1
    1  485  125   43 58.0 78.0 1
    1 1264  130    0 57.0 90.0 0
    1 3309  174   98 49.0 64.0 1
    1 3268  346   32 30.0 81.0 1
    1 2398  297  102 34.0 63.0 1
    1 1863   57   32 74.0 81.0 1
    1 1466  156   73 52.0 70.0 0
    1 3119   28    0 82.0 90.0 1
    1  416  120   28 59.0 82.0 1
    1 3278  115    7 60.0 88.0 1
    1  702   57    0 74.0 90.0 1
    1 1708   39    0 79.0 90.0 1
    1 1693  180    0 48.0 90.0 1
    1 3225  256   50 38.0 76.0 1
    1 2842   85    7 67.0 88.0 1
    1 3424  102    0 63.0 90.0 1
    1  437  120    0 59.0 90.0 1
    1 2321  145    0 54.0 90.0 1
    1 3379  168   69 50.0 71.0 1
    1 2197  145  130 54.0 57.0 1
    1 2529  297    0 34.0 90.0 1
    1  659  200    0 45.0 90.0 1
    1 3586  140  115 55.0 60.0 1
    1 3506  333    3 31.0 89.0 0
    1 3055  275   21 36.0 84.0 1
    1 1107   21    0 84.0 90.0 1
    1  481  125   46 58.0 77.0 1
    1 3151  151  135 53.0 56.0 1
    1 2827  247  200 39.0 45.0 1
    1 2226    3    0 89.0 90.0 1
    1  683  168   61 50.0 73.0 0
    1 3143   61    0 73.0 90.0 1
    1 1195   77    0 69.0 90.0 0
    1 3011  275  200 36.0 45.0 1
    1 2376   21    0 84.0 90.0 1
    1 2407   17    0 85.0 90.0 1
    1 3322  286    0 35.0 90.0 1
    1  686  193    0 46.0 90.0 1
    1 1604  156   89 52.0 66.0 1
    1 3041   98    0 64.0 90.0 1
    1  546   77   65 69.0 72.0 1
    1 3274  297   14 34.0 86.0 1
    1 2200  207   69 44.0 71.0 1
    1 1603  275  168 36.0 50.0 1
    1  959  106    0 62.0 90.0 1
    1  823  130    0 57.0 90.0 1
    1  788   32    0 81.0 90.0 1
    1  624  130   61 57.0 73.0 1
    1 1479   85    0 67.0 90.0 1
    1 3247    3    0 89.0 90.0 1
    1 1177   69    0 71.0 90.0 1
    1 3232   43   17 78.0 85.0 1
    1 2224  286  214 35.0 43.0 0
    1 2227  275  174 36.0 49.0 1
    1 1722  145   81 54.0 68.0 1
    1 1212  130    3 57.0 89.0 0
    1  664   98   81 64.0 68.0 1
    1 3559   35    0 80.0 90.0 1
    1 1582  247  247 39.0 39.0 1
    1 2167  230  102 41.0 63.0 1
    1 1121   93    0 65.0 90.0 1
    1  897  174  162 49.0 51.0 1
    1 1285   85   17 67.0 85.0 1
    1  840  102   39 63.0 79.0 1
    1 3091   81    0 68.0 90.0 0
    1 2634   21    0 84.0 90.0 1
    1 3491  333   73 31.0 70.0 1
    1 1773   89    0 66.0 90.0 1
    1 3192  214   57 43.0 74.0 1
    1 1325  346    0 30.0 90.0 1
    1 1999  308  207 33.0 44.0 1
    1 1242   77    0 69.0 90.0 1
    1  637  156  135 52.0 56.0 1
    1 3049  168    0 50.0 90.0 1
    1 3537  135   85 56.0 67.0 1
    1  632   81    0 68.0 90.0 1
    1 3119   89    0 66.0 90.0 1
    1 1467   65    0 72.0 90.0 1
    1 1590  222  156 42.0 52.0 1
    1 3373  247    0 39.0 90.0 1
    1  868   93   50 65.0 76.0 1
    1 2237  180   46 48.0 77.0 1
    1 1588   93    0 65.0 90.0 1
    1  958   69    0 71.0 90.0 1
    1 1806  162   77 51.0 69.0 1
    1 1854  193    0 46.0 90.0 1
    1 1733  275   57 36.0 74.0 1
    1 3063  140   77 55.0 69.0 1
    1 2038  180  162 48.0 51.0 1
    1 2093  120    0 59.0 90.0 1
    1  733  125   10 58.0 87.0 1
    1 2979  222  174 42.0 49.0 1
    1  964  333   65 31.0 72.0 1
    1 2795   17   10 85.0 87.0 1
    1 3287  151   69 53.0 71.0 0
    1 1874  156    0 52.0 90.0 0
    1 1186   54   17 75.0 85.0 1
    1 1452    7    3 88.0 89.0 1
    1 1028  200  156 45.0 52.0 1
    1 1241   69    0 71.0 90.0 1
    1  691   25    0 83.0 90.0 0
    1 2057  207   21 44.0 84.0 1
    1 2190  265  200 37.0 45.0 1
    1 1153   77    0 69.0 90.0 1
    1 1711  187    0 47.0 90.0 1
    1 2281   69    3 71.0 89.0 1
    1 2074   98   43 64.0 78.0 1
    1 2573  187    3 47.0 89.0 1
    1 2996   77    0 69.0 90.0 1
    1 1624  193  102 46.0 63.0 1
    1 2893  174  106 49.0 62.0 1
    1  509  120    0 59.0 90.0 1
    1 3117  135    0 56.0 90.0 0
    1 2720  125    3 58.0 89.0 1
    1 2684   69    0 71.0 90.0 1
    1 2984  286   35 35.0 80.0 1
    1 1786   61    0 73.0 90.0 0
    1 1558   28    0 82.0 90.0 1
    1 1855   25    3 83.0 89.0 0
    1 1176   39    0 79.0 90.0 0
    1 2452   14    0 86.0 90.0 1
    1 2075   93   81 65.0 68.0 1
    1 1392   35    0 80.0 90.0 1
    1 3050   65    7 72.0 88.0 1
    1  570   85    0 67.0 90.0 1
    1  888  200   21 45.0 84.0 1
    1 3031   98    0 64.0 90.0 1
    1 1857   65   50 72.0 76.0 1
    1 1182   57   43 74.0 78.0 1
    1 3128   57   25 74.0 83.0 1
    1 2091   21   10 84.0 87.0 1
    1 1491  140    0 55.0 90.0 1
    1 1705   69   25 71.0 83.0 1
    1 2962  180    0 48.0 90.0 1
    1  340   21    0 84.0 90.0 1
    1 1261  222    0 42.0 90.0 1
    1 3407  115   77 60.0 69.0 1
    1  885  135    0 56.0 90.0 1
    1 3360  151    0 53.0 90.0 0
    1  631  120   43 59.0 78.0 1
    1 1796   10    0 87.0 90.0 1
    1  527   85   81 67.0 68.0 1
    1 2649   77   17 69.0 85.0 1
    1 2294  200  162 45.0 51.0 1
    1 2389  333  115 31.0 60.0 1
    1 3475  222  145 42.0 54.0 1
    1  838  102   32 63.0 81.0 1
    1 2858  145   25 54.0 83.0 1
    1 1395  214    0 43.0 90.0 1
    1  645  115   93 60.0 65.0 1
    1 1271   77   54 69.0 75.0 1
    1 3022   85   14 67.0 86.0 1
    1 2378  230    0 41.0 90.0 1
    1 1594  230  207 41.0 44.0 1
    1 1376   77   54 69.0 75.0 0
    1  740  308   14 33.0 86.0 1
    1 2977   89    0 66.0 90.0 1
    1  779  102   21 63.0 84.0 1
    1 3039  174   54 49.0 75.0 1
    1  927  230   43 41.0 78.0 1
    1 2837  140   77 55.0 69.0 1
    1 1023  207  106 44.0 62.0 0
    1 2121  222  174 42.0 49.0 1
    1 2200  265  174 37.0 49.0 1
    1 2834  156  145 52.0 54.0 1
    1 1165  125    7 58.0 88.0 0
    1 1539   73    0 70.0 90.0 1
    1  480   89    0 66.0 90.0 1
    1  752  174   57 49.0 74.0 1
    1 1617  286  265 35.0 37.0 0
    1 1134  193   43 46.0 78.0 1
    1 3444  162   57 51.0 74.0 0
    1  885  156   35 52.0 80.0 1
    1 1737   17    0 85.0 90.0 1
    1  575   21    0 84.0 90.0 1
    1 1490  333   93 31.0 65.0 1
    1  442  115    0 60.0 90.0 1
    1  803  222    0 42.0 90.0 1
    1 1647  256  230 38.0 41.0 1
    1 1863   69    0 71.0 90.0 1
    1  394  162    0 51.0 90.0 1
    1  510   46    7 77.0 88.0 1
    1 3247  102   35 63.0 80.0 0
