 200 200 200 124
    1  718  308    0 33.0 90.0 1
    1 1176  180  125 48.0 58.0 1
    1 1200  297    0 34.0 90.0 1
    1  326   39    7 79.0 88.0 1
    1 3357   46   17 77.0 85.0 1
    1 1083   46    0 77.0 90.0 1
    1 3230  230  187 41.0 47.0 1
    1 2769  230  168 41.0 50.0 1
    1 2867  106   14 62.0 86.0 1
    1 3489   35    0 80.0 90.0 1
    1 3300   65   39 72.0 79.0 1
    1 3492   61   61 73.0 73.0 1
    1 1607  230   21 41.0 84.0 1
    1 3113  135    3 56.0 89.0 1
    1 2829  297    0 34.0 90.0 1
    1 3368   39   25 79.0 83.0 0
    1  772   28    0 82.0 90.0 1
    1  491  102    0 63.0 90.0 1
    1 2631   93    0 65.0 90.0 0
    1 3561  256  174 38.0 49.0 1
    1  869  214   65 43.0 72.0 1
    1 2704  180   50 48.0 76.0 1
    1 2561    3    0 89.0 90.0 1
    1 2195  174    0 49.0 90.0 1
    1 1479  256   35 38.0 80.0 1
    1 1901  125    0 58.0 90.0 1
    1 2204   61    0 73.0 90.0 1
    1 2377   39    0 79.0 90.0 1
    1  352   73   43 70.0 78.0 1
    1 3251   46    0 77.0 90.0 1
    1 2022  238  106 40.0 62.0 1
    1 3407  256  168 38.0 50.0 1
    1  915  125   54 58.0 75.0 1
    1  420  120   65 59.0 72.0 1
    1 3522  187   14 47.0 86.0 1
    1 2008   25    0 83.0 90.0 1
    1 1624  145   54 54.0 75.0 0
    1  409   14    0 86.0 90.0 1
    1 2033  156   46 52.0 77.0 1
    1 1681  168   98 50.0 64.0 1
    1 2993   85    0 67.0 90.0 1
    1 2949  230    0 41.0 90.0 1
    1 2080  115  111 60.0 61.0 1
    1 1818    7    0 88.0 90.0 0
    1  453   98   98 64.0 64.0 1
    1 1971  275  168 36.0 50.0 1
    1  907  174   17 49.0 85.0 1
    1 3567   89   50 66.0 76.0 1
    1 1457  135  111 56.0 61.0 1
    1 1462  333   93 31.0 65.0 1
    1  445   39    0 79.0 90.0 1
    1 2808   46   28 77.0 82.0 1
    1 1265  265   77 37.0 69.0 1
    1 1815   85    0 67.0 90.0 1
    1  812  156    0 52.0 90.0 1
    1  930  238   10 40.0 87.0 1
    1 2043  346   46 30.0 77.0 1
    1 3114   25    0 83.0 90.0 1
    1 1308  247  145 39.0 54.0 1
    1  665  156    0 52.0 90.0 1
    1 1371  256   50 38.0 76.0 1
    1  368   50    3 76.0 89.0 1
    1 1515  193    0 46.0 90.0 1
    1  355   57    7 74.0 88.0 1
    1 2709  214  130 43.0 57.0 1
    1 1948  214    0 43.0 90.0 1
    1 2523  207   28 44.0 82.0 1
    1 2948  256    0 38.0 90.0 1
    1  479   98   81 64.0 68.0 1
    1 3584  135   98 56.0 64.0 0
    1  644  125  120 58.0 59.0 1
    1 1545  346   73 30.0 70.0 1
    1 1951   28   17 82.0 85.0 0
    1 1480  333  265 31.0 37.0 0
    1 3489  102    0 63.0 90.0 1
    1  311  125    0 58.0 90.0 1
    1 1396  230   46 41.0 77.0 1
    1 2155  111   69 61.0 71.0 1
    1 3561  145    0 54.0 90.0 1
    1  614  156    0 52.0 90.0 1
    1 2959  222    0 42.0 90.0 0
    1 1294  135    0 56.0 90.0 1
    1 3208  346    0 30.0 90.0 1
    1 2893  168    3 50.0 89.0 1
    1 1189  130    0 57.0 90.0 1
    1 2730   43   43 78.0 78.0 1
    1 1784  106   32 62.0 81.0 1
    1 1027   77   65 69.0 72.0 1
    1  837   93   39 65.0 79.0 1
    1 3161   21    0 84.0 90.0 1
    1  413   46    0 77.0 90.0 1
    1 1413  230    0 41.0 90.0 1
    1 2742  200  156 45.0 52.0 1
    1 2150  187  151 47.0 53.0 1
    1 3459  207    0 44.0 90.0 1
    1 3512  200  145 45.0 54.0 1
    1 2240  207  111 44.0 61.0 1
    1 2416  187    0 47.0 90.0 1
    1  808  247   43 39.0 78.0 1
    1 3423  275   98 36.0 64.0 0
    1 3368   73   25 70.0 83.0 1
    1 3106   25    0 83.0 90.0 1
    1 3407  256   10 38.0 87.0 1
    1 2975  102   28 63.0 82.0 1
    1 2522  174   35 49.0 80.0 1
    1 1984  297  222 34.0 42.0 1
    1 1166  115    0 60.0 90.0 1
    1 2751  333  275 31.0 36.0 1
    1 2862  308  115 33.0 60.0 1
    1 3206  174    0 49.0 90.0 1
    1  517   93    3 65.0 89.0 1
    1 2630  222   98 42.0 64.0 1
    1 2535   39    3 79.0 89.0 1
    1 1971  200    0 45.0 90.0 1
    1  393  130    3 57.0 89.0 1
    1 2152  238  180 40.0 48.0 1
    1 3505  308   85 33.0 67.0 1
    1 1466  200   32 45.0 81.0 1
    1  376  125   54 58.0 75.0 1
    1 2285  207   65 44.0 72.0 0
    1 3271   54   25 75.0 83.0 1
    1 1998  168    0 50.0 90.0 1
    1  760  168    0 50.0 90.0 0
    1 2059  168    0 50.0 90.0 1
    1 3462  115    7 60.0 88.0 1
    1  814  207  200 44.0 45.0 1
    1 2387  111    0 61.0 90.0 1
    1  491  162   28 51.0 82.0 1
    1 1542  162   43 51.0 78.0 1
    1 3071  130   77 57.0 69.0 1
    1 1218  256   77 38.0 69.0 1
    1 1007  187    0 47.0 90.0 1
    1 2913   77   39 69.0 79.0 1
    1 1168  346    0 30.0 90.0 1
    1 3315  174    0 49.0 90.0 1
    1 1009  151    0 53.0 90.0 1
    1 3274   35   25 80.0 83.0 1
    1 1835   89    0 66.0 90.0 1
    1  566   50   25 76.0 83.0 1
    1 2557  187    0 47.0 90.0 1
    1  706  214   17 43.0 85.0 1
    1 3083  222    0 42.0 90.0 1
    1 2039   39    0 79.0 90.0 1
    1 1150   98    7 64.0 88.0 1
    1 2754  214    0 43.0 90.0 1
    1 1931  346   32 30.0 81.0 1
    1 1909  130   61 57.0 73.0 1
    1 3251  156    0 52.0 90.0 1
    1  788  102    0 63.0 90.0 1
    1  336   46    0 77.0 90.0 1
    1  746   17    0 85.0 90.0 1
    1 1366  135    0 56.0 90.0 1
    1 1960  308    0 33.0 90.0 1
    1  378  111   25 61.0 83.0 1
    1 2614  162   57 51.0 74.0 1
    1  692  200    0 45.0 90.0 1
    1  307   28    0 82.0 90.0 0
    1  502   73   17 70.0 85.0 1
    1 3257  162    0 51.0 90.0 1
    1 2596  174    0 49.0 90.0 1
    1  819  256   14 38.0 86.0 1
    1 2644  247   54 39.0 75.0 1
    1 1864  230    0 41.0 90.0 1
    1  777   89   46 66.0 77.0 1
    1 2534  214   61 43.0 73.0 1
    1 2038    3    0 89.0 90.0 1
    1 1397  130   14 57.0 86.0 1
    1 3208  238   93 40.0 65.0 1
    1 1124  151    0 53.0 90.0 1
    1 3082  247   35 39.0 80.0 1
    1  625  145   81 54.0 68.0 0
    1  402   35    7 80.0 88.0 1
    1 1174  297  115 34.0 60.0 1
    1 2928  145   61 54.0 73.0 1
    1 1002   10    3 87.0 89.0 1
    1 2838  187   93 47.0 65.0 1
    1 3310  140   77 55.0 69.0 1
    1 2923   93    3 65.0 89.0 1
    1  575  247    0 39.0 90.0 1
    1 2873  214  115 43.0 60.0 1
    1 1888  247    0 39.0 90.0 1
    1 3162  180  145 48.0 54.0 1
    1 2473  308  256 33.0 38.0 1
    1 1263   85   21 67.0 84.0 1
    1  333   32   21 81.0 84.0 1
    1 2677  106   46 62.0 77.0 1
    1 2735  247    0 39.0 90.0 1
    1 1494   85   61 67.0 73.0 1
    1  665  265    0 37.0 90.0 1
    1 2652  333  207 31.0 44.0 1
    1 3233  265   65 37.0 72.0 1
    1  986  207    0 44.0 90.0 0
    1 2441  265  256 37.0 38.0 1
    1 2116  256  256 38.0 38.0 1
    1 2131    7    0 88.0 90.0 1
    1 2232  308  151 33.0 53.0 1
    1 2269  125   69 58.0 71.0 1
    1 3018   89   54 66.0 75.0 1
    1 1990  308   39 33.0 79.0 1
    1 2248   61    0 73.0 90.0 1
