 200 200 200 124
    1  665  140    0 55.0 90.0 1
    1 1789  275   93 36.0 65.0 1
    1  428  214    0 43.0 90.0 1
    1 3410   65   32 72.0 81.0 1
    1 1383  333   39 31.0 79.0 1
    1 3348  111  106 61.0 62.0 1
    1 2807  125  106 58.0 62.0 1
    1 1337  187    0 47.0 90.0 1
    1 2103  180    0 48.0 90.0 1
    1  706  275    0 36.0 90.0 1
    1 1228  130    0 57.0 90.0 1
    1 3038  297   10 34.0 87.0 1
    1 2307  187    0 47.0 90.0 1
    1 3165   73   54 70.0 75.0 1
    1 2953  156  106 52.0 62.0 1
    1  415  193    0 46.0 90.0 0
    1 2348  168    0 50.0 90.0 1
    1  779  256    0 38.0 90.0 1
    1  849  102    0 63.0 90.0 1
    1 1147  145  106 54.0 62.0 0
    1 3565   50    0 76.0 90.0 1
    1 1657  125   10 58.0 87.0 1
    1 3346  162    0 51.0 90.0 1
    1  667  214   32 43.0 81.0 1
    1 2660  275    0 36.0 90.0 1
    1 1542  174   61 49.0 73.0 1
    1 1206  115   77 60.0 69.0 1
    1 3406  238   39 40.0 79.0 0
    1 3035  145  120 54.0 59.0 1
    1 1104   77    0 69.0 90.0 1
    1 2714  346   32 30.0 81.0 0
    1 3399   61    0 73.0 90.0 0
    1 2598   89    0 66.0 90.0 1
    1  992  130   93 57.0 65.0 1
    1 3280  187  115 47.0 60.0 1
    1  742  130   61 57.0 73.0 1
    1 1896  140   43 55.0 78.0 1
    1 3570  214  125 43.0 58.0 1
    1 2433  333  174 31.0 49.0 1
    1  769   21    0 84.0 90.0 1
    1 3132   28    0 82.0 90.0 1
    1 3171  102   43 63.0 78.0 1
    1 2414  256  106 38.0 62.0 1
    1  553  130    0 57.0 90.0 1
    1  870  135   50 56.0 76.0 1
    1  529   46    0 77.0 90.0 1
    1 3084  162   10 51.0 87.0 1
    1 1856  125    0 58.0 90.0 1
    1 2423   57    0 74.0 90.0 1
    1 1423  168    0 50.0 90.0 0
    1  765  247  102 39.0 63.0 1
    1 2720  247    0 39.0 90.0 1
    1 3427  200  162 45.0 51.0 1
    1 2849  230  102 41.0 63.0 1
    1 1252  265   89 37.0 66.0 1
    1 2328  230    0 41.0 90.0 1
    1 1445  214   98 43.0 64.0 1
    1 2186   81   28 68.0 82.0 0
    1  549   98   57 64.0 74.0 0
    1 3089   50    0 76.0 90.0 1
    1 2572  207  168 44.0 50.0 1
    1 1436  308   89 33.0 66.0 1
    1 1630  238    0 40.0 90.0 1
    1  378   32   10 81.0 87.0 1
    1 2060  140   85 55.0 67.0 1
    1 3535  333   39 31.0 79.0 1
    1  591  193    0 46.0 90.0 1
    1 3579   50    0 76.0 90.0 1
    1 3556   69   43 71.0 78.0 0
    1 2978  125    0 58.0 90.0 1
    1 1322  140   17 55.0 85.0 1
    1  467  207    0 44.0 90.0 1
    1 1389   39    0 79.0 90.0 1
    1 2504  151   32 53.0 81.0 1
    1 1841  174    0 49.0 90.0 0
    1 2616  162    0 51.0 90.0 1
    1 3470  187   73 47.0 70.0 1
    1  708   89    0 66.0 90.0 1
    1 3327  145  125 54.0 58.0 1
    1 3242  130   50 57.0 76.0 1
    1  530  238    7 40.0 88.0 1
    1 1126  222    0 42.0 90.0 0
    1 2431  297   39 34.0 79.0 1
    1 1298  168   69 50.0 71.0 1
    1 1222  247  238 39.0 40.0 1
    1  582  238   28 40.0 82.0 1
    1 1070  106    0 62.0 90.0 1
    1 3445  297    0 34.0 90.0 1
    1  467   69    0 71.0 90.0 1
    1 2845  333  102 31.0 63.0 1
    1 1591  102    0 63.0 90.0 1
    1 2151  247   54 39.0 75.0 1
    1 2901  256  156 38.0 52.0 1
    1 2146  162    0 51.0 90.0 1
    1 1586   21   17 84.0 85.0 1
    1 1933  346   46 30.0 77.0 1
    1 3423  333    0 31.0 90.0 1
    1 3180  320  247 32.0 39.0 1
    1 2601   50    0 76.0 90.0 1
    1 2748  135   32 56.0 81.0 1
    1 3096  174   73 49.0 70.0 1
    1 1141   50   21 76.0 84.0 1
    1 3477  346  320 30.0 32.0 1
    1  803  256  106 38.0 62.0 1
    1  728   14   10 86.0 87.0 1
    1 2278   50    0 76.0 90.0 1
    1 2728   35    0 80.0 90.0 1
    1 1633   46    0 77.0 90.0 1
    1 1302  151  125 53.0 58.0 0
    1 3583  174  162 49.0 51.0 1
    1 3506   81    0 68.0 90.0 0
    1 3119  230  180 41.0 48.0 1
    1  609  193    0 46.0 90.0 1
    1 1866  156  102 52.0 63.0 1
    1 1956  162    0 51.0 90.0 1
    1 2356    7    0 88.0 90.0 1
    1  391  106    0 62.0 90.0 0
    1 2273  156   17 52.0 85.0 1
    1  401  106    0 62.0 90.0 1
    1 1409  162    0 51.0 90.0 1
    1 2468  180    0 48.0 90.0 1
    1 2059  168    0 50.0 90.0 1
    1  443  130    0 57.0 90.0 1
    1 1662   54    7 75.0 88.0 0
    1 2575   43    0 78.0 90.0 1
    1 2633    3    0 89.0 90.0 1
    1 1275  346    0 30.0 90.0 0
    1 1880   77    0 69.0 90.0 0
    1 3369   73   69 70.0 71.0 1
    1 2885  200  151 45.0 53.0 1
    1 3344  275  187 36.0 47.0 1
    1  837  145    0 54.0 90.0 0
    1 2253  207  151 44.0 53.0 1
    1 3541  297  200 34.0 45.0 1
    1 2381   85    0 67.0 90.0 0
    1  579  120    3 59.0 89.0 1
    1 3044   35   32 80.0 81.0 1
    1 2393  125    0 58.0 90.0 1
    1 1380  247    0 39.0 90.0 1
    1 1671  135   73 56.0 70.0 1
    1 2690  187  156 47.0 52.0 1
    1 1149  230  135 41.0 56.0 1
    1 2085  222   61 42.0 73.0 1
    1 1763  130    0 57.0 90.0 1
    1  556   28    0 82.0 90.0 1
    1 2741   89   50 66.0 76.0 1
    1 2929  286   69 35.0 71.0 1
    1 2324   57    0 74.0 90.0 1
    1 2715  106   77 62.0 69.0 1
    1 1586   98   39 64.0 79.0 1
    1  315   69    0 71.0 90.0 1
    1 1943  162  140 51.0 55.0 1
    1 2367  156  102 52.0 63.0 1
    1  928  207    0 44.0 90.0 1
    1 2979  120    0 59.0 90.0 0
    1 3141   39    0 79.0 90.0 1
    1 3098    7    0 88.0 90.0 1
    1  680  162   50 51.0 76.0 1
    1  887  200   85 45.0 67.0 1
    1 3084  297  156 34.0 52.0 1
    1  832  156    0 52.0 90.0 1
    1 1165  222  187 42.0 47.0 1
    1 2936   73    0 70.0 90.0 1
    1  623  106   57 62.0 74.0 1
    1 2455  111   65 61.0 72.0 1
    1 3205  180   98 48.0 64.0 1
    1  616  308    0 33.0 90.0 1
    1 3097   54   43 75.0 78.0 1
    1  986   85    0 67.0 90.0 0
    1 2676  265   32 37.0 81.0 1
    1 2065  156   21 52.0 84.0 1
    1 1365  333   98 31.0 64.0 1
    1  481  130   73 57.0 70.0 1
    1 2153  151  125 53.0 58.0 1
    1  879  111   69 61.0 71.0 1
    1 1108  308   14 33.0 86.0 1
    1 3112   14    0 86.0 90.0 1
    1 1790  151  151 53.0 53.0 1
    1 2766   98    0 64.0 90.0 1
    1 2003  247   43 39.0 78.0 1
    1 3206   93   21 65.0 84.0 1
    1 2976  168   14 50.0 86.0 1
    1 2496   25    0 83.0 90.0 1
    1 1204  174  111 49.0 61.0 1
    1 1949  265    0 37.0 90.0 1
    1  748  214   35 43.0 80.0 1
    1 3044  320  156 32.0 52.0 1
    1 3317   32   21 81.0 84.0 1
    1 1889  256  168 38.0 50.0 1
    1 2292  162   89 51.0 66.0 1
    1  926   93    0 65.0 90.0 1
    1 1755  168   98 50.0 64.0 1
    1 2387  238  120 40.0 59.0 1
    1 3247  308    0 33.0 90.0 0
    1 1629   35   10 80.0 87.0 1
    1 3406  275  120 36.0 59.0 1
    1  711  111    0 61.0 90.0 1
    1  372  102    0 63.0 90.0 1
    1 1264  174   81 49.0 68.0 1
    1 1851  297    7 34.0 88.0 0
