 200 200 200 124
    1  369  180    0 48.0 90.0 1
    1 2442  297    0 34.0 90.0 0
    1 1175  120   28 59.0 82.0 1
    1 3499  230   98 41.0 64.0 1
    1 1849  193   54 46.0 75.0 1
    1  359   39    0 79.0 90.0 1
    1 2381   50    0 76.0 90.0 1
    1 2078  145   57 54.0 74.0 1
    1 2151  265   57 37.0 74.0 1
    1  478  106   81 62.0 68.0 1
    1  796  275  111 36.0 61.0 1
    1 2199  102   77 63.0 69.0 1
    1 3194   89    0 66.0 90.0 1
    1 2408   10    0 87.0 90.0 0
    1 1005  265    0 37.0 90.0 0
    1  745  207   17 44.0 85.0 1
    1 1304   43   10 78.0 87.0 1
    1 3202  200  168 45.0 50.0 1
    1  614   21    0 84.0 90.0 1
    1 3172  102   21 63.0 84.0 0
    1 3561  115    0 60.0 90.0 1
    1  598  151   14 53.0 86.0 0
    1 2164  106   43 62.0 78.0 1
    1 3081  320  130 32.0 57.0 0
    1 2281  256   65 38.0 72.0 1
    1 1858  333   57 31.0 74.0 1
    1 2153   89    0 66.0 90.0 1
    1 1725   81   65 68.0 72.0 0
    1 1709  308   77 33.0 69.0 1
    1 1901  222  145 42.0 54.0 1
    1 1115  286   81 35.0 68.0 1
    1 1803   89   65 66.0 72.0 1
    1 2929  168   21 50.0 84.0 1
    1  374  140    0 55.0 90.0 1
    1 1406  168  130 50.0 57.0 1
    1 2795  151   69 53.0 71.0 0
    1  503  135    0 56.0 90.0 1
    1 1356  214    0 43.0 90.0 1
    1 1536  222   57 42.0 74.0 1
    1 2256  130  102 57.0 63.0 1
    1 3452  187   17 47.0 85.0 1
    1 1971  115   50 60.0 76.0 1
    1 1426  238   73 40.0 70.0 1
    1 2552  333   25 31.0 83.0 1
    1  971  265  151 37.0 53.0 1
    1 3578  102    0 63.0 90.0 1
    1  662   17    0 85.0 90.0 1
    1  504   54    0 75.0 90.0 1
    1 3392  187  125 47.0 58.0 0
    1 3161  230   21 41.0 84.0 1
    1 1175  102   14 63.0 86.0 1
    1 2137   21    0 84.0 90.0 1
    1 2761   93    0 65.0 90.0 1
    1 1966  156   39 52.0 79.0 1
    1 2875  222   14 42.0 86.0 1
    1 2890   89    0 66.0 90.0 1
    1 2237  125   35 58.0 80.0 1
    1 1670   57    0 74.0 90.0 1
    1  496   98   89 64.0 66.0 1
    1 2764  297   43 34.0 78.0 1
    1 3120  168   25 50.0 83.0 1
    1  454  111    0 61.0 90.0 1
    1 2140  230    0 41.0 90.0 1
    1 1386   39    0 79.0 90.0 1
    1 2887  162    0 51.0 90.0 1
    1 1602  145   65 54.0 72.0 1
    1 2072  115    7 60.0 88.0 1
    1 3457   14    0 86.0 90.0 1
    1 2611  125    0 58.0 90.0 1
    1 3196  145   89 54.0 66.0 1
    1 1798   43    0 78.0 90.0 1
    1 1880  187   50 47.0 76.0 1
    1 1827  275   93 36.0 65.0 1
    1 3212   43    0 78.0 90.0 1
    1 2939   39   10 79.0 87.0 1
    1  773  346    0 30.0 90.0 1
    1 3340  297    0 34.0 90.0 1
    1 3351  140   21 55.0 84.0 1
    1 2854  222  207 42.0 44.0 1
    1 1485   61    0 73.0 90.0 1
    1 1667  256  106 38.0 62.0 1
    1  681   81   73 68.0 70.0 1
    1 1930  145   14 54.0 86.0 0
    1 3580  200    3 45.0 89.0 1
    1 2963  346    0 30.0 90.0 0
    1 1025  168   77 50.0 69.0 1
    1 2955  102    0 63.0 90.0 1
    1 2592  187    7 47.0 88.0 1
    1 3570   50   50 76.0 76.0 1
    1 1771  151   81 53.0 68.0 1
    1 3049  200   17 45.0 85.0 1
    1  760   39    0 79.0 90.0 1
    1 2454  193   89 46.0 66.0 0
    1 2159  320   17 32.0 85.0 1
    1 2998  156   81 52.0 68.0 1
    1 1103  207   57 44.0 74.0 1
    1 3590   46   17 77.0 85.0 1
    1 1540  346   21 30.0 84.0 0
    1  628   81    0 68.0 90.0 0
    1 2900   61    0 73.0 90.0 1
    1 3484  286  125 35.0 58.0 1
    1 3486   98   43 64.0 78.0 1
    1 1704   81    0 68.0 90.0 1
    1 3252   73    0 70.0 90.0 1
    1 1905  200    0 45.0 90.0 0
    1 2129  156    0 52.0 90.0 1
    1 1329  130    0 57.0 90.0 1
    1 1888  230   77 41.0 69.0 1
    1  832   65    0 72.0 90.0 1
    1 1184   77   17 69.0 85.0 1
    1  690  135    0 56.0 90.0 1
    1 2831  297  130 34.0 57.0 1
    1 3334  125   98 58.0 64.0 1
    1 1505  320  297 32.0 34.0 1
    1 1061  207  200 44.0 45.0 1
    1 2350  230   57 41.0 74.0 1
    1 1590  256   73 38.0 70.0 1
    1 3244  346  275 30.0 36.0 1
    1  889  238   57 40.0 74.0 1
    1 1842  275    0 36.0 90.0 1
    1 1564  256    7 38.0 88.0 1
    1 2593   21    0 84.0 90.0 1
    1 3102   61    0 73.0 90.0 1
    1  741   39    0 79.0 90.0 1
    1 3376   69    0 71.0 90.0 1
    1 1085   93   32 65.0 81.0 0
    1 2148  156    0 52.0 90.0 1
    1 3379  140    7 55.0 88.0 1
    1 1327  346   17 30.0 85.0 1
    1 1238    7    0 88.0 90.0 1
    1  563  156   50 52.0 76.0 1
    1 3208  346  102 30.0 63.0 1
    1 1848   69    0 71.0 90.0 1
    1  711  145    0 54.0 90.0 0
    1 3433  174   61 49.0 73.0 1
    1  967  256    0 38.0 90.0 0
    1 3293   21    0 84.0 90.0 1
    1 2502  265    3 37.0 89.0 1
    1 2259  200  135 45.0 56.0 1
    1 1840  265    0 37.0 90.0 1
    1 2539  275    0 36.0 90.0 1
    1  739  151  111 53.0 61.0 0
    1 1410  238  140 40.0 55.0 1
    1 3321  115  111 60.0 61.0 1
    1 3004  162    0 51.0 90.0 1
    1  308   77   73 69.0 70.0 1
    1 2136  346    0 30.0 90.0 1
    1 2719  140    0 55.0 90.0 1
    1 1151  162    0 51.0 90.0 1
    1 1033   77    0 69.0 90.0 1
    1 2881  145  106 54.0 62.0 1
    1  716   77    0 69.0 90.0 1
    1  386   28   28 82.0 82.0 1
    1 2968  308    0 33.0 90.0 1
    1 1236  200  111 45.0 61.0 1
    1 1179  156  125 52.0 58.0 1
    1 1209  135   43 56.0 78.0 1
    1 3356  162   98 51.0 64.0 1
    1 1241  125   69 58.0 71.0 1
    1 2496   61    0 73.0 90.0 1
    1 2156  308    0 33.0 90.0 1
    1  863  106   35 62.0 80.0 1
    1 3167  346    0 30.0 90.0 1
    1 3366   54   43 75.0 78.0 1
    1 2686  207  187 44.0 47.0 1
    1 3092   85    3 67.0 89.0 1
    1 3458  145   50 54.0 76.0 1
    1  942  256    0 38.0 90.0 1
    1 1582   10    0 87.0 90.0 1
    1 1220  135    3 56.0 89.0 1
    1  411    3    0 89.0 90.0 1
    1 1381   50   28 76.0 82.0 1
    1 3538   93    0 65.0 90.0 1
    1 3414   98   10 64.0 87.0 1
    1 2093   43   21 78.0 84.0 1
    1  484  230    0 41.0 90.0 1
    1  444  125   43 58.0 78.0 1
    1 3434   28   28 82.0 82.0 1
    1 3397  115    0 60.0 90.0 0
    1 2400   77    0 69.0 90.0 1
    1 2415  265    0 37.0 90.0 1
    1 3053  145   89 54.0 66.0 0
    1  538   65   57 72.0 74.0 1
    1 2019  200    0 45.0 90.0 1
    1  605  106   69 62.0 71.0 1
    1 3230  320   50 32.0 76.0 1
    1 1747  156   85 52.0 67.0 1
    1 1226   57   50 74.0 76.0 1
    1 2785  135    0 56.0 90.0 1
    1  688  145    0 54.0 90.0 1
    1 3210  207   46 44.0 77.0 1
    1 1852   85    0 67.0 90.0 1
    1 2089   89    0 66.0 90.0 1
    1  415   81    0 68.0 90.0 1
    1 3022  346   54 30.0 75.0 1
    1 1254   25   14 83.0 86.0 1
    1 3248  200   50 45.0 76.0 1
    1 3320  180   85 48.0 67.0 0
    1 2306  180   25 48.0 83.0 1
    1 1301   17   17 85.0 85.0 1
