 200 200 200 124
    1 2427  297  120 34.0 59.0 1
    1 2542   65   10 72.0 87.0 1
    1 2013  187    0 47.0 90.0 1
    1 1469  145    0 54.0 90.0 1
    1 1280   89    0 66.0 90.0 1
    1 2796  297  156 34.0 52.0 1
    1  611  230   54 41.0 75.0 1
    1 1144  111   17 61.0 85.0 1
    1 1295   61   28 73.0 82.0 1
    1 3118  247   21 39.0 84.0 1
    1  883  156    0 52.0 90.0 1
    1 2740   39    3 79.0 89.0 1
    1 2958  102    0 63.0 90.0 1
    1  723  125    3 58.0 89.0 1
    1 3323  275   14 36.0 86.0 1
    1 2799  333    0 31.0 90.0 1
    1 1481  238   28 40.0 82.0 1
    1 1359  151    0 53.0 90.0 1
    1 3345  256  238 38.0 40.0 1
    1  850  247   43 39.0 78.0 1
    1 1067  168   39 50.0 79.0 1
    1 1019   54    0 75.0 90.0 1
    1 3449  120   14 59.0 86.0 1
    1 1266  275  207 36.0 44.0 1
    1 2176   46    0 77.0 90.0 1
    1 3128  207    0 44.0 90.0 1
    1 1982   73   10 70.0 87.0 1
    1 3352  275   46 36.0 77.0 1
    1 1827  102   39 63.0 79.0 1
    1 2851   98   43 64.0 78.0 1
    1 2286   32    0 81.0 90.0 1
    1 1645   93    0 65.0 90.0 1
    1 2967  120   81 59.0 68.0 1
    1 1996  214   57 43.0 74.0 1
    1 2542   54    0 75.0 90.0 1
    1 3268  308   39 33.0 79.0 1
    1 1957  125   50 58.0 76.0 1
    1 1853  222  214 42.0 43.0 0
    1 2611  102   54 63.0 75.0 1
    1  752  156    0 52.0 90.0 1
    1 3266  346    0 30.0 90.0 1
    1 2925  346    0 30.0 90.0 1
    1 2049  174   81 49.0 68.0 1
    1 3539  125    0 58.0 90.0 1
    1 1007   25    0 83.0 90.0 1
    1 3476  156    0 52.0 90.0 1
    1 3561  187    0 47.0 90.0 1
    1  406  168    0 50.0 90.0 1
    1 1694  320  275 32.0 36.0 1
    1 1465   17    0 85.0 90.0 1
    1 1926  174   35 49.0 80.0 1
    1 1692   43    0 78.0 90.0 1
    1 2195   39   32 79.0 81.0 1
    1 1792  297   85 34.0 67.0 1
    1  694  308   25 33.0 83.0 1
    1 2400  265    0 37.0 90.0 1
    1 1592  297  297 34.0 34.0 1
    1  857  151   28 53.0 82.0 1
    1 2463  102    0 63.0 90.0 0
    1 3163  265   85 37.0 67.0 1
    1 3201  140  106 55.0 62.0 1
    1  300   54    0 75.0 90.0 1
    1 2258  286  193 35.0 46.0 0
    1 3474  230    0 41.0 90.0 1
    1  359   93    0 65.0 90.0 1
    1 2661  111   25 61.0 83.0 1
    1 3236  333  156 31.0 52.0 1
    1  474  214    0 43.0 90.0 1
    1 1127  140  135 55.0 56.0 1
    1 1360  180   25 48.0 83.0 1
    1 1296  135   85 56.0 67.0 1
    1 1459  156  130 52.0 57.0 1
    1 2654   89   61 66.0 73.0 0
    1  336   98   17 64.0 85.0 1
    1 1195    7    0 88.0 90.0 1
    1 2460  174    0 49.0 90.0 1
    1 3322  256   17 38.0 85.0 1
    1 3210   28   25 82.0 83.0 1
    1 3470  265   61 37.0 73.0 0
    1 2550  102   10 63.0 87.0 1
    1  595   73    0 70.0 90.0 1
    1 2470  297    0 34.0 90.0 1
    1 3445  230    0 41.0 90.0 1
    1  840  151   28 53.0 82.0 0
    1 2342   69    0 71.0 90.0 1
    1 3471  297    0 34.0 90.0 1
    1  412  168   32 50.0 81.0 1
    1 2203    3    0 89.0 90.0 1
    1 3330  106   98 62.0 64.0 1
    1 2788  125    0 58.0 90.0 1
    1 1478   61    0 73.0 90.0 1
    1 1498  286    0 35.0 90.0 1
    1 3155  275  230 36.0 41.0 1
    1 1994  115   25 60.0 83.0 1
    1 2065  297  230 34.0 41.0 1
    1  483   77   25 69.0 83.0 1
    1 2576  120    0 59.0 90.0 1
    1 3254  207  125 44.0 58.0 1
    1  425  156   32 52.0 81.0 1
    1  601  214   35 43.0 80.0 1
    1 2258   93   54 65.0 75.0 1
    1 1214   89   57 66.0 74.0 1
    1 2057   57    0 74.0 90.0 1
    1 1722  230   35 41.0 80.0 1
    1 2434  174   73 49.0 70.0 1
    1 3425   50    0 76.0 90.0 1
    1 1785  174    7 49.0 88.0 1
    1 1218  265  222 37.0 42.0 1
    1  898  346   85 30.0 67.0 1
    1  970   81   10 68.0 87.0 1
    1  432   10    0 87.0 90.0 0
    1 1466   10    0 87.0 90.0 1
    1 1537   61    0 73.0 90.0 1
    1 3154  256   89 38.0 66.0 1
    1 2013  115    7 60.0 88.0 1
    1 2038  125   93 58.0 65.0 1
    1 2429  308    0 33.0 90.0 1
    1 2363  320    0 32.0 90.0 0
    1 2003   54   28 75.0 82.0 0
    1  740   93   21 65.0 84.0 1
    1  373  174    0 49.0 90.0 0
    1  359   89    0 66.0 90.0 1
    1  433   81   69 68.0 71.0 1
    1 2063  151    0 53.0 90.0 1
    1 1368  120   61 59.0 73.0 1
    1 3011  102    0 63.0 90.0 0
    1 1654  256   73 38.0 70.0 1
    1 1535  106    0 62.0 90.0 0
    1 3369  320  230 32.0 41.0 1
    1 2545   89   28 66.0 82.0 1
    1 1343   98    0 64.0 90.0 1
    1  901  346   65 30.0 72.0 1
    1 2301  193  140 46.0 55.0 1
    1 1140   50   25 76.0 83.0 1
    1 1909  193   65 46.0 72.0 1
    1 1053   89    0 66.0 90.0 1
    1 3165  174  111 49.0 61.0 1
    1 2998  297   32 34.0 81.0 1
    1 3160   10    0 87.0 90.0 1
    1 2142  297  162 34.0 51.0 1
    1 2709  168   85 50.0 67.0 1
    1 2353   54    0 75.0 90.0 0
    1 1155   81   28 68.0 82.0 1
    1  886  145    3 54.0 89.0 1
    1  768  222  162 42.0 51.0 1
    1 1189  180    7 48.0 88.0 0
    1  781   81    0 68.0 90.0 1
    1 3023  308  308 33.0 33.0 1
    1 1044  297    0 34.0 90.0 0
    1 3253   25   14 83.0 86.0 1
    1 3193  187  140 47.0 55.0 0
    1  755  130  120 57.0 59.0 1
    1 1095  145    0 54.0 90.0 1
    1  908  200  180 45.0 48.0 1
    1  346    3    0 89.0 90.0 1
    1 3545  297   89 34.0 66.0 1
    1 3012  230  135 41.0 56.0 1
    1  410  130    0 57.0 90.0 1
    1 2326   28    0 82.0 90.0 1
    1 1932  145    0 54.0 90.0 1
    1 2177   54   35 75.0 80.0 1
    1 3272  193   73 46.0 70.0 1
    1 1064  111    0 61.0 90.0 1
    1 2221   14   10 86.0 87.0 1
    1 1096   39    0 79.0 90.0 1
    1 1139  238    0 40.0 90.0 1
    1  866  256  151 38.0 53.0 1
    1 2166  200    7 45.0 88.0 1
    1 1608  135    0 56.0 90.0 1
    1 1582   61    0 73.0 90.0 1
    1 3560  214  180 43.0 48.0 1
    1 1977    3    0 89.0 90.0 1
    1 3020  174    0 49.0 90.0 1
    1 2719  333  111 31.0 61.0 1
    1 2627  265   65 37.0 72.0 1
    1 2657   85   73 67.0 70.0 1
    1  761   32    3 81.0 89.0 0
    1 2391  151   69 53.0 71.0 1
    1 1597   73   14 70.0 86.0 0
    1 1448  115   89 60.0 66.0 1
    1 3517  145  140 54.0 55.0 1
    1 1341   77   39 69.0 79.0 0
    1 1025  346  106 30.0 62.0 1
    1  790  174    0 49.0 90.0 1
    1 2907  207  130 44.0 57.0 1
    1  794  193   28 46.0 82.0 1
    1 1972  308   69 33.0 71.0 1
    1 1241  207  106 44.0 62.0 1
    1 2607  333   54 31.0 75.0 0
    1 2847  162   46 51.0 77.0 1
    1 1430  145    7 54.0 88.0 1
    1 1958  230  120 41.0 59.0 0
    1 2306   25    0 83.0 90.0 1
    1 2882  333   35 31.0 80.0 1
    1 1557  238   69 40.0 71.0 1
    1 1510  230    0 41.0 90.0 1
    1 2949  238   98 40.0 64.0 1
    1  838  156    0 52.0 90.0 1
    1  420  135    0 56.0 90.0 0
    1 3189  111  106 61.0 62.0 1
