 200 200 200 124
    1 1522   93   10 65.0 87.0 1
    1  612  174   39 49.0 79.0 1
    1 1250  214  120 43.0 59.0 1
    1 1068  102    0 63.0 90.0 0
    1 1832  346    0 30.0 90.0 1
    1  835   57    0 74.0 90.0 1
    1 1825  346  111 30.0 61.0 1
    1 1925  130  111 57.0 61.0 1
    1 1390   28    0 82.0 90.0 1
    1  532  193    0 46.0 90.0 1
    1 1388   32    0 81.0 90.0 1
    1 2573   54   25 75.0 83.0 1
    1 2191  333   85 31.0 67.0 1
    1 2096   73    0 70.0 90.0 1
    1  798  140   89 55.0 66.0 1
    1  484   73    0 70.0 90.0 1
    1 1771   73   21 70.0 84.0 1
    1 1868  214    0 43.0 90.0 1
    1  937  140   85 55.0 67.0 1
    1 2130  222    0 42.0 90.0 1
    1 2738  106    0 62.0 90.0 1
    1 1350  286    0 35.0 90.0 1
    1 3474   25    0 83.0 90.0 1
    1  981  168    0 50.0 90.0 1
    1 2912   50    0 76.0 90.0 1
    1 1524  333   43 31.0 78.0 1
    1  716   17    7 85.0 88.0 1
    1  984   50    0 76.0 90.0 1
    1 2610  275  222 36.0 42.0 1
    1 2914  180    0 48.0 90.0 1
    1 2935  193   39 46.0 79.0 1
    1  797  222    0 42.0 90.0 1
    2 1578   35   17 80.0 85.0 1
    1 2450  140  115 55.0 60.0 1
    1 1249   73   65 70.0 72.0 1
    1 2169   43    0 78.0 90.0 1
    1 2074  130  125 57.0 58.0 1
    1  750  230    0 41.0 90.0 1
    0 1055  180    0 48.0 90.0 1
    1 1834  265  106 37.0 62.0 0
    1 2393   10    0 87.0 90.0 1
    1 1555   46    0 77.0 90.0 1
    1 1693  214   85 43.0 67.0 1
    1  615   85   65 67.0 72.0 1
    1 1303   39    0 79.0 90.0 1
    1 2835   39    0 79.0 90.0 1
    1 2954   81    7 68.0 88.0 1
    1  744  162    0 51.0 90.0 1
    1 2392  106   57 62.0 74.0 1
    1 2958  256  187 38.0 47.0 1
    1 2609   54    0 75.0 90.0 1
    1 1222  214  156 43.0 52.0 1
    1 2158   73   61 70.0 73.0 1
    1 3258   65    3 72.0 89.0 0
    1  704   98    0 64.0 90.0 1
    2  894  162   54 51.0 75.0 1
    1 3428   25    0 83.0 90.0 1
    1 2428  200    0 45.0 90.0 1
    1 1839   93    0 65.0 90.0 1
    1  427  135    0 56.0 90.0 1
    1 1270  156   50 52.0 76.0 1
    1 3540  214  125 43.0 58.0 0
    1 2934  230  125 41.0 58.0 1
    1  943  207   54 44.0 75.0 1
    1 3409   43    3 78.0 89.0 0
    1 1992  207   14 44.0 86.0 1
    1 3117   43    0 78.0 90.0 1
    1 1840  106   57 62.0 74.0 1
    1 1426  247    0 39.0 90.0 1
    1 3086  162   50 51.0 76.0 0
    1  502  102    0 63.0 90.0 1
    1 3516  162   77 51.0 69.0 1
    1 1533  193   43 46.0 78.0 1
    1 1460  115    0 60.0 90.0 1
    1 3079  162    0 51.0 90.0 1
    1  566  145   28 54.0 82.0 1
    1 3340   81   65 68.0 72.0 1
    0 3421  156  130 52.0 57.0 1
    2  752  187    7 47.0 88.0 0
    1 3244  111  106 61.0 62.0 1
    1 2862  247  135 39.0 56.0 1
    1 2575  320   35 32.0 80.0 1
    1  609  247    0 39.0 90.0 1
    1 1303  333  151 31.0 53.0 1
    1 2337   28    0 82.0 90.0 1
    1 2306   57   35 74.0 80.0 1
    1 1299   43    0 78.0 90.0 1
    1 3285  151    0 53.0 90.0 1
    1 3366  135   61 56.0 73.0 1
    1  685  162   93 51.0 65.0 1
    1 1774  207   21 44.0 84.0 0
    1  452   73    0 70.0 90.0 1
    1 2996  308   35 33.0 80.0 1
    1  622  106   57 62.0 74.0 1
    1 1666   50    0 76.0 90.0 1
    1 3236  230  174 41.0 49.0 1
    1 1391  333  125 31.0 58.0 1
    1 3047  297   46 34.0 77.0 1
    1 1770   85    0 67.0 90.0 1
    1 2626  111    0 61.0 90.0 1
    1 3088  207   43 44.0 78.0 1
    1 2399  275  125 36.0 58.0 1
    1 2737   46    0 77.0 90.0 1
    1  872  297    0 34.0 90.0 0
    1  985  111   93 61.0 65.0 1
    1 3446  106   81 62.0 68.0 1
    1  634  230   14 41.0 86.0 1
    1 1503   81   21 68.0 84.0 1
    1 2772  111   54 61.0 75.0 1
    1  414  180    0 48.0 90.0 1
    1 2450  156    7 52.0 88.0 1
    1 2909  256   93 38.0 65.0 1
    1 1190  256   50 38.0 76.0 1
    1  842  297    0 34.0 90.0 1
    1 1986   61   35 73.0 80.0 1
    1  357   85    0 67.0 90.0 1
    1  774  320   14 32.0 86.0 1
    1 1914  222  125 42.0 58.0 1
    1 2296   25   21 83.0 84.0 1
    1  698  265   57 37.0 74.0 1
    1 3394  207  200 44.0 45.0 1
    1 3374   17    0 85.0 90.0 1
    1 1106  162  125 51.0 58.0 1
    1 3263  168   43 50.0 78.0 1
    1  888  140   81 55.0 68.0 0
    1 2222  207    0 44.0 90.0 1
    1 2479  140  115 55.0 60.0 1
    1 1757  214   65 43.0 72.0 1
    1  608   32    0 81.0 90.0 1
    1 3073  156  102 52.0 63.0 1
    1 3452  230  111 41.0 61.0 1
    1 1978  168  168 50.0 50.0 1
    1 3272  222   65 42.0 72.0 1
    1 2489  180   10 48.0 87.0 0
    1 2022  238  140 40.0 55.0 1
    1  639  168    0 50.0 90.0 1
    1 3594   54    0 75.0 90.0 1
    1 1576  102   73 63.0 70.0 1
    1 1759  207  168 44.0 50.0 1
    1 1887  238   21 40.0 84.0 1
    1 1466   85    0 67.0 90.0 1
    1  845  308  102 33.0 63.0 1
    1 2294  308  286 33.0 35.0 1
    1 2492  115   39 60.0 79.0 1
    1 3454   17    0 85.0 90.0 1
    1 3399  162   35 51.0 80.0 1
    1 1891  200    0 45.0 90.0 1
    1 1280  174   69 49.0 71.0 1
    1  507   77   54 69.0 75.0 1
    1 2079  214  130 43.0 57.0 1
    1 2647  187    0 47.0 90.0 1
    1 2983   50    0 76.0 90.0 1
    1 3031   89    3 66.0 89.0 1
    1 3279   89    0 66.0 90.0 1
    1 1560  180   35 48.0 80.0 1
    0  602   98   85 64.0 67.0 0
    1 3003   43    0 78.0 90.0 1
    1 1841  275   10 36.0 87.0 1
    1 2827   93    0 65.0 90.0 1
    1 2098   73   69 70.0 71.0 0
    1 2909  187   81 47.0 68.0 1
    1 2405   61    0 73.0 90.0 1
    1 3290   21    0 84.0 90.0 1
    1 2491   57    0 74.0 90.0 1
    1 2737  238   14 40.0 86.0 1
    1  774  200    7 45.0 88.0 1
    1 2117   98    0 64.0 90.0 1
    1 1858  102   32 63.0 81.0 1
    2 2217  102   85 63.0 67.0 1
    1 1875  346  200 30.0 45.0 1
    1 1694  168   69 50.0 71.0 1
    1 3021  238    0 40.0 90.0 1
    1 2411  214   28 43.0 82.0 1
    1 2083  151    0 53.0 90.0 1
    1 1475  125   46 58.0 77.0 1
    1 2798   28    0 82.0 90.0 1
    1 1727  238   85 40.0 67.0 1
    1 2374  230   25 41.0 83.0 1
    0 2942  140    0 55.0 90.0 1
    1 1991  275   46 36.0 77.0 1
    1 1735  247  187 39.0 47.0 1
    1 3288  230   25 41.0 83.0 1
    1  520   46    0 77.0 90.0 1
    1 2603  162   32 51.0 81.0 1
    1  669   69   50 71.0 76.0 1
    1 2522  135    0 56.0 90.0 1
    1 3152   73    0 70.0 90.0 1
    1 2913   57   43 74.0 78.0 0
    1 1340  111   77 61.0 69.0 1
    1 2703  115    7 60.0 88.0 1
    1 1249  308   14 33.0 86.0 1
    1  857  230    0 41.0 90.0 0
    1 1063  102   32 63.0 81.0 1
    1 2219  333   43 31.0 78.0 1
    1 2016  135    0 56.0 90.0 1
    1 1288  135   61 56.0 73.0 1
    1  563  265    0 37.0 90.0 1
    1 2870  106    0 62.0 90.0 1
    1 2991  275  256 36.0 38.0 1
    1 1588   98   50 64.0 76.0 1
