 200 200 200 124
    1 3460  222   73 42.0 70.0 1
    1 1134   65    0 72.0 90.0 1
    1 1138  308  187 33.0 47.0 1
    1 3248  256  238 38.0 40.0 1
    1 1982  174  120 49.0 59.0 1
    1  938  125    0 58.0 90.0 1
    1 1772  308  193 33.0 46.0 1
    1 2302   54    0 75.0 90.0 1
    1 2472  193    0 46.0 90.0 1
    1 2208  346  140 30.0 55.0 0
    1 3073  115    0 60.0 90.0 1
    1 1719  308  207 33.0 44.0 1
    1  926  320  125 32.0 58.0 1
    1 1636  222   46 42.0 77.0 1
    1 2615  308  102 33.0 63.0 1
    1 2863  230   50 41.0 76.0 0
    2 3349  180    0 48.0 90.0 1
    1  800  180  140 48.0 55.0 1
    1 3147  308  222 33.0 42.0 1
    1 1107  140  115 55.0 60.0 1
    1 1738   89    0 66.0 90.0 1
    1  648  102   73 63.0 70.0 1
    1  538  187   14 47.0 86.0 1
    1 3238  265  130 37.0 57.0 1
    1 2060   93   54 65.0 75.0 1
    1 2424  214  125 43.0 58.0 1
    1 2338  297  238 34.0 40.0 0
    1  584  125   50 58.0 76.0 1
    1 1184  297   81 34.0 68.0 1
    0  781   73    0 70.0 90.0 1
    1 1391  247  145 39.0 54.0 1
    1 1153  238    3 40.0 89.0 1
    1 1572  125   39 58.0 79.0 1
    1 2541  256   65 38.0 72.0 1
    1 1518  115    0 60.0 90.0 1
    1  906  187   21 47.0 84.0 1
    1  569  174   54 49.0 75.0 1
    1 3362   25    0 83.0 90.0 1
    1 3550   57   17 74.0 85.0 1
    1  477   61    0 73.0 90.0 1
    1 2957  180    0 48.0 90.0 1
    1 2259  193  102 46.0 63.0 1
    1  961   21    0 84.0 90.0 1
    2 1232   28    0 82.0 90.0 1
    1 3364  320   61 32.0 73.0 1
    1 3001  346    3 30.0 89.0 1
    1 3026  308  102 33.0 63.0 1
    1  620   35    0 80.0 90.0 1
    1  506  145   98 54.0 64.0 0
    1  618   89   14 66.0 86.0 0
    1 1030  214  140 43.0 55.0 1
    1 3051  247  238 39.0 40.0 1
    1 3307   65   14 72.0 86.0 1
    1 2078   98    0 64.0 90.0 1
    1 1007   89    0 66.0 90.0 1
    1 1920   17    0 85.0 90.0 1
    1 1086  265  115 37.0 60.0 0
    1 2392   35    7 80.0 88.0 1
    1 1895  151   93 53.0 65.0 1
    1  807  168   61 50.0 73.0 1
    1 1992   32    0 81.0 90.0 1
    1 3065   73    0 70.0 90.0 1
    1 1351  187   77 47.0 69.0 1
    1  598    7    0 88.0 90.0 1
    1  832  120    0 59.0 90.0 1
    1 2090   43    0 78.0 90.0 1
    1 2656   21    0 84.0 90.0 1
    1  458  162    0 51.0 90.0 1
    0 3374  207    0 44.0 90.0 1
    1 2976  135    0 56.0 90.0 1
    1 3266   57   25 74.0 83.0 1
    1 2094  140   46 55.0 77.0 1
    1 1071  265    0 37.0 90.0 1
    1 2276  320    0 32.0 90.0 1
    1 1506  207   39 44.0 79.0 0
    1  724   28    0 82.0 90.0 1
    1  518  115    0 60.0 90.0 0
    1 3443   85   50 67.0 76.0 1
    1 3572  193    0 46.0 90.0 1
    1 3390  102   14 63.0 86.0 1
    1 2559   39    0 79.0 90.0 1
    1 1835  200   73 45.0 70.0 1
    0 1413   81   17 68.0 85.0 1
    0  784  180    0 48.0 90.0 1
    1 2116  308  265 33.0 37.0 1
    1  647  130    0 57.0 90.0 1
    1  904   93   61 65.0 73.0 1
    1 3263   89    0 66.0 90.0 1
    1 1367  130   57 57.0 74.0 1
    1 1877  174    0 49.0 90.0 1
    1 1380  214    0 43.0 90.0 1
    2 1830  111   85 61.0 67.0 1
    1 1632   89    0 66.0 90.0 1
    1 3247  193  156 46.0 52.0 1
    1  643  256    0 38.0 90.0 1
    1 3331  168   89 50.0 66.0 1
    1 2875  125    0 58.0 90.0 1
    0 1753  156    7 52.0 88.0 1
    1 2977  238  151 40.0 53.0 1
    1 3029  333  115 31.0 60.0 0
    2 2094  187   81 47.0 68.0 0
    1 1548  265  238 37.0 40.0 1
    1 3278   35   28 80.0 82.0 1
    2 2789   69    0 71.0 90.0 1
    1  443   69    0 71.0 90.0 1
    1 1753  120   54 59.0 75.0 1
    1  870  135   85 56.0 67.0 1
    1 2543  120    7 59.0 88.0 1
    1 2495  265    0 37.0 90.0 1
    0  383  130    0 57.0 90.0 1
    1 3212  115   39 60.0 79.0 1
    1 2710  156   54 52.0 75.0 1
    1 1362   69   65 71.0 72.0 1
    1 3394  275  151 36.0 53.0 1
    2 1069  214  207 43.0 44.0 1
    1 3045  151   61 53.0 73.0 1
    1 1486  193   89 46.0 66.0 1
    1 2692  230  168 41.0 50.0 1
    1 3197  333  286 31.0 35.0 1
    1 3532   10    0 87.0 90.0 1
    1 2288   73   32 70.0 81.0 1
    1 1605   39    0 79.0 90.0 1
    1 3312   32   21 81.0 84.0 1
    1  550   85   81 67.0 68.0 1
    1 3508  174   32 49.0 81.0 1
    1  571   32    0 81.0 90.0 1
    1 1120  230   32 41.0 81.0 1
    1 1699  156   50 52.0 76.0 1
    1 1135  230  102 41.0 63.0 0
    1 2390  151   98 53.0 64.0 1
    1  866  106   43 62.0 78.0 1
    1  752  156    3 52.0 89.0 1
    1  736  256   46 38.0 77.0 1
    1 1267  168  115 50.0 60.0 1
    1 2668   69   17 71.0 85.0 0
    1 1243  214  174 43.0 49.0 1
    1  677  230   93 41.0 65.0 1
    1  343  135    0 56.0 90.0 1
    1 1229  115   65 60.0 72.0 1
    1 2541  111    0 61.0 90.0 1
    1 3426  346  102 30.0 63.0 0
    1 3200   50    0 76.0 90.0 1
    1 3472   54    0 75.0 90.0 0
    1 2717  286   89 35.0 66.0 1
    1 1180   25    0 83.0 90.0 1
    1 2537   14    0 86.0 90.0 0
    0 3564  238  193 40.0 46.0 1
    1 1975   61   39 73.0 79.0 1
    1 2898  222  200 42.0 45.0 1
    1 1506   89   61 66.0 73.0 1
    2 2817   32    0 81.0 90.0 1
    1  312   21    0 84.0 90.0 1
    1 3251   46    0 77.0 90.0 1
    1  739  145   57 54.0 74.0 1
    1 1567  106   89 62.0 66.0 1
    1 2263  320   50 32.0 76.0 1
    1 2294   14    0 86.0 90.0 1
    1 1380  106    0 62.0 90.0 1
    1 2127  333   98 31.0 64.0 1
    1  849  230   25 41.0 83.0 1
    1  429   10    0 87.0 90.0 1
    1 1271  156   98 52.0 64.0 1
    1 1163  256  222 38.0 42.0 1
    1  793  346    0 30.0 90.0 1
    1  929   65   28 72.0 82.0 0
    1  918  200   21 45.0 84.0 1
    1  317   39   25 79.0 83.0 1
    1 2758  286   46 35.0 77.0 0
    1 1278   98   35 64.0 80.0 0
    1 2556  230   32 41.0 81.0 1
    1 3535  102   46 63.0 77.0 1
    1 1951  333   98 31.0 64.0 1
    1 3388  286  162 35.0 51.0 1
    1 3040  200    0 45.0 90.0 1
    1  410    3    0 89.0 90.0 1
    1  695   89    0 66.0 90.0 1
    1 2933  187   17 47.0 85.0 1
    1 1637   10    0 87.0 90.0 1
    1 1987   77   54 69.0 75.0 1
    1 1236  247   32 39.0 81.0 1
    1 3222  320   65 32.0 72.0 0
    0 2310   93    0 65.0 90.0 1
    1 3065  222    0 42.0 90.0 1
    1  452  125    0 58.0 90.0 1
    1 2295  193   85 46.0 67.0 0
    1 2127   77    0 69.0 90.0 1
    1 1286   50    0 76.0 90.0 1
    1  715  265    0 37.0 90.0 1
    1  865   69   28 71.0 82.0 1
    1 1721  200  106 45.0 62.0 1
    2 1456  111    0 61.0 90.0 1
    1 2007   89   17 66.0 85.0 1
    1 3223   54   28 75.0 82.0 1
    1 2302   17    0 85.0 90.0 1
    1 1199  308    0 33.0 90.0 1
    1  875  275   73 36.0 70.0 1
    1 2138  333    7 31.0 88.0 1
    1 2183   89    7 66.0 88.0 0
    1 1853  333    0 31.0 90.0 1
    1 2067  151   89 53.0 66.0 1
