 200 200 200 124
    1 1854   81   73 68.0 70.0 1
    1  529  106   89 62.0 66.0 1
    1 2987   81    0 68.0 90.0 1
    1 1499  168   21 50.0 84.0 1
    1  710  238   28 40.0 82.0 1
    1  469  168   50 50.0 76.0 1
    1 1725  275  168 36.0 50.0 0
    1 2350  135   39 56.0 79.0 1
    1 2294   93    0 65.0 90.0 1
    1  640   25    0 83.0 90.0 1
    1  390   89    0 66.0 90.0 1
    1 2534  187  102 47.0 63.0 1
    1 3455   32    0 81.0 90.0 1
    1 2865    3    0 89.0 90.0 1
    1 1603   77    0 69.0 90.0 1
    1 2024  207  120 44.0 59.0 0
    1 1257  135    0 56.0 90.0 1
    1 3432  320   35 32.0 80.0 1
    1 1504  106   25 62.0 83.0 0
    1  635  106   73 62.0 70.0 1
    1 2030  207    0 44.0 90.0 0
    1 1668  286  125 35.0 58.0 0
    1 2869  265  256 37.0 38.0 1
    1  750  156  140 52.0 55.0 1
    1 1132  140  111 55.0 61.0 1
    1 1709  320   85 32.0 67.0 1
    1 2662  193    0 46.0 90.0 1
    1  969  145    0 54.0 90.0 1
    1 1820  174   50 49.0 76.0 1
    1 2769  238   61 40.0 73.0 1
    1 1821   17    0 85.0 90.0 1
    1 1145   21    0 84.0 90.0 0
    1 2930  320    0 32.0 90.0 1
    1 1547  174   21 49.0 84.0 1
    1 1542   85    0 67.0 90.0 1
    1 1480   81    0 68.0 90.0 1
    1 3255  238  145 40.0 54.0 1
    1 3408   57   17 74.0 85.0 1
    1 2491   65    0 72.0 90.0 1
    1  641  265   35 37.0 80.0 1
    1 3253   98   98 64.0 64.0 1
    1 3171   65   21 72.0 84.0 1
    1 3352  200   35 45.0 80.0 1
    1 2933   57    3 74.0 89.0 1
    1 1444  168   73 50.0 70.0 1
    1 3028  156    0 52.0 90.0 1
    1 1933   73    0 70.0 90.0 1
    1  591  207   39 44.0 79.0 1
    1 1855  120    7 59.0 88.0 1
    1  405   98   73 64.0 70.0 1
    1  901   73    0 70.0 90.0 1
    1 3291  200   35 45.0 80.0 1
    1 2697  125    0 58.0 90.0 1
    1 3576  180  145 48.0 54.0 1
    1 1940   65    0 72.0 90.0 0
    1  750  135   14 56.0 86.0 1
    1 1101  230  174 41.0 49.0 1
    1 2732  102    0 63.0 90.0 1
    1 3442  140   50 55.0 76.0 1
    1 1899  200  106 45.0 62.0 1
    1 2182  286   46 35.0 77.0 1
    1 2236   81   69 68.0 71.0 1
    1 1958  222    0 42.0 90.0 1
    1 2194  120   14 59.0 86.0 1
    1 1999  320  180 32.0 48.0 1
    1  914   81   81 68.0 68.0 1
    1  385  111    0 61.0 90.0 0
    1 3431  333   10 31.0 87.0 1
    1 3133  265  180 37.0 48.0 1
    1 3167  333  151 31.0 53.0 1
    1 1371  115    0 60.0 90.0 1
    1 3525   14    0 86.0 90.0 1
    1 2065  111   21 61.0 84.0 1
    1  906  207  115 44.0 60.0 1
    1 2560  297    0 34.0 90.0 1
    1  764   93   14 65.0 86.0 1
    1 2803   85   77 67.0 69.0 1
    1 2609   21   10 84.0 87.0 1
    1 1396  151    0 53.0 90.0 1
    1 1280  286  286 35.0 35.0 1
    1 2143  247   39 39.0 79.0 1
    1 3506   21    0 84.0 90.0 1
    1 2670  111    7 61.0 88.0 1
    1 1676   98   28 64.0 82.0 1
    1 2732  222  125 42.0 58.0 1
    1 2613   39   25 79.0 83.0 1
    1 1788   46    7 77.0 88.0 1
    1 1943   39   17 79.0 85.0 1
    1 3073   54   35 75.0 80.0 1
    1  656  130    0 57.0 90.0 1
    1 3394  193   81 46.0 68.0 1
    1  302   81    0 68.0 90.0 1
    1 3242   61   21 73.0 84.0 1
    1 1005   69   21 71.0 84.0 1
    1 2378  145  135 54.0 56.0 1
    1  483  214   10 43.0 87.0 1
    1 1513  214    0 43.0 90.0 1
    1 1621  297  265 34.0 37.0 0
    1 1048  286  207 35.0 44.0 1
    1 2742  214   69 43.0 71.0 1
    1  956  135   35 56.0 80.0 1
    1 2516  320  162 32.0 51.0 1
    1 2890   39   35 79.0 80.0 1
    1 2709  207  193 44.0 46.0 1
    1 2929  151    7 53.0 88.0 1
    1 2352  115   81 60.0 68.0 0
    1 1718  333  106 31.0 62.0 1
    1 1545  111    0 61.0 90.0 1
    1 2289   77   61 69.0 73.0 1
    1 2523  207   39 44.0 79.0 0
    1  788  222   54 42.0 75.0 1
    1 1062  106    0 62.0 90.0 0
    1 1023  168   69 50.0 71.0 1
    1 2502  125   32 58.0 81.0 1
    1  672   50    0 76.0 90.0 1
    1 3265  130    7 57.0 88.0 1
    1  407  180    3 48.0 89.0 1
    1 2875   61    0 73.0 90.0 1
    1 2304  275   43 36.0 78.0 1
    1  700  275    0 36.0 90.0 1
    1 2474   32    0 81.0 90.0 0
    1 1378   46   32 77.0 81.0 1
    1 3112   77    0 69.0 90.0 1
    1 1198  214   57 43.0 74.0 1
    1 3564  275  151 36.0 53.0 1
    1 2914  265   39 37.0 79.0 1
    1 2950  174   17 49.0 85.0 1
    1 2535   32    0 81.0 90.0 1
    1 3005  207  106 44.0 62.0 1
    1 2033  145   77 54.0 69.0 1
    1 3152  275    0 36.0 90.0 1
    1 2367  111   50 61.0 76.0 1
    1 1266  346  238 30.0 40.0 1
    1 1399  320  151 32.0 53.0 1
    1 1738  102    0 63.0 90.0 1
    1 2078   21    0 84.0 90.0 1
    1 3260  180  162 48.0 51.0 1
    1  507  174    0 49.0 90.0 1
    1 1715  333    0 31.0 90.0 1
    1 1049  151  106 53.0 62.0 1
    1 3124  308  162 33.0 51.0 1
    1 2246  286   43 35.0 78.0 0
    1 3008  130    0 57.0 90.0 1
    1 1390  207   14 44.0 86.0 1
    1  942   35    0 80.0 90.0 1
    1  523   81    0 68.0 90.0 1
    1 3550  265    3 37.0 89.0 1
    1 2370   46    0 77.0 90.0 1
    1 2592  222  111 42.0 61.0 0
    1 1083  187   69 47.0 71.0 1
    1  768  156    0 52.0 90.0 1
    1 1367  135    0 56.0 90.0 1
    1 1507  151    0 53.0 90.0 1
    1  993   25    7 83.0 88.0 1
    1 1028  286  207 35.0 44.0 1
    1 1340   46    0 77.0 90.0 1
    1  529  140   17 55.0 85.0 0
    1 2661  265    0 37.0 90.0 0
    1 1131  333  145 31.0 54.0 1
    1 2941  333  286 31.0 35.0 0
    1  459  102    0 63.0 90.0 1
    1 1047  162    0 51.0 90.0 1
    1 3301  106   57 62.0 74.0 1
    1 1066  156   54 52.0 75.0 1
    1 2639  140    0 55.0 90.0 1
    1 2990  247    0 39.0 90.0 1
    1 3138  156  111 52.0 61.0 1
    1 1071   93    0 65.0 90.0 1
    1 1360  151   61 53.0 73.0 1
    1 1965  286  200 35.0 45.0 1
    1 3433  151  125 53.0 58.0 1
    1 2599   89    0 66.0 90.0 1
    1 1523  308   28 33.0 82.0 1
    1 3155  174   81 49.0 68.0 1
    1  886  297   73 34.0 70.0 1
    1 2063  286  102 35.0 63.0 1
    1 2572  102    7 63.0 88.0 1
    1 2402  286    0 35.0 90.0 1
    1 1193  193  145 46.0 54.0 1
    1 2715  320   39 32.0 79.0 1
    1 3497  286  247 35.0 39.0 1
    1 3244  200  102 45.0 63.0 1
    1 2984   21    0 84.0 90.0 1
    1 1158  308  238 33.0 40.0 1
    1 1271  214  145 43.0 54.0 1
    1 2694  207    7 44.0 88.0 1
    1 1090   50    0 76.0 90.0 1
    1 2532  214    0 43.0 90.0 1
    1 2641   46    0 77.0 90.0 1
    1 3264   54    0 75.0 90.0 1
    1  538  140  106 55.0 62.0 1
    1 2066  308    0 33.0 90.0 1
    1 2591  162   61 51.0 73.0 1
    1 2605  120    0 59.0 90.0 1
    1 2225  115    0 60.0 90.0 1
    1 3597  222   32 42.0 81.0 1
    1 1311  200    0 45.0 90.0 1
    1 3539  151  106 53.0 62.0 1
    1 3430  256   98 38.0 64.0 0
    1 3026  156   81 52.0 68.0 1
