 300 300 300 125
    1 2041   51   27 63.0 75.0 1
    1 1598  107   58 43.0 60.0 1
    1 1097   51   21 63.0 78.0 1
    1 2183  115    5 41.0 87.0 1
    1 2678   34    0 71.0 90.0 1
    1 1761    9    0 85.0 90.0 1
    1 1713  148    0 34.0 90.0 1
    1 1985  138   49 36.0 64.0 1
    1 1034   55   42 61.0 67.0 0
    1 1948   70    0 55.0 90.0 1
    1  898   16    0 81.0 90.0 0
    1 3108   97   75 46.0 53.0 1
    1 1304  143    7 35.0 86.0 1
    1 3530   29    0 74.0 90.0 1
    1 1135   62    0 58.0 90.0 1
    1  701   84    0 50.0 90.0 1
    1 1456   49    0 64.0 90.0 1
    1 1858  173   58 30.0 60.0 1
    1 2897  119   60 40.0 59.0 0
    1 3156   78   19 52.0 79.0 1
    1 3494  119    0 40.0 90.0 1
    1 1596  173    0 30.0 90.0 1
    1  822   40   21 68.0 78.0 1
    1 3490   51   32 63.0 72.0 1
    1 2386  143  128 35.0 38.0 1
    1  455   31    9 73.0 85.0 1
    1 3007   49    2 64.0 89.0 0
    1 3582   87   67 49.0 56.0 1
    1 1121    5    0 87.0 90.0 1
    1  378   42    0 67.0 90.0 1
    1 3404   87    0 49.0 90.0 1
    1 1691   25    0 76.0 90.0 1
    1 2522   87    2 49.0 89.0 1
    1  412   65   23 57.0 77.0 1
    1 2251  123    9 39.0 85.0 1
    1 3328  173   38 30.0 69.0 1
    1 3312   40   34 68.0 71.0 1
    1 2744  133    0 37.0 90.0 1
    1 1083  100    0 45.0 90.0 1
    1 2625   70   40 55.0 68.0 1
    1 1655   36    3 70.0 88.0 1
    1 2157  166   97 31.0 46.0 0
    1  488   55    0 61.0 90.0 1
    1  317   87   40 49.0 68.0 1
    1  887   60   36 59.0 70.0 1
    1 1514   51    0 63.0 90.0 1
    1 2629    9    0 85.0 90.0 1
    1 1163   60    0 59.0 90.0 1
    1 2627   51    2 63.0 89.0 1
    1 2749  143   70 35.0 55.0 1
    1 2046   58    2 60.0 89.0 1
    1 3558   34    0 71.0 90.0 1
    1 3118   87   19 49.0 79.0 1
    1  936   42    0 67.0 90.0 1
    1 1064   93   93 47.0 47.0 1
    1 3550  107   40 43.0 68.0 1
    1 3105    2    0 89.0 90.0 1
    1 2999   90   58 48.0 60.0 1
    1 1872   97    0 46.0 90.0 1
    1  300   84    2 50.0 89.0 1
    1 1257  115   40 41.0 68.0 1
    1 1109  107    0 43.0 90.0 1
    1  647   73    0 54.0 90.0 1
    1 2216   93   53 47.0 62.0 1
    1 2656  143    2 35.0 89.0 1
    1 1823  166   31 31.0 73.0 1
    1 2725  115  111 41.0 42.0 1
    1 3261   93   25 47.0 76.0 1
    1 3041   21   11 78.0 84.0 0
    1  993   40   21 68.0 78.0 1
    1 2699  166   55 31.0 61.0 1
    1  768  166  100 31.0 45.0 1
    1 2492   12    7 83.0 86.0 1
    1 3378   70    7 55.0 86.0 1
    1  343   11    0 84.0 90.0 1
    1  996   45   42 66.0 67.0 1
    1  993   31   23 73.0 77.0 1
    1 1949   47    0 65.0 90.0 1
    1 1766  143  128 35.0 38.0 1
    1 3086   65    0 57.0 90.0 1
    1  386   49    0 64.0 90.0 1
    1 2952  107    0 43.0 90.0 1
    1 1344   53    0 62.0 90.0 1
    1  511  111   23 42.0 77.0 1
    1 1141   75    0 53.0 90.0 0
    1 1072   14    0 82.0 90.0 1
    1 2563  160   19 32.0 79.0 0
    1 2863  143   38 35.0 69.0 1
    1 2340  143  104 35.0 44.0 1
    1  458  119   32 40.0 72.0 0
    1 1617   70    0 55.0 90.0 1
    1 1982    7    0 86.0 90.0 1
    1 1466   93    0 47.0 90.0 1
    1 1605   36    0 70.0 90.0 1
    1 2646   87    0 49.0 90.0 1
    1  389  128    0 38.0 90.0 0
    1 1949   75    0 53.0 90.0 1
    1  906   97    0 46.0 90.0 1
    1  735  115  100 41.0 45.0 1
    1 3251    3    0 88.0 90.0 1
    1  862   51   31 63.0 73.0 1
    1 3288   60   27 59.0 75.0 0
    1 2077   11    0 84.0 90.0 1
    1 1138   93    0 47.0 90.0 1
    1 2440  143   73 35.0 54.0 0
    1 2099   73    0 54.0 90.0 1
    1  641  148   78 34.0 52.0 1
    1 3093  119    0 40.0 90.0 1
    1 2819   23    0 77.0 90.0 1
    1 1346  111    7 42.0 86.0 1
    1 3331  138    0 36.0 90.0 1
    1  686  133   29 37.0 74.0 1
    1 3469   73   32 54.0 72.0 1
    1 3218   45    0 66.0 90.0 1
    1 2802   93   60 47.0 59.0 1
    1 1296   38   14 69.0 82.0 0
    1 3308   25    0 76.0 90.0 1
    1  445   34    0 71.0 90.0 1
    1  973   62   36 58.0 70.0 1
    1  393  119   51 40.0 63.0 1
    1 1631    7    3 86.0 88.0 1
    1 2105   70   21 55.0 78.0 1
    1 1685   58    0 60.0 90.0 1
    1 3189   97    0 46.0 90.0 1
    1 3173   40    0 68.0 90.0 1
    1 3291   97   14 46.0 82.0 1
    1 2801  119  119 40.0 40.0 1
    1 1522  115   25 41.0 76.0 1
    1 2941   73   36 54.0 70.0 1
    1 3435   75    0 53.0 90.0 1
    1 3299   87   58 49.0 60.0 1
    1 1718   97   47 46.0 65.0 1
    1 1207  128    0 38.0 90.0 1
    1 3234   87    0 49.0 90.0 1
    1 2582  128    0 38.0 90.0 1
    1 3101  160    0 32.0 90.0 1
    1  842   25    0 76.0 90.0 1
    1 1882    2    0 89.0 90.0 1
    1  581  111   58 42.0 60.0 1
    1 2023   11    0 84.0 90.0 1
    1 1593   45   19 66.0 79.0 1
    1 1435  138   36 36.0 70.0 1
    1  662    3    0 88.0 90.0 1
    1 2538   90   60 48.0 59.0 1
    1 2230   90   25 48.0 76.0 1
    1  648   36   12 70.0 83.0 1
    1 2900   16   14 81.0 82.0 1
    1 3433   62    0 58.0 90.0 1
    1 3019   18    7 80.0 86.0 1
    1 2520   67    0 56.0 90.0 1
    1 3575   47   27 65.0 75.0 1
    1 2234   93   78 47.0 52.0 0
    1 1301   36    0 70.0 90.0 1
    1 1055  115  100 41.0 45.0 1
    1 1884  160  123 32.0 39.0 0
    1 1460  154   27 33.0 75.0 1
    1 3194   87   58 49.0 60.0 1
    1 1563   25    0 76.0 90.0 1
    1 3273   23    0 77.0 90.0 1
    1  862  166   38 31.0 69.0 1
    1 3251  143    0 35.0 90.0 0
    1 3126   93    7 47.0 86.0 1
    1  705    5    0 87.0 90.0 1
    1 2977   90   29 48.0 74.0 1
    1  481  173   27 30.0 75.0 1
    1  920   73    0 54.0 90.0 1
    1 2110   87    3 49.0 88.0 1
    1 1977  100    5 45.0 87.0 1
    1 3423   12    0 83.0 90.0 1
    1 1673  173   97 30.0 46.0 1
    1 1951  148    9 34.0 85.0 1
    1 1547  133   90 37.0 48.0 1
    1 3425   58   27 60.0 75.0 1
    1 3008  100   49 45.0 64.0 1
    1 2273  148    0 34.0 90.0 0
    1 1219  133   31 37.0 73.0 1
    1 2989  133   47 37.0 65.0 0
    1 2093   23   12 77.0 83.0 1
    1  568  119    0 40.0 90.0 1
    1 3084   93   84 47.0 50.0 1
    1  812  173  133 30.0 37.0 1
    1 2737   78   31 52.0 73.0 0
    1 1138   34   21 71.0 78.0 1
    1 2814   25    0 76.0 90.0 1
    1  793   21    0 78.0 90.0 1
    1 3392   75   25 53.0 76.0 0
    1 1381  133   49 37.0 64.0 1
    1 2770   90    0 48.0 90.0 1
    1 1602  173    0 30.0 90.0 1
    1 1864    9    0 85.0 90.0 0
    1  565   23   12 77.0 83.0 1
    1 1465   87    0 49.0 90.0 0
    1  648  133   38 37.0 69.0 1
    1 3199   84   45 50.0 66.0 1
    1 1576   78   42 52.0 67.0 1
    1 3482   32    0 72.0 90.0 1
    1 3387   47   25 65.0 76.0 1
    1  763   75   32 53.0 72.0 1
    1 2164  104    0 44.0 90.0 1
    1 1453   75   40 53.0 68.0 1
    1 3562  166   97 31.0 46.0 1
    1 2885   42    0 67.0 90.0 1
    1 2917  143   45 35.0 66.0 1
    1 2039   45    0 66.0 90.0 1
    1 1152   81   45 51.0 66.0 1
    1 2822  173  160 30.0 32.0 1
    1 3599   93    0 47.0 90.0 1
    1 1918   93   21 47.0 78.0 1
    1 2996   49   40 64.0 68.0 1
    1  510  128   42 38.0 67.0 1
    1 1366  111   90 42.0 48.0 1
    1 2268   27   16 75.0 81.0 1
    1 2004   62   60 58.0 59.0 1
    1 2974   97   93 46.0 47.0 1
    1 3463   58   29 60.0 74.0 1
    1  689  148    0 34.0 90.0 1
    1 1174   62   21 58.0 78.0 1
    1 3366   18   14 80.0 82.0 1
    1 1834   53    0 62.0 90.0 1
    1 2271   97    0 46.0 90.0 0
    1  859   34    3 71.0 88.0 0
    1 2671  100   97 45.0 46.0 1
    1 1374   65   49 57.0 64.0 1
    1 2145   31    0 73.0 90.0 1
    1 3466   42    0 67.0 90.0 1
    1 2913   49    0 64.0 90.0 1
    1 1129   93   21 47.0 78.0 1
    1  470  154    0 33.0 90.0 1
    1 2690   87    2 49.0 89.0 1
    1 2367  128  119 38.0 40.0 1
    1 1594   90    0 48.0 90.0 1
    1 3059  138   90 36.0 48.0 0
    1 2375   90    0 48.0 90.0 1
    1  904   47    0 65.0 90.0 1
    1  414   84   51 50.0 63.0 1
    1  466   67    0 56.0 90.0 1
    1 1836  100    0 45.0 90.0 1
    1 2847  123    0 39.0 90.0 1
    1 2390   19    0 79.0 90.0 1
    1 1704   34    0 71.0 90.0 1
    1 1417    9    0 85.0 90.0 1
    1 1897  111   78 42.0 52.0 1
    1  352    9    0 85.0 90.0 1
    1 1571   49   19 64.0 79.0 1
    1 2777   90    0 48.0 90.0 1
    1 2045   60    0 59.0 90.0 1
    1 3393   90    0 48.0 90.0 1
    1 1533   49    0 64.0 90.0 1
    1 2766  154    0 33.0 90.0 1
    1 2251  160   23 32.0 77.0 1
    1  345   11    0 84.0 90.0 1
    1 2307   51    0 63.0 90.0 1
    1  854  107    0 43.0 90.0 1
    1 1390  160    0 32.0 90.0 1
    1 1254  128   97 38.0 46.0 1
    1  569   45    0 66.0 90.0 1
    1 2738   23    0 77.0 90.0 1
    1 1307   70   16 55.0 81.0 1
    1 2159   23   23 77.0 77.0 1
    1 2064   75   16 53.0 81.0 1
    1 3321   60    0 59.0 90.0 1
    1 1898   93   14 47.0 82.0 0
    1 2972   29    3 74.0 88.0 1
    1  707   53   19 62.0 79.0 0
    1 1476   75   45 53.0 66.0 1
    1 2049  160    9 32.0 85.0 1
    1 3477   62   16 58.0 81.0 1
    1 1062   73    0 54.0 90.0 1
    1 1526   27    0 75.0 90.0 0
    1 2186   23    0 77.0 90.0 1
    1  339   47    0 65.0 90.0 1
    1  301  100    0 45.0 90.0 1
    1  659  104   14 44.0 82.0 1
    1  894    9    0 85.0 90.0 1
    1 3008    2    0 89.0 90.0 1
    1  669   34   21 71.0 78.0 1
    1 1674  143    0 35.0 90.0 1
    1 3249   90   23 48.0 77.0 1
    1 2532   58    0 60.0 90.0 0
    1 1203   60   23 59.0 77.0 1
    1 1777   73    3 54.0 88.0 1
    1 2778   31    7 73.0 86.0 1
    1  461  119   84 40.0 50.0 1
    1 3324   78   27 52.0 75.0 1
    1 2723  128    0 38.0 90.0 1
    1  868  107   75 43.0 53.0 1
    1  574  107   73 43.0 54.0 1
    1 3112   53   12 62.0 83.0 1
    1 2524   58   11 60.0 84.0 0
    1 2717   29   18 74.0 80.0 1
    1 1415   25    9 76.0 85.0 1
    1  475   67   58 56.0 60.0 1
    1 2233   45    0 66.0 90.0 1
    1 1470   60   51 59.0 63.0 1
    1 1364  148   53 34.0 62.0 1
    1 1091   49    7 64.0 86.0 1
    1 3496   18   12 80.0 83.0 0
    1 2183   36   31 70.0 73.0 1
    1 1478  143    0 35.0 90.0 1
    1  939   38    0 69.0 90.0 1
