 300 300 300 125
    1 2007   97    2 46.0 89.0 1
    1 1859   53    0 62.0 90.0 1
    1 3253  107   90 43.0 48.0 1
    1  402   27   23 75.0 77.0 1
    1 2171   58   12 60.0 83.0 1
    1 3075  173  111 30.0 42.0 1
    1 2272   90   36 48.0 70.0 1
    1  545   58   12 60.0 83.0 1
    1  933   18   14 80.0 82.0 1
    1 1265  123   65 39.0 57.0 1
    1 2194    7    0 86.0 90.0 1
    1 1639  119    0 40.0 90.0 1
    1  876   29   16 74.0 81.0 1
    1  444   21    0 78.0 90.0 0
    1 1121   90   29 48.0 74.0 1
    1 1983   36   11 70.0 84.0 1
    1 2269   62    0 58.0 90.0 1
    1  641  123   78 39.0 52.0 0
    1 1980  154    0 33.0 90.0 1
    1  356  138   25 36.0 76.0 1
    1 1112  100    0 45.0 90.0 1
    1  456   97   90 46.0 48.0 1
    1 1794  173   25 30.0 76.0 1
    1 2282  154    0 33.0 90.0 1
    1 2704  143    0 35.0 90.0 1
    1 2662   58   40 60.0 68.0 1
    1 1629   75   75 53.0 53.0 1
    1 1068   38   23 69.0 77.0 1
    1 2687  148   23 34.0 77.0 1
    1  950  166   31 31.0 73.0 1
    1  652  160   14 32.0 82.0 1
    1 3319    3    0 88.0 90.0 1
    1  314   49   29 64.0 74.0 1
    1  529    2    0 89.0 90.0 1
    1 1413   45    2 66.0 89.0 1
    1 2304   97   93 46.0 47.0 1
    1 1547   93    0 47.0 90.0 1
    1 3255  148    0 34.0 90.0 0
    1 1898   67    0 56.0 90.0 1
    1 2918  143   73 35.0 54.0 1
    1 2076  119    9 40.0 85.0 1
    1 3546   70   47 55.0 65.0 1
    1 2846  111   73 42.0 54.0 0
    1 2965  154    0 33.0 90.0 1
    1 2411  128  100 38.0 45.0 1
    1 2069  104   65 44.0 57.0 1
    1 2583  100   93 45.0 47.0 1
    1 2808   40    0 68.0 90.0 1
    1  428   62    9 58.0 85.0 1
    1 2083  111    0 42.0 90.0 1
    1 3357  138   81 36.0 51.0 1
    1 3589   65   36 57.0 70.0 1
    1 1549   11    0 84.0 90.0 1
    1 3074   53   29 62.0 74.0 1
    1  919   93   90 47.0 48.0 1
    1 1285  138   78 36.0 52.0 1
    1  698  166  104 31.0 44.0 1
    1 2446   19    0 79.0 90.0 1
    1 2827   45    2 66.0 89.0 1
    1 3291  107   81 43.0 51.0 1
    1 3092  160    0 32.0 90.0 1
    1  594   93   25 47.0 76.0 1
    1 2517  104   23 44.0 77.0 1
    1 3469  100   65 45.0 57.0 1
    1 3107  138   73 36.0 54.0 0
    1 2129   47    0 65.0 90.0 1
    1  768   27    0 75.0 90.0 1
    1 1417  123  115 39.0 41.0 1
    1 2631   84   45 50.0 66.0 1
    1 2981  166   93 31.0 47.0 1
    1 1469   47    0 65.0 90.0 1
    1  528   49    0 64.0 90.0 0
    1 2807   34    0 71.0 90.0 0
    1 2253   53   11 62.0 84.0 0
    1 1061  107    0 43.0 90.0 1
    1 2132  148  104 34.0 44.0 0
    1 3294   55   16 61.0 81.0 0
    1  621  160   81 32.0 51.0 1
    1 1228  160  111 32.0 42.0 1
    1 3174  115   49 41.0 64.0 1
    1 3600   67    0 56.0 90.0 1
    1  871  154   93 33.0 47.0 1
    1  871   19    5 79.0 87.0 1
    1 2296   38   36 69.0 70.0 1
    1 3211  148   42 34.0 67.0 1
    1  473  115   40 41.0 68.0 1
    1 1118   65   38 57.0 69.0 0
    2 2795  115   97 41.0 46.0 0
    1 1160   21    0 78.0 90.0 1
    1 3418  138    0 36.0 90.0 1
    1  804  133   84 37.0 50.0 1
    1  451   55   19 61.0 79.0 1
    1 2050   62    0 58.0 90.0 1
    1 1957  143   90 35.0 48.0 1
    1 3405   31    0 73.0 90.0 0
    2 2036   62    0 58.0 90.0 1
    1  571  173    0 30.0 90.0 1
    1 1490  104   42 44.0 67.0 1
    1 3546   67   34 56.0 71.0 1
    1 1384  119   53 40.0 62.0 1
    1 2382   42    0 67.0 90.0 1
    1 2232  123   84 39.0 50.0 1
    1 2626   90   25 48.0 76.0 1
    1 1629  123    0 39.0 90.0 1
    1 1760   47   18 65.0 80.0 1
    1 2347   55    3 61.0 88.0 1
    1 3354  115   97 41.0 46.0 1
    1 2845  115   32 41.0 72.0 1
    1 2178  133    7 37.0 86.0 1
    1 1538  133   81 37.0 51.0 1
    1 2194  119   78 40.0 52.0 1
    1 1077  104    0 44.0 90.0 1
    1 1338   78   60 52.0 59.0 1
    1  688   12    0 83.0 90.0 1
    1 2247   75   67 53.0 56.0 1
    1 2932   73    0 54.0 90.0 1
    1 2970  123   27 39.0 75.0 1
    1  304   70   55 55.0 61.0 0
    1 2633  138   29 36.0 74.0 1
    1  574    7    0 86.0 90.0 1
    1 1306  148   36 34.0 70.0 1
    1 3295  128   70 38.0 55.0 1
    1  461  107   87 43.0 49.0 1
    1 2731  154   27 33.0 75.0 1
    1 1692  107   40 43.0 68.0 1
    1 3137   14    9 82.0 85.0 1
    1  841   27   14 75.0 82.0 1
    1 1142    7    0 86.0 90.0 1
    1  556  166    9 31.0 85.0 0
    1 3290   65   16 57.0 81.0 1
    1 2242   34    0 71.0 90.0 1
    1 1915  119   70 40.0 55.0 1
    1  906   21    0 78.0 90.0 1
    1 1504   90   40 48.0 68.0 1
    1 2130    9    7 85.0 86.0 1
    1 3106  111   47 42.0 65.0 1
    1  714  133   81 37.0 51.0 1
    1 2551   31   23 73.0 77.0 1
    1 2865  119   18 40.0 80.0 1
    1 1088  115    5 41.0 87.0 1
    1 3259   27    0 75.0 90.0 1
    1 1190   75    0 53.0 90.0 1
    1 2794   62   16 58.0 81.0 1
    1 3401   97   25 46.0 76.0 1
    1 3341   93   34 47.0 71.0 1
    1  601  133  128 37.0 38.0 1
    1  563   36   12 70.0 83.0 1
    1 3525  166    0 31.0 90.0 1
    0 1348    5    0 87.0 90.0 1
    1 1744  133   53 37.0 62.0 1
    1  737    7    7 86.0 86.0 1
    1 1088   60    0 59.0 90.0 1
    1 2642   31   25 73.0 76.0 1
    1  903   42   42 67.0 67.0 1
    1 1539   29    0 74.0 90.0 1
    1 3312   78    0 52.0 90.0 0
    1  990   36   11 70.0 84.0 1
    1 1120  100    0 45.0 90.0 1
    1 1453  128    0 38.0 90.0 1
    1 3444  154    3 33.0 88.0 1
    1 1483   65   45 57.0 66.0 1
    1  970  119   67 40.0 56.0 1
    1 3120  148  128 34.0 38.0 1
    1 1668   34    7 71.0 86.0 1
    1  375  154    0 33.0 90.0 1
    1 2889   65    0 57.0 90.0 1
    1 3054   65    0 57.0 90.0 1
    1 2978   21    0 78.0 90.0 1
    1 1496   73   67 54.0 56.0 1
    1 1632   14    0 82.0 90.0 1
    1 1660  154   81 33.0 51.0 1
    1 2253   62   34 58.0 71.0 1
    1  960  104   25 44.0 76.0 1
    1 3013   67   60 56.0 59.0 1
    1 2367   32   14 72.0 82.0 1
    1 3282   75    0 53.0 90.0 1
    1  959  166  123 31.0 39.0 1
    1 1520    9    0 85.0 90.0 1
    1 3211   18   16 80.0 81.0 1
    1 2212   25    0 76.0 90.0 1
    1 1184   84   21 50.0 78.0 1
    1 3164   87    0 49.0 90.0 1
    1  590   97   81 46.0 51.0 1
    1  763   97   27 46.0 75.0 1
    1 3576   21    0 78.0 90.0 1
    1 1918   18   11 80.0 84.0 0
    1 1976   73   51 54.0 63.0 1
    1  410   55    0 61.0 90.0 1
    1 2726  160   31 32.0 73.0 1
    1 2274  123   29 39.0 74.0 1
    1 2324  123    0 39.0 90.0 1
    1  861  166   36 31.0 70.0 1
    1  531  119    0 40.0 90.0 0
    1 1336  111   29 42.0 74.0 1
    1 1229   78   27 52.0 75.0 1
    1 2919  148  143 34.0 35.0 1
    1 2061   97    0 46.0 90.0 1
    1  698   93    0 47.0 90.0 1
    1  549   93   21 47.0 78.0 1
    1 3218  104    0 44.0 90.0 1
    1 1824   67   51 56.0 63.0 1
    1 2302   45    0 66.0 90.0 1
    1 1933   55   29 61.0 74.0 1
    1 1573   78    5 52.0 87.0 1
    1 1544  119   18 40.0 80.0 1
    1 2475  148   23 34.0 77.0 1
    0 1907   38    0 69.0 90.0 1
    0 2834  133   97 37.0 46.0 1
    1 2996  128   53 38.0 62.0 1
    1  554  166   34 31.0 71.0 1
    1 1381  104   53 44.0 62.0 1
    1 3506  128   25 38.0 76.0 1
    1 1387   93    0 47.0 90.0 1
    1  833   60    0 59.0 90.0 1
    1 3166  166    0 31.0 90.0 1
    1 2518   73   40 54.0 68.0 1
    1 3451  104    0 44.0 90.0 1
    1  394   31    0 73.0 90.0 1
    1  382   75   60 53.0 59.0 1
    1 3196  104    9 44.0 85.0 1
    1 2601  133   84 37.0 50.0 1
    1 3116  133   38 37.0 69.0 1
    1 2357   32    0 72.0 90.0 0
    1  738  107   49 43.0 64.0 1
    1 3103   40   11 68.0 84.0 1
    1 3427  119    0 40.0 90.0 1
    1 1168  123   23 39.0 77.0 1
    1 2003   34   31 71.0 73.0 1
    1 1650   93   42 47.0 67.0 1
    2  893    3    0 88.0 90.0 1
    1 2643  143   58 35.0 60.0 1
    1 2604   81   27 51.0 75.0 1
    1 1294   81    0 51.0 90.0 1
    1 3066   45   12 66.0 83.0 1
    1  428   42    0 67.0 90.0 0
    1 3077  119   84 40.0 50.0 1
    1 3385   75   25 53.0 76.0 1
    1 2537  115  115 41.0 41.0 1
    1  685   62   21 58.0 78.0 1
    1  928  115   55 41.0 61.0 1
    1 1799   90    0 48.0 90.0 1
    1 2134  100    0 45.0 90.0 1
    1 2239  119   60 40.0 59.0 0
    1 1497   97   31 46.0 73.0 1
    1 2396   32    0 72.0 90.0 1
    1 1349    5    0 87.0 90.0 1
    1 3160   81    9 51.0 85.0 1
    1 1903  154   34 33.0 71.0 1
    1 1306  123    0 39.0 90.0 1
    1 2741  133    7 37.0 86.0 1
    1 3352   53   19 62.0 79.0 1
    1 3151  107   51 43.0 63.0 1
    1 2256   14   12 82.0 83.0 1
    1  687   31   11 73.0 84.0 1
    1 2957   45   36 66.0 70.0 1
    1 1343   34   11 71.0 84.0 0
    1 1017   87   60 49.0 59.0 1
    1  634  143   87 35.0 49.0 1
    1 1320  115    0 41.0 90.0 1
    1 2014   42   25 67.0 76.0 1
    1 2989    3    0 88.0 90.0 1
    1 1419  123    0 39.0 90.0 0
    1 3012  111    2 42.0 89.0 1
    1 1898  160  148 32.0 34.0 1
    1 2285  128   12 38.0 83.0 1
    1 1025  154   45 33.0 66.0 1
    1 3459  166  104 31.0 44.0 1
    1 1165   34   12 71.0 83.0 1
    1 1670   67   21 56.0 78.0 1
    2 1209   90    5 48.0 87.0 1
    1 1673  107   47 43.0 65.0 1
    1 2138   40    0 68.0 90.0 1
    1 3323   32   27 72.0 75.0 1
    1  579  160   51 32.0 63.0 1
    1 1022  143   90 35.0 48.0 1
    1 1693   53    0 62.0 90.0 1
    1 2658  166    0 31.0 90.0 1
    0 1112   51    9 63.0 85.0 1
    1 1002  143  107 35.0 43.0 1
    1 3178   23    0 77.0 90.0 1
    1  825  100    0 45.0 90.0 1
    1 2514   45    2 66.0 89.0 1
    1  592   51    2 63.0 89.0 1
    1 2944  104   12 44.0 83.0 1
    1 2572   21   21 78.0 78.0 1
    1  594   97    2 46.0 89.0 1
    1  398   87   51 49.0 63.0 1
    1 3172    3    0 88.0 90.0 1
    1  830   42    0 67.0 90.0 1
    1 2510  100   67 45.0 56.0 1
    1 1045   49    0 64.0 90.0 1
    1 1913   12    0 83.0 90.0 1
    1  455   31    2 73.0 89.0 1
    1  382   51   12 63.0 83.0 1
    1 1346   84    0 50.0 90.0 1
    1  381   38   38 69.0 69.0 1
    1  801   93   25 47.0 76.0 1
    1  778   16    2 81.0 89.0 1
    1 2190   75    0 53.0 90.0 1
    1 1519   55   23 61.0 77.0 1
