 300 300 300 125
    1 3107   93    0 47.0 90.0 1
    1 1860   75    0 53.0 90.0 1
    1 2688  154   90 33.0 48.0 1
    1 1927  166   16 31.0 81.0 0
    1 2487   81   73 51.0 54.0 0
    1  626  123    5 39.0 87.0 0
    1  964   51   27 63.0 75.0 0
    1  941   21   16 78.0 81.0 1
    1 1606  128   23 38.0 77.0 1
    1 3503   29    7 74.0 86.0 0
    1 2380   87    0 49.0 90.0 1
    1 2251  166  123 31.0 39.0 1
    1 1180   55   21 61.0 78.0 0
    1 1479   73   47 54.0 65.0 1
    1 1099   78   75 52.0 53.0 1
    1 3423  107   29 43.0 74.0 1
    1  498  107   49 43.0 64.0 1
    1 3331   75   45 53.0 66.0 1
    1 1335   53    7 62.0 86.0 0
    1  587   65    0 57.0 90.0 1
    1 2923  123   18 39.0 80.0 1
    1 2210   29    0 74.0 90.0 1
    1  320   73   32 54.0 72.0 1
    1 1143  138   31 36.0 73.0 0
    1 1370   58    5 60.0 87.0 1
    1 3290   87    2 49.0 89.0 1
    1 1793   97   70 46.0 55.0 1
    1 1484  160   23 32.0 77.0 1
    1 2125   34    3 71.0 88.0 1
    1 3076   34   32 71.0 72.0 1
    1 2319   93   23 47.0 77.0 0
    1  885   90    3 48.0 88.0 1
    1 3167  123   34 39.0 71.0 1
    1 3201  166   87 31.0 49.0 1
    1 1452   45    0 66.0 90.0 1
    1 2218   49    0 64.0 90.0 1
    1 2862   23   19 77.0 79.0 1
    1 1271    5    0 87.0 90.0 1
    1  417   49   25 64.0 76.0 0
    1 2408   67   34 56.0 71.0 0
    1 2815  104   93 44.0 47.0 1
    1 2653   45   31 66.0 73.0 1
    1 3456   90    0 48.0 90.0 0
    1 2356  148    5 34.0 87.0 1
    1 1241   70   31 55.0 73.0 0
    1 1568  138    9 36.0 85.0 1
    1 2094  154    0 33.0 90.0 1
    1  668   78    3 52.0 88.0 1
    1  677   29    0 74.0 90.0 1
    1 2841   47    0 65.0 90.0 0
    1  784  148   23 34.0 77.0 0
    1 2240   29    0 74.0 90.0 1
    1 1216   67   21 56.0 78.0 1
    1 1460   21    0 78.0 90.0 1
    1 1146   32    9 72.0 85.0 0
    1 2735  104    0 44.0 90.0 1
    1 1586  115   21 41.0 78.0 1
    1  962   84   11 50.0 84.0 1
    1 1044   65   49 57.0 64.0 1
    1 1259  173    0 30.0 90.0 1
    1  704   73   18 54.0 80.0 1
    1 1728   32   18 72.0 80.0 1
    1 2182  111   27 42.0 75.0 1
    1 3321  119  107 40.0 43.0 1
    1 1279   70   47 55.0 65.0 1
    1  339  128    0 38.0 90.0 1
    1 2054   53   47 62.0 65.0 1
    1 1520   53   11 62.0 84.0 0
    1 2913   55   14 61.0 82.0 1
    1 1636   81    9 51.0 85.0 1
    1  982   75   29 53.0 74.0 1
    1 2057   19    5 79.0 87.0 1
    1 3125  148   31 34.0 73.0 1
    1  848  123    0 39.0 90.0 1
    1 2111   90   36 48.0 70.0 1
    1 1544  148  138 34.0 36.0 1
    1 3187   45    0 66.0 90.0 1
    1 3484  154    9 33.0 85.0 1
    1 2351  166  115 31.0 41.0 1
    1 2534   14    0 82.0 90.0 1
    1  801   55   16 61.0 81.0 1
    1 3373   70    9 55.0 85.0 0
    1 2256   62    0 58.0 90.0 1
    1 1104    7    0 86.0 90.0 1
    1  453   55    0 61.0 90.0 1
    1 1071   62    9 58.0 85.0 1
    1 1581  115    0 41.0 90.0 1
    1 2854   40    3 68.0 88.0 1
    1 2586   32   32 72.0 72.0 1
    1 2361   34    0 71.0 90.0 0
    1 3107  143   32 35.0 72.0 1
    1 1835    7    0 86.0 90.0 1
    1 1619    3    0 88.0 90.0 0
    1 3267  133    0 37.0 90.0 1
    1  538  115   49 41.0 64.0 0
    1 3043  128   42 38.0 67.0 1
    1 3096  154   81 33.0 51.0 1
    1 2215   11    0 84.0 90.0 1
    1 2554   25   18 76.0 80.0 1
    1 2416   53    0 62.0 90.0 1
    1  719   47    7 65.0 86.0 1
    1 3143   32   11 72.0 84.0 1
    1 1384   75    7 53.0 86.0 0
    1 1841  128  128 38.0 38.0 1
    1 2183   19    0 79.0 90.0 1
    1 1499   78   12 52.0 83.0 1
    1 1343  143   81 35.0 51.0 1
    1 1291   55    0 61.0 90.0 1
    1 1405    5    0 87.0 90.0 1
    1  398  111    0 42.0 90.0 1
    1  455   65   45 57.0 66.0 1
    1 1086  173    7 30.0 86.0 1
    1 3532   67   65 56.0 57.0 1
    1  701   34    0 71.0 90.0 1
    1  665  173   16 30.0 81.0 1
    1 3382   31    0 73.0 90.0 1
    1  385   34    0 71.0 90.0 1
    1  310  128    0 38.0 90.0 0
    1 1711   11    0 84.0 90.0 1
    1 1248   34    0 71.0 90.0 1
    1 2449   65   38 57.0 69.0 1
    1 2952   32   21 72.0 78.0 1
    1 2907  173    0 30.0 90.0 1
    1  363  154   27 33.0 75.0 1
    1  933   45    0 66.0 90.0 1
    1 1007   84   27 50.0 75.0 1
    1 3389   65   62 57.0 58.0 0
    1 2699   36    0 70.0 90.0 1
    1 3215   55   14 61.0 82.0 1
    1 3452   62    0 58.0 90.0 1
    1  549  100    0 45.0 90.0 1
    1  885   60    7 59.0 86.0 1
    1 2631    9    0 85.0 90.0 1
    1 3057  173  107 30.0 43.0 1
    1 2703   90    0 48.0 90.0 1
    1  876   11    0 84.0 90.0 1
    1 2367  128    0 38.0 90.0 0
    1 2105  133  119 37.0 40.0 1
    1  488  128    0 38.0 90.0 1
    1  413   34    0 71.0 90.0 1
    1 2504   51    0 63.0 90.0 1
    1 2502   97   29 46.0 74.0 1
    1 3219   87    0 49.0 90.0 1
    1 2716   18    0 80.0 90.0 1
    1 1347  115   62 41.0 58.0 1
    1  995   19    0 79.0 90.0 1
    1 2757  166   25 31.0 76.0 1
    1 2081  128    7 38.0 86.0 1
    1  682   27    0 75.0 90.0 1
    1 1085   65    7 57.0 86.0 1
    1  499   78   73 52.0 54.0 1
    1 2493   97   11 46.0 84.0 1
    1 3425  160    0 32.0 90.0 1
    1 2612   29    0 74.0 90.0 0
    1 1443   93   12 47.0 83.0 1
    1 1177  138    3 36.0 88.0 1
    1 3073  115   53 41.0 62.0 1
    1  844   42   31 67.0 73.0 1
    1 2984    9    0 85.0 90.0 0
    1  539   21   16 78.0 81.0 1
    1  987  111    2 42.0 89.0 0
    1 1652  115    0 41.0 90.0 1
    1  728   73   45 54.0 66.0 1
    1 1473  143   78 35.0 52.0 0
    1 1540    9    7 85.0 86.0 1
    1 2985   38    0 69.0 90.0 1
    1 2226    5    0 87.0 90.0 0
    1  739   36    0 70.0 90.0 1
    1  628   32    0 72.0 90.0 1
    1  461  138   12 36.0 83.0 1
    1 3556   16    0 81.0 90.0 1
    1 3201  166   38 31.0 69.0 0
    1 1617  123   73 39.0 54.0 1
    1 1419   19    2 79.0 89.0 1
    1  425  143    0 35.0 90.0 1
    1 1472  173   45 30.0 66.0 0
    1  512  128   67 38.0 56.0 0
    1  310   84    0 50.0 90.0 1
    1  302   14    9 82.0 85.0 1
    1  893  160   18 32.0 80.0 1
    1 3489  128   73 38.0 54.0 0
    1 2148   62    0 58.0 90.0 1
    1 2087   84   32 50.0 72.0 1
    1 3131  143   32 35.0 72.0 1
    1 2361   51   38 63.0 69.0 1
    1 1645   23   21 77.0 78.0 1
    1 1530  104   12 44.0 83.0 1
    1 3151   90   65 48.0 57.0 1
    1 2110   81    0 51.0 90.0 1
    1 3454  119  100 40.0 45.0 1
    1 1644   53    7 62.0 86.0 1
    1 3521   87   40 49.0 68.0 1
    1  797   70   42 55.0 67.0 1
    1  372  115   19 41.0 79.0 1
    1 2398  148  107 34.0 43.0 1
    1 2091  143   18 35.0 80.0 1
    1 1589   31    0 73.0 90.0 1
    1 2312   12    0 83.0 90.0 1
    1 2790   81   40 51.0 68.0 1
    1 1691   84   70 50.0 55.0 1
    1  701  173   40 30.0 68.0 1
    1 1160   78   73 52.0 54.0 1
    1 2941  123   12 39.0 83.0 1
    1  457  173    3 30.0 88.0 1
    1  624   25    0 76.0 90.0 1
    1 1972   19   18 79.0 80.0 0
    1 1145  123   19 39.0 79.0 1
    1 1706  166   14 31.0 82.0 1
    1 2711   53    0 62.0 90.0 1
    1 1334   32    5 72.0 87.0 1
    1 2206   58   12 60.0 83.0 1
    1 2838   58   12 60.0 83.0 1
    1 2646  119   23 40.0 77.0 1
    2 2786   78   60 52.0 59.0 1
    1  756   42    0 67.0 90.0 1
    1 2795  160    2 32.0 89.0 1
    1 3559   18    0 80.0 90.0 1
    1  903  154   19 33.0 79.0 1
    1  550   75    0 53.0 90.0 1
    1 3582   45   42 66.0 67.0 1
    1 1026   67    0 56.0 90.0 1
    1 2938  133   49 37.0 64.0 1
    1 1664   45    0 66.0 90.0 1
    1 1362   42    0 67.0 90.0 0
    0 1504  115   14 41.0 82.0 1
    1 3309  133    0 37.0 90.0 1
    1 1036  143   47 35.0 65.0 1
    1  443   90    0 48.0 90.0 1
    1 3557   70   45 55.0 66.0 0
    1  848  123   90 39.0 48.0 1
    1  710   53    0 62.0 90.0 1
    1 1763  160   18 32.0 80.0 1
    1 2613  166    0 31.0 90.0 1
    1  550  123   34 39.0 71.0 1
    1 1077   11    0 84.0 90.0 1
    1 1570   78    0 52.0 90.0 1
    1  396  111    0 42.0 90.0 1
    1 2843  115   81 41.0 51.0 1
    1 2689  173   58 30.0 60.0 1
    1  499  154   27 33.0 75.0 1
    1 1674  100    0 45.0 90.0 0
    1  742   27    0 75.0 90.0 1
    1 2222   14    0 82.0 90.0 1
    1 3497  100   23 45.0 77.0 1
    1 1213  166    0 31.0 90.0 1
    1 2547   42   40 67.0 68.0 1
    1  862   14    0 82.0 90.0 1
    1 1627  104    0 44.0 90.0 1
    1  946   75   45 53.0 66.0 1
    1 1673   84   32 50.0 72.0 0
    1 1981   55   55 61.0 61.0 1
    1 2827   65    0 57.0 90.0 0
    1 1791   62   18 58.0 80.0 0
    1 3396  148   65 34.0 57.0 1
    1 1865   16   14 81.0 82.0 1
    1  394   18    0 80.0 90.0 1
    1 1671   27    0 75.0 90.0 1
    1 3153   40    0 68.0 90.0 1
    1 2372  138   70 36.0 55.0 1
    1 1941   27    0 75.0 90.0 1
    1  814   12    0 83.0 90.0 1
    1 3571   81   73 51.0 54.0 1
    1  389   27    0 75.0 90.0 1
    1 3546  154  119 33.0 40.0 1
    1  968   47   29 65.0 74.0 1
    1 1727   58    2 60.0 89.0 0
    1 1826  138  119 36.0 40.0 0
    1 1354  133    2 37.0 89.0 0
    1 2497  166    0 31.0 90.0 1
    1 1340   25    0 76.0 90.0 1
    1 2845   25    0 76.0 90.0 1
    1 1493   31   12 73.0 83.0 1
    1 1786   27    0 75.0 90.0 1
    1  723   73    0 54.0 90.0 1
    1 2507   84    0 50.0 90.0 1
    1 3076  111    2 42.0 89.0 1
    1 2638   75   62 53.0 58.0 1
    1 3284  154  128 33.0 38.0 1
    1 2816  154    7 33.0 86.0 1
    1 1810  119    0 40.0 90.0 1
    1 1141   14    0 82.0 90.0 1
    1 1233  100    0 45.0 90.0 1
    1 3503   32    9 72.0 85.0 1
    1 1089   40    0 68.0 90.0 1
    1 1394  123   84 39.0 50.0 1
    1  414   21    0 78.0 90.0 1
    1 3423  115   14 41.0 82.0 1
    1 2695   45   31 66.0 73.0 1
    1 2494  119    0 40.0 90.0 1
    1 1223   75   42 53.0 67.0 1
    1 2598   45    0 66.0 90.0 1
    1 3431   45    0 66.0 90.0 1
    1 1367  148    2 34.0 89.0 1
    1 3248  123   84 39.0 50.0 1
    1 1518  100   16 45.0 81.0 0
    1 2664   29    0 74.0 90.0 1
    1 3435   32    0 72.0 90.0 1
    1 2106  111   21 42.0 78.0 1
    1  735   84    5 50.0 87.0 1
    1 3425   34    2 71.0 89.0 1
