 300 300 300 125
    1  701   90    7 48.0 86.0 1
    1 2774   51   45 63.0 66.0 1
    1 3280  148   34 34.0 71.0 1
    1 2479  166    0 31.0 90.0 1
    1 1435   81    0 51.0 90.0 1
    1 2018   11    0 84.0 90.0 0
    1 3065  128   65 38.0 57.0 0
    1 2981   55    0 61.0 90.0 1
    1 1662   65   25 57.0 76.0 1
    1 3499   87   84 49.0 50.0 1
    1 3132  107    0 43.0 90.0 1
    1 2653  104   49 44.0 64.0 1
    1 1136   14    2 82.0 89.0 0
    1 2507  160  133 32.0 37.0 1
    1 2017  119   75 40.0 53.0 1
    1 2962  104   18 44.0 80.0 1
    1 1939    5    0 87.0 90.0 0
    1 3501   51    2 63.0 89.0 0
    1 3294  138   60 36.0 59.0 1
    1 2102  100   70 45.0 55.0 0
    1 2024   81    5 51.0 87.0 1
    1 3034  128   42 38.0 67.0 0
    1 2669  107   84 43.0 50.0 1
    1  532  143   84 35.0 50.0 1
    1 1751    5    0 87.0 90.0 1
    1 1297  133   60 37.0 59.0 1
    1 3160  143    3 35.0 88.0 0
    1  841   47    0 65.0 90.0 1
    1 2231  133  119 37.0 40.0 1
    1 2610   81   42 51.0 67.0 0
    1 2283   73   25 54.0 76.0 1
    1 2089   73   25 54.0 76.0 1
    1 2401   51    5 63.0 87.0 1
    1  574   51    3 63.0 88.0 1
    1 2959  166   31 31.0 73.0 1
    1 2786  148   58 34.0 60.0 1
    1 2479  143   12 35.0 83.0 1
    1 2294  133   31 37.0 73.0 1
    1 2037   47    0 65.0 90.0 1
    1 1921  100    0 45.0 90.0 1
    1 3217  166   67 31.0 56.0 1
    1 1035  111   51 42.0 63.0 1
    1 1024    2    0 89.0 90.0 1
    1 1387   55   45 61.0 66.0 1
    1  526   16    9 81.0 85.0 1
    1 2441   93   67 47.0 56.0 1
    1 2770   65   51 57.0 63.0 1
    1 3057  104  100 44.0 45.0 1
    1  507   49   38 64.0 69.0 1
    1 2256  123   36 39.0 70.0 1
    1 1263   51   16 63.0 81.0 1
    1 1120   62    0 58.0 90.0 1
    1  753  166    0 31.0 90.0 1
    1 3203  104   16 44.0 81.0 0
    1 3050   36   14 70.0 82.0 1
    1 3112   25   12 76.0 83.0 1
    1 2748  138  128 36.0 38.0 1
    1 1515  160   49 32.0 64.0 1
    1 3342  154  107 33.0 43.0 1
    1 2453   53   32 62.0 72.0 1
    1 2232  100   21 45.0 78.0 1
    1 1254  123   38 39.0 69.0 1
    1 1163   93   23 47.0 77.0 1
    1 1445   73    0 54.0 90.0 1
    1 2272   70   47 55.0 65.0 1
    1  527  123    0 39.0 90.0 1
    1 3455  133    0 37.0 90.0 1
    1 1283   25    9 76.0 85.0 1
    1 2474  119   51 40.0 63.0 1
    1 2452    3    0 88.0 90.0 1
    1 2417  138   47 36.0 65.0 1
    1 2617   81    0 51.0 90.0 1
    1 1433   55    0 61.0 90.0 1
    1 2586  138   73 36.0 54.0 1
    1  444  128   31 38.0 73.0 1
    1 1306   42    0 67.0 90.0 1
    1 2903   87   65 49.0 57.0 1
    1 2325   58   47 60.0 65.0 0
    1 2536   60   21 59.0 78.0 1
    1 1014  160   19 32.0 79.0 1
    1 1360   49   32 64.0 72.0 1
    1 3249  123   18 39.0 80.0 1
    1 2510   32   21 72.0 78.0 1
    1  705   97   47 46.0 65.0 1
    1 1307   42   31 67.0 73.0 1
    1 1276   81   58 51.0 60.0 1
    1 2748   97    0 46.0 90.0 1
    1 3257   65   27 57.0 75.0 1
    1 2927   67   42 56.0 67.0 1
    1 2363  128    2 38.0 89.0 1
    1 2274  154    0 33.0 90.0 1
    1 2912  173    2 30.0 89.0 1
    1 2773  173  107 30.0 43.0 1
    1  352  119    2 40.0 89.0 0
    1 1910  107   58 43.0 60.0 1
    1 1523   31   31 73.0 73.0 1
    1 3591   55    0 61.0 90.0 1
    1  774   75   40 53.0 68.0 1
    1 2349  138  123 36.0 39.0 0
    1 2351   27    0 75.0 90.0 1
    1  943   45   42 66.0 67.0 1
    1  846   81   67 51.0 56.0 1
    1 1227   36    0 70.0 90.0 1
    1 2144   78    0 52.0 90.0 1
    1 2564  148    3 34.0 88.0 0
    1 2606  128  123 38.0 39.0 1
    1 1427  128   62 38.0 58.0 1
    1 3392   87    0 49.0 90.0 0
    1 2971   84   29 50.0 74.0 1
    1 1527  107   32 43.0 72.0 1
    1 2715   27    0 75.0 90.0 1
    1 1226   87    2 49.0 89.0 1
    1 3422    5    2 87.0 89.0 1
    1 2468   58   27 60.0 75.0 1
    1  543   25    2 76.0 89.0 1
    1 2339   67   16 56.0 81.0 1
    1  885  154    0 33.0 90.0 1
    1 3301  128    0 38.0 90.0 1
    1  601   75    0 53.0 90.0 1
    1 2058   55    0 61.0 90.0 1
    1 2331  154    9 33.0 85.0 1
    1 2307   87   65 49.0 57.0 1
    1 3096  100    9 45.0 85.0 1
    1 1964  138    3 36.0 88.0 1
    1 1251   60   21 59.0 78.0 1
    1 1910   14    0 82.0 90.0 1
    1  426  133   51 37.0 63.0 1
    1 2767  173   34 30.0 71.0 1
    1 2244  128    0 38.0 90.0 1
    1  305   14    0 82.0 90.0 1
    1 1403   70    2 55.0 89.0 1
    1 2611  107  104 43.0 44.0 1
    1 1169   81    0 51.0 90.0 1
    1 1388  123   87 39.0 49.0 1
    1 1567   53    0 62.0 90.0 1
    1  654   31   25 73.0 76.0 1
    1  848   32   11 72.0 84.0 1
    1 2285   81   47 51.0 65.0 1
    1 3084  154   34 33.0 71.0 1
    1 1803  123   31 39.0 73.0 1
    1 1269   25    0 76.0 90.0 0
    1 2565   78    3 52.0 88.0 1
    1 1720   53    0 62.0 90.0 1
    1 3112   40   40 68.0 68.0 1
    1  881   34    0 71.0 90.0 1
    1  712   60   36 59.0 70.0 1
    1 2185  111   67 42.0 56.0 1
    1 1627  148   84 34.0 50.0 0
    1  353  154    0 33.0 90.0 1
    1 2696  128    0 38.0 90.0 1
    1  627   21    0 78.0 90.0 1
    1  427   90   18 48.0 80.0 1
    1 2406  107    0 43.0 90.0 1
    1 2854   25    0 76.0 90.0 1
    1 2248    2    0 89.0 90.0 1
    1 1439   73   47 54.0 65.0 1
    1 1677   23    0 77.0 90.0 1
    1  469  111   78 42.0 52.0 1
    1 2529  123    0 39.0 90.0 1
    1 1529  123    2 39.0 89.0 1
    1 1080   58   27 60.0 75.0 0
    1 2643  133   42 37.0 67.0 1
    1 2040  160    9 32.0 85.0 1
    1 2870   42    0 67.0 90.0 1
    1 1325   60   53 59.0 62.0 1
    1 1975  133   32 37.0 72.0 1
    1 2378  115    0 41.0 90.0 1
    1 2929   55   14 61.0 82.0 1
    1 2487   45    0 66.0 90.0 1
    1 1977   21   18 78.0 80.0 1
    1 2092   36   32 70.0 72.0 1
    1 2900    9    0 85.0 90.0 1
    1 3294  173   45 30.0 66.0 1
    1 2952  115  107 41.0 43.0 1
    1 1846   53    2 62.0 89.0 1
    1 1969  154   67 33.0 56.0 1
    1 2468  166   32 31.0 72.0 0
    1 1322   65   42 57.0 67.0 1
    1 1124   29    0 74.0 90.0 1
    1 3551  154   78 33.0 52.0 1
    1  427   62    0 58.0 90.0 1
    1 3208   38   11 69.0 84.0 1
    1 2651   21    0 78.0 90.0 1
    1 1164  115    0 41.0 90.0 1
    1 2511   23    0 77.0 90.0 0
    1 1872   70   34 55.0 71.0 1
    1 3597  128   34 38.0 71.0 1
    1 1663   62    0 58.0 90.0 1
    1 1921   40    0 68.0 90.0 1
    1 2429   53   51 62.0 63.0 1
    1 1543   23    0 77.0 90.0 1
    1  517   53   25 62.0 76.0 0
    1 3235   40   18 68.0 80.0 1
    1 2226   36    0 70.0 90.0 1
    1  670  166   53 31.0 62.0 1
    1 2505  100    0 45.0 90.0 1
    1 2712   58    2 60.0 89.0 1
    1 1756    2    0 89.0 90.0 1
    1 1667  111    0 42.0 90.0 1
    1 1589   78   27 52.0 75.0 1
    1 1965  160   42 32.0 67.0 1
    1 2303   93   78 47.0 52.0 1
    1  627   16    0 81.0 90.0 1
    1  430   42    0 67.0 90.0 1
    1 2202   47   38 65.0 69.0 1
    1 1458   51    0 63.0 90.0 1
    1 2722   75   29 53.0 74.0 1
    1  889  111    0 42.0 90.0 1
    1 3288   14    2 82.0 89.0 1
    1 2932   97    0 46.0 90.0 1
    1 1911   55   18 61.0 80.0 1
    1 2316  107   60 43.0 59.0 0
    1 1906  148   75 34.0 53.0 1
    1  336   75   60 53.0 59.0 1
    1 2896   51   34 63.0 71.0 1
    1 2238   36    0 70.0 90.0 1
    1  363   87   58 49.0 60.0 1
    1  929   25   23 76.0 77.0 0
    1 2442    2    0 89.0 90.0 1
    1  633  111   84 42.0 50.0 1
    1 3503   49   12 64.0 83.0 0
    1 3587   65    0 57.0 90.0 1
    1 1775   93   75 47.0 53.0 1
    1  644  100   70 45.0 55.0 0
    1 1070   93   45 47.0 66.0 1
    1 1598   14    0 82.0 90.0 1
    1 1476   60   58 59.0 60.0 1
    1 2927   55   40 61.0 68.0 1
    1  726  154  143 33.0 35.0 0
    1 1919   73   42 54.0 67.0 1
    1  661  119   11 40.0 84.0 1
    1 2008  115   12 41.0 83.0 1
    1 2525   45   14 66.0 82.0 1
    1 3493   58    0 60.0 90.0 1
    1 2609   84   36 50.0 70.0 1
    1 2371   84    0 50.0 90.0 1
    1 1045   49   47 64.0 65.0 1
    1  782   78   51 52.0 63.0 1
    1 2491   19    0 79.0 90.0 1
    1 2180   67    3 56.0 88.0 0
    1 1367   90    0 48.0 90.0 1
    1 2817   75   27 53.0 75.0 1
    1 2969   97   38 46.0 69.0 1
    1 2007  111    0 42.0 90.0 1
    1 3285  107   53 43.0 62.0 1
    1 2125   47   40 65.0 68.0 1
    1 1397  100    0 45.0 90.0 1
    1 1723  119   67 40.0 56.0 1
    1 2178   78    0 52.0 90.0 1
    1  507  160   19 32.0 79.0 1
    1 2160   97   21 46.0 78.0 0
    1 2003   90   65 48.0 57.0 1
    1 3275  111   11 42.0 84.0 0
    1 1240  123    7 39.0 86.0 1
    1 2392  138   60 36.0 59.0 1
    1 1517  173  123 30.0 39.0 1
    1 2549   45    2 66.0 89.0 1
    1 2157   40    0 68.0 90.0 1
    1 1834  166    0 31.0 90.0 1
    1  423   70    0 55.0 90.0 1
    1 3027   97   34 46.0 71.0 1
    1  806   93    9 47.0 85.0 1
    1  474  111   32 42.0 72.0 0
    1 1443   18   18 80.0 80.0 1
    1 1462   47   21 65.0 78.0 0
    1 2322   49   29 64.0 74.0 1
    1 2724  119    0 40.0 90.0 1
    1  776  173   65 30.0 57.0 1
    1 2363   12    0 83.0 90.0 1
    1 2438   42   32 67.0 72.0 1
    1 3254   84    0 50.0 90.0 1
    1  888  104   81 44.0 51.0 1
    1  573  128    3 38.0 88.0 0
    1 2549   93   90 47.0 48.0 1
    1 1351   97   18 46.0 80.0 1
    1 1678   47   36 65.0 70.0 1
    1 2929  111   29 42.0 74.0 1
    1 3482  107    0 43.0 90.0 1
    1 1371  173   49 30.0 64.0 1
    1 2866   60    0 59.0 90.0 1
    1 2201  148   73 34.0 54.0 1
    1  788  166   60 31.0 59.0 1
    1 3040   19    0 79.0 90.0 1
    1  886  100   31 45.0 73.0 1
    1 3481  107  107 43.0 43.0 1
    1  429  133   40 37.0 68.0 1
    1 2313   97    0 46.0 90.0 0
    1 2340   73   40 54.0 68.0 1
    1 1260   90   11 48.0 84.0 1
    1  797   38   14 69.0 82.0 1
    1 1255  148   67 34.0 56.0 1
    1 2716  133   32 37.0 72.0 1
    1 2266  173   73 30.0 54.0 1
    1 3186   97   49 46.0 64.0 1
    1 2194   93   45 47.0 66.0 1
    1 2174  119   12 40.0 83.0 1
    1  783  173   16 30.0 81.0 0
    1 1008  111   14 42.0 82.0 1
    1 3100  115   84 41.0 50.0 0
    1 1088   60    0 59.0 90.0 1
