 300 300 300 125
    1  611  128  104 38.0 44.0 1
    1 2797  128    0 38.0 90.0 1
    1 1455   65   62 57.0 58.0 1
    1  971  148  123 34.0 39.0 1
    1 1759  166    0 31.0 90.0 1
    1 3204   73   42 54.0 67.0 1
    1 2729  100   75 45.0 53.0 1
    1 2780   42    0 67.0 90.0 1
    1 2115   97   67 46.0 56.0 1
    1 2848  148    0 34.0 90.0 1
    1 2572  154    0 33.0 90.0 0
    1  465  138   29 36.0 74.0 1
    1 1064   87    0 49.0 90.0 1
    1 2562  173  128 30.0 38.0 1
    1 1916   19    0 79.0 90.0 1
    1 1484  173   60 30.0 59.0 0
    1 1095  160  148 32.0 34.0 1
    1 1432   73   32 54.0 72.0 1
    1 1348    9    2 85.0 89.0 1
    1  438   49   42 64.0 67.0 1
    1  637   49   34 64.0 71.0 0
    1 1580   93    0 47.0 90.0 1
    1 2959   67   21 56.0 78.0 1
    1  924  166   34 31.0 71.0 1
    1 1799   67   32 56.0 72.0 1
    1 1368   87   45 49.0 66.0 1
    1  601  115    0 41.0 90.0 1
    1 2976  107   58 43.0 60.0 1
    1 1940  100   90 45.0 48.0 1
    1 3538   53    0 62.0 90.0 1
    1 1731  173   45 30.0 66.0 0
    1 2407  119   93 40.0 47.0 1
    1 2082  143   32 35.0 72.0 1
    1 3110   60    0 59.0 90.0 1
    1  742   45    0 66.0 90.0 1
    1 1308  111    9 42.0 85.0 1
    1 3256   31   12 73.0 83.0 1
    1 2090   45    0 66.0 90.0 1
    1  817  104   53 44.0 62.0 1
    1 2260   65    5 57.0 87.0 1
    1 2263   36    0 70.0 90.0 1
    1 1532   32    0 72.0 90.0 1
    1  337   12    0 83.0 90.0 1
    1 2380  119   18 40.0 80.0 1
    1  805   53    0 62.0 90.0 1
    1 1908   53    0 62.0 90.0 1
    1 1674   21    0 78.0 90.0 0
    1 1878   27    3 75.0 88.0 1
    1 1013  115  104 41.0 44.0 1
    1 3052  166   58 31.0 60.0 1
    1 1274  128   62 38.0 58.0 1
    1 1998   87   16 49.0 81.0 0
    1 3441  128   27 38.0 75.0 1
    1  617   73   25 54.0 76.0 1
    1 2976  107    0 43.0 90.0 1
    2 1745   21    0 78.0 90.0 1
    1 1673   87   31 49.0 73.0 1
    1 3110  160    9 32.0 85.0 1
    1 2151   40   14 68.0 82.0 1
    1 3001   42    0 67.0 90.0 1
    1 1754    9    0 85.0 90.0 1
    1 1428  104   19 44.0 79.0 1
    1  526  115   34 41.0 71.0 1
    1 1993    9    0 85.0 90.0 1
    1 1608   32    0 72.0 90.0 1
    1 3450  107   67 43.0 56.0 1
    1 2979  148   25 34.0 76.0 1
    1 2710  104    0 44.0 90.0 1
    1 1986  143   42 35.0 67.0 1
    1 2022   32   25 72.0 76.0 1
    1 2730   47    0 65.0 90.0 1
    1 1612  143  123 35.0 39.0 1
    1  582   32   25 72.0 76.0 1
    1 1300  100   18 45.0 80.0 1
    1 1854   51   27 63.0 75.0 1
    1 2553  160    0 32.0 90.0 1
    1  819   70   16 55.0 81.0 1
    1 1137   93    0 47.0 90.0 1
    1 2261  123   27 39.0 75.0 1
    1 2554   97   34 46.0 71.0 1
    1 2863   34    0 71.0 90.0 1
    1 3549  119    3 40.0 88.0 1
    1  658   29    0 74.0 90.0 1
    1 2865   97    0 46.0 90.0 1
    1 1621   16    0 81.0 90.0 1
    1  817   75   65 53.0 57.0 1
    1 1883   11    0 84.0 90.0 1
    1 3387   78    0 52.0 90.0 1
    1  775   29   11 74.0 84.0 1
    1 2019   51   38 63.0 69.0 1
    1 3100   93    0 47.0 90.0 1
    1 2596  133    0 37.0 90.0 0
    1 2610  148   87 34.0 49.0 1
    1  807  104    0 44.0 90.0 1
    1 1691   87   11 49.0 84.0 1
    1  751  148  128 34.0 38.0 1
    1 1924  115   60 41.0 59.0 1
    1 1709  160    0 32.0 90.0 1
    1  910   16    0 81.0 90.0 0
    1  319   25    0 76.0 90.0 0
    1  475   40    0 68.0 90.0 1
    1  725   84   12 50.0 83.0 0
    1 1508   60    3 59.0 88.0 1
    1  666   23    9 77.0 85.0 1
    1 2353   67   42 56.0 67.0 1
    1 3590   45    0 66.0 90.0 1
    1 2091  148   60 34.0 59.0 1
    1 2685  123   67 39.0 56.0 1
    1  549  123   65 39.0 57.0 1
    1 1588   73    5 54.0 87.0 1
    1 2176  128   29 38.0 74.0 0
    1 2909  104   16 44.0 81.0 1
    1  880  143    0 35.0 90.0 0
    1 3010   93    7 47.0 86.0 1
    1 1772   84   62 50.0 58.0 1
    1 3528   19    5 79.0 87.0 1
    1  322   78    0 52.0 90.0 1
    1 1571   67   16 56.0 81.0 1
    1 1335   84   73 50.0 54.0 1
    1 2115   25    0 76.0 90.0 1
    1 2354  166   78 31.0 52.0 1
    1 1354   67   36 56.0 70.0 1
    1 1409  119    0 40.0 90.0 1
    1 2886  119   49 40.0 64.0 1
    1 1032   67    0 56.0 90.0 1
    1 1978  123   84 39.0 50.0 1
    1 3521   27   25 75.0 76.0 1
    1 2310   11   11 84.0 84.0 1
    1 3405  143   19 35.0 79.0 1
    1  402   58    3 60.0 88.0 1
    1  964  148   87 34.0 49.0 1
    1 1881  123  104 39.0 44.0 1
    1 1317   34    0 71.0 90.0 1
    1 2097   73    0 54.0 90.0 1
    1 2473  100   21 45.0 78.0 1
    1 1640   62   23 58.0 77.0 1
    1  569  138    0 36.0 90.0 1
    1 1569   40   34 68.0 71.0 1
    1  614  128  128 38.0 38.0 1
    1 2642   70   29 55.0 74.0 1
    1 1494   42    0 67.0 90.0 1
    1 1423   67   19 56.0 79.0 1
    1 3327  160    0 32.0 90.0 0
    1 2549    2    0 89.0 90.0 1
    1 2618   97    0 46.0 90.0 1
    1  506  123    0 39.0 90.0 1
    1  882  138    0 36.0 90.0 1
    1  589  115    0 41.0 90.0 1
    1  749   49    0 64.0 90.0 1
    1 2636   47   14 65.0 82.0 1
    1 1090   42    0 67.0 90.0 1
    1 3133   49   32 64.0 72.0 1
    1 3085   55   34 61.0 71.0 1
    1 2929   67    0 56.0 90.0 1
    1 1869  133   62 37.0 58.0 1
    1  770   45    0 66.0 90.0 1
    1 2185   90   18 48.0 80.0 1
    1 2838   97   87 46.0 49.0 1
    1  463   53   11 62.0 84.0 1
    1 2356   78   65 52.0 57.0 1
    1 2872   60   51 59.0 63.0 1
    1 3476   93   81 47.0 51.0 1
    1 2161   16    0 81.0 90.0 1
    1 1575   32    0 72.0 90.0 0
    1  941  104   65 44.0 57.0 1
    1 2544   87   75 49.0 53.0 1
    1 2496   67    3 56.0 88.0 1
    1 2499   53   53 62.0 62.0 1
    1  567  111    0 42.0 90.0 1
    1 3460   97    3 46.0 88.0 1
    1 1053   60   23 59.0 77.0 1
    1 2726   97    9 46.0 85.0 1
    1 1510  123  100 39.0 45.0 0
    1  644  128   47 38.0 65.0 1
    1 2250   23   18 77.0 80.0 1
    1 2768   32    9 72.0 85.0 1
    1 1844   34    0 71.0 90.0 1
    1 1830    5    0 87.0 90.0 1
    1  821   12    9 83.0 85.0 1
    1 1177   55    0 61.0 90.0 1
    1 1418  115   47 41.0 65.0 0
    1 3129   31    5 73.0 87.0 1
    1 1823  138   19 36.0 79.0 1
    1  940  173   45 30.0 66.0 1
    1 1511   70   27 55.0 75.0 1
    1 3100   65   60 57.0 59.0 1
    1  612  128   19 38.0 79.0 1
    1 3209  166   25 31.0 76.0 1
    1 2572   25    0 76.0 90.0 0
    1  637  133   49 37.0 64.0 1
    1 1798    3    0 88.0 90.0 1
    1 3014   97   29 46.0 74.0 1
    1 2959   11    0 84.0 90.0 1
    1 1511  123   51 39.0 63.0 1
    1 1067    9    0 85.0 90.0 1
    1 2972  100   81 45.0 51.0 0
    1  718   38   14 69.0 82.0 1
    0  888   97   53 46.0 62.0 1
    1 2039  133    2 37.0 89.0 1
    1 2689  119    0 40.0 90.0 0
    1 3474  128    0 38.0 90.0 1
    1 1756   78    0 52.0 90.0 1
    1  713  133   16 37.0 81.0 1
    1 2778  148  100 34.0 45.0 1
    1  932   58   29 60.0 74.0 1
    1 2136  138   84 36.0 50.0 1
    1 1758   70   27 55.0 75.0 1
    1  888   18    5 80.0 87.0 1
    1 1711  107   31 43.0 73.0 1
    1 1165  104   53 44.0 62.0 0
    1 1802   18    0 80.0 90.0 1
    1 2193   36    0 70.0 90.0 1
    1 1345  173   16 30.0 81.0 0
    1 3467  128    7 38.0 86.0 1
    1  808  133   16 37.0 81.0 1
    1 1601   32   14 72.0 82.0 1
    1 1109   78    0 52.0 90.0 1
    1 2161   36   11 70.0 84.0 1
    1 2364   90   11 48.0 84.0 1
    1 2570   97   49 46.0 64.0 1
    1 2075  133   12 37.0 83.0 1
    1 2506  104   81 44.0 51.0 1
    1 1172  148  138 34.0 36.0 0
    1  715  148    0 34.0 90.0 1
    1  516   27    0 75.0 90.0 1
    1  428   38   11 69.0 84.0 1
    1 3005   84    0 50.0 90.0 1
    1 2543  166   51 31.0 63.0 1
    1 3423    2    0 89.0 90.0 1
    1 2916   93   42 47.0 67.0 1
    1 1925   84    0 50.0 90.0 1
    1 2935  143   11 35.0 84.0 1
    1 1673  173   55 30.0 61.0 1
    1  638   93   75 47.0 53.0 1
    1 3174   60    0 59.0 90.0 1
    1 2857   19    0 79.0 90.0 1
    1 2129  143    3 35.0 88.0 1
    1 1692   87    9 49.0 85.0 1
    1 1222  133   55 37.0 61.0 0
    1 3305   29    0 74.0 90.0 1
    1 2728   75    0 53.0 90.0 1
    1 2367   65    0 57.0 90.0 1
    1 2220  119   73 40.0 54.0 1
    1 3261   87    0 49.0 90.0 0
    1 2996  104   70 44.0 55.0 1
    1 2835  119    0 40.0 90.0 1
    1 2938   84   12 50.0 83.0 1
    1 2409   55   31 61.0 73.0 1
    1  903   78   31 52.0 73.0 1
    1  986   58    0 60.0 90.0 1
    1 1261  160    0 32.0 90.0 0
    1  319   97    0 46.0 90.0 1
    1 3392  160  143 32.0 35.0 1
    1 1589  123    0 39.0 90.0 1
    1 1180   47    2 65.0 89.0 0
    1 2377   36   32 70.0 72.0 1
    1 2048   84   19 50.0 79.0 1
    1 1832   58   12 60.0 83.0 1
    1  938  173   16 30.0 81.0 1
    1 1225   27   16 75.0 81.0 1
    1 2194   34   31 71.0 73.0 0
    1 2188   84   60 50.0 59.0 1
    1 2491  173   18 30.0 80.0 1
    1 1565    9    0 85.0 90.0 1
    1 3471  115   49 41.0 64.0 1
    1 2388  160   73 32.0 54.0 1
    1 1695   42   14 67.0 82.0 1
    1 2657   25   21 76.0 78.0 1
    1 3006    3    0 88.0 90.0 1
    1 3231   78    0 52.0 90.0 1
    1 2736  166    0 31.0 90.0 1
    1 1083   97    5 46.0 87.0 1
    1 2297   65   12 57.0 83.0 1
    1 2487   58   11 60.0 84.0 1
    1 3597   51   40 63.0 68.0 1
    1 1598  133    0 37.0 90.0 1
    1  628  160    0 32.0 90.0 1
    1 3359   58   18 60.0 80.0 1
    1 1662   87   67 49.0 56.0 0
    1 1129  143  100 35.0 45.0 1
    1 2174   40    0 68.0 90.0 1
    1  818  143  115 35.0 41.0 1
    1 3378  160   21 32.0 78.0 1
    1 3030  133   60 37.0 59.0 1
    1 2617   18    0 80.0 90.0 1
    1 2771  148   19 34.0 79.0 1
    1 3096  154   97 33.0 46.0 1
    1 1212   70   42 55.0 67.0 1
    1  617  138  107 36.0 43.0 1
    1 3182   21    0 78.0 90.0 1
    1 2757   73    0 54.0 90.0 1
    1  999   75   51 53.0 63.0 1
    1  487  111  104 42.0 44.0 1
    1 2694  173   49 30.0 64.0 1
    1 3159   97    0 46.0 90.0 1
    1 1570   25   11 76.0 84.0 1
    1 1687   23    0 77.0 90.0 1
    1 3091  133    0 37.0 90.0 1
    1 2531   60    3 59.0 88.0 1
    1  984   90    9 48.0 85.0 1
