 300 300 300 125
    1 2105   93   42 47.0 67.0 1
    1 1246  100    0 45.0 90.0 1
    1 1993  107   19 43.0 79.0 1
    1 1004  100   55 45.0 61.0 1
    1 3015   93   29 47.0 74.0 1
    1 2727   84   12 50.0 83.0 1
    1  580   90   73 48.0 54.0 1
    1 1282   27    0 75.0 90.0 1
    1 1623  133   25 37.0 76.0 1
    1 2830   84   49 50.0 64.0 1
    1 1865   93   31 47.0 73.0 1
    1 1688  104    0 44.0 90.0 1
    1 3202  119   90 40.0 48.0 1
    1 3342  154   60 33.0 59.0 1
    1 3470  115   67 41.0 56.0 0
    1 2732   11    5 84.0 87.0 1
    1 2917   87   27 49.0 75.0 1
    1 3375   78    9 52.0 85.0 1
    0 2107   81   78 51.0 52.0 0
    1 1708   27    0 75.0 90.0 1
    1 3079  166   75 31.0 53.0 1
    1 3376  100   14 45.0 82.0 1
    1  843   70    0 55.0 90.0 0
    1 2661  123   38 39.0 69.0 1
    1  357  128    0 38.0 90.0 1
    1 1321   65   42 57.0 67.0 1
    1 1970  128   38 38.0 69.0 0
    1 1627   97    0 46.0 90.0 0
    1 1651   16    0 81.0 90.0 1
    1  499   29    0 74.0 90.0 1
    1 2565   90    0 48.0 90.0 1
    1  837  148   45 34.0 66.0 1
    1 1564   38    0 69.0 90.0 1
    1 3586   87   78 49.0 52.0 1
    1 1864   27   16 75.0 81.0 1
    1 2671   42    0 67.0 90.0 1
    1  386   90    9 48.0 85.0 1
    1 1851  123   62 39.0 58.0 1
    1 3404   90    0 48.0 90.0 1
    1 1497   78   27 52.0 75.0 1
    1 2437  104    0 44.0 90.0 1
    1  557   70   40 55.0 68.0 1
    1  302   81   23 51.0 77.0 1
    1 2974   93   70 47.0 55.0 1
    1  655   38    0 69.0 90.0 1
    1 3161  123   65 39.0 57.0 1
    1 2816  160   53 32.0 62.0 1
    1  325   23    0 77.0 90.0 1
    1  422   47    0 65.0 90.0 1
    1 2163   60   47 59.0 65.0 1
    1 3018  123   21 39.0 78.0 0
    1 2665   18    0 80.0 90.0 0
    1 1337  143   78 35.0 52.0 1
    1 3455   53    0 62.0 90.0 1
    1  842   49   14 64.0 82.0 1
    1 1537  133  107 37.0 43.0 0
    1 1325   45   14 66.0 82.0 1
    1 3059  143  138 35.0 36.0 1
    1 2976   58    0 60.0 90.0 1
    1 2862  160   11 32.0 84.0 1
    1 1732   58    0 60.0 90.0 0
    1  395   51   18 63.0 80.0 1
    1 3103   55   25 61.0 76.0 1
    1 3526   84   55 50.0 61.0 1
    2 3443  160   25 32.0 76.0 1
    1 1028   21    0 78.0 90.0 0
    1 1302   60    0 59.0 90.0 1
    1  710  154    0 33.0 90.0 1
    1  623  123    0 39.0 90.0 1
    1  890   93   34 47.0 71.0 1
    1 2844  119   53 40.0 62.0 1
    1  406   49   42 64.0 67.0 1
    1  907   34    0 71.0 90.0 1
    1 3167   42   29 67.0 74.0 1
    1 2196   45    0 66.0 90.0 1
    1 3279   73   19 54.0 79.0 1
    1  314   73   25 54.0 76.0 1
    1 2081   55   11 61.0 84.0 1
    1  909  133   19 37.0 79.0 1
    1 1006  123    0 39.0 90.0 1
    1 2993  111  100 42.0 45.0 1
    0  702   60    0 59.0 90.0 0
    1  572   60    0 59.0 90.0 1
    1 1845   12    0 83.0 90.0 1
    1 1916   34   29 71.0 74.0 1
    1 2785   93    0 47.0 90.0 1
    1 2047   36   14 70.0 82.0 1
    1 3411  100   62 45.0 58.0 1
    1 2896   18   16 80.0 81.0 1
    1 1666   21   14 78.0 82.0 1
    1 2486   81   45 51.0 66.0 1
    1 2111    9    0 85.0 90.0 1
    1 1084  154   34 33.0 71.0 1
    1 1581   75   45 53.0 66.0 1
    1 1518   81    0 51.0 90.0 1
    1  888   38   32 69.0 72.0 1
    1  675    7    0 86.0 90.0 1
    1 3258   75   40 53.0 68.0 1
    1 2049  143    9 35.0 85.0 1
    1 3062  100    0 45.0 90.0 1
    1 3313  111   47 42.0 65.0 1
    1 2752  138    0 36.0 90.0 1
    1 1182   29   12 74.0 83.0 1
    1 2040   90   36 48.0 70.0 1
    1 2301  111    0 42.0 90.0 1
    1 2894    2    0 89.0 90.0 1
    1 2963   53    0 62.0 90.0 1
    1 1259  173   45 30.0 66.0 1
    1 2911   62   51 58.0 63.0 1
    1 3243   62   32 58.0 72.0 1
    1 3565  160   27 32.0 75.0 1
    1 1745   42   32 67.0 72.0 1
    1 1559  160   62 32.0 58.0 0
    1 3432   34    3 71.0 88.0 1
    1 3456   87   60 49.0 59.0 1
    1  902  133   27 37.0 75.0 0
    1  409   87    2 49.0 89.0 1
    1 1077   40    0 68.0 90.0 1
    1 1169    2    0 89.0 90.0 1
    1 1586  123    9 39.0 85.0 1
    2 1985  143   67 35.0 56.0 1
    1 2229  143  128 35.0 38.0 1
    1 2362   25    0 76.0 90.0 1
    1 1978   78    0 52.0 90.0 1
    1 2221   18    0 80.0 90.0 1
    1 2327  111   47 42.0 65.0 1
    1 2199  119    0 40.0 90.0 1
    1 2316   90   58 48.0 60.0 1
    1 1165  104   49 44.0 64.0 1
    1  969   23    0 77.0 90.0 1
    1 2398   93   70 47.0 55.0 1
    1 2950  173    0 30.0 90.0 0
    1 2643   31    0 73.0 90.0 1
    1 2122  119   60 40.0 59.0 1
    1 1104   65    0 57.0 90.0 1
    1 2085  166  138 31.0 36.0 1
    1  989   97   12 46.0 83.0 1
    1 3447  115   87 41.0 49.0 1
    1 1942  128    0 38.0 90.0 1
    1 2905   36   25 70.0 76.0 1
    1 3420  154    5 33.0 87.0 1
    1 1359   34    0 71.0 90.0 1
    1  669  138   97 36.0 46.0 1
    1 1795   47    0 65.0 90.0 1
    1 3212  115   87 41.0 49.0 1
    1 2098  148    0 34.0 90.0 1
    1 1842   16    2 81.0 89.0 1
    1 3185  100    0 45.0 90.0 1
    1 2780   73   70 54.0 55.0 0
    1 2934  107   42 43.0 67.0 1
    1 1335  128   81 38.0 51.0 1
    1 1130    9    0 85.0 90.0 1
    1 1266   38   31 69.0 73.0 1
    1  577   49   11 64.0 84.0 1
    1 2610   58    9 60.0 85.0 1
    1 1524   11    0 84.0 90.0 1
    1 3527    7    0 86.0 90.0 1
    1 1903   16    0 81.0 90.0 0
    1 2979  123   12 39.0 83.0 1
    1 3054  173   21 30.0 78.0 0
    1 3097   32   25 72.0 76.0 1
    1  376   60   23 59.0 77.0 1
    1 1018  111   45 42.0 66.0 1
    1  727  133    9 37.0 85.0 1
    1 2209  133    0 37.0 90.0 1
    1  376  100   45 45.0 66.0 1
    1  488   87    0 49.0 90.0 1
    1 2928  160   49 32.0 64.0 1
    1 2857  119    5 40.0 87.0 1
    1 1854   49    0 64.0 90.0 1
    1 1201   65   62 57.0 58.0 1
    1 2226   25    0 76.0 90.0 1
    1 2228    2    0 89.0 90.0 1
    1  422   40    0 68.0 90.0 1
    1 3307   62    0 58.0 90.0 1
    1  527  107    2 43.0 89.0 1
    1  378   49   45 64.0 66.0 1
    1 2270    7    5 86.0 87.0 1
    1 3068  143   12 35.0 83.0 1
    1  310   75   53 53.0 62.0 1
    1 2923   36    0 70.0 90.0 1
    1 2765   75   21 53.0 78.0 1
    1  413  119   65 40.0 57.0 0
    1 1115  154   40 33.0 68.0 1
    1 1845  111   40 42.0 68.0 1
    1 2057   34   34 71.0 71.0 1
    1 2293   90    9 48.0 85.0 1
    1 3331  107   87 43.0 49.0 1
    1 3516   45    0 66.0 90.0 1
    1 1240   84    0 50.0 90.0 1
    1 2214   47    0 65.0 90.0 1
    1  435  104   29 44.0 74.0 1
    1 3095  123   90 39.0 48.0 1
    1 2409   42   36 67.0 70.0 1
    1 3380   97   67 46.0 56.0 1
    1 1989   40    0 68.0 90.0 1
    1 1926   75   14 53.0 82.0 1
    1 1322   31    0 73.0 90.0 0
    1 2798   55    5 61.0 87.0 1
    1 2183  166   60 31.0 59.0 1
    1 2956  107    0 43.0 90.0 1
    1 2527   12    9 83.0 85.0 1
    1  554   38   25 69.0 76.0 1
    1 2665   58   31 60.0 73.0 1
    1 3298  166   65 31.0 57.0 1
    1 1511   38    3 69.0 88.0 1
    1 1667  154  115 33.0 41.0 1
    1 2186   58   49 60.0 64.0 1
    1 2970  173   36 30.0 70.0 1
    1  978  148   97 34.0 46.0 1
    1 2780  111   42 42.0 67.0 1
    1 2126   73    2 54.0 89.0 1
    1 2268   97   45 46.0 66.0 1
    1 1567  111   45 42.0 66.0 1
    1 1161  100   70 45.0 55.0 1
    1 2803   97   60 46.0 59.0 1
    1  603   18    0 80.0 90.0 1
    1 2892  111    0 42.0 90.0 1
    1 1228   38    0 69.0 90.0 1
    1 1222  111    0 42.0 90.0 1
    1  509   67   25 56.0 76.0 1
    1 3133   62   19 58.0 79.0 1
    1 3507   27   14 75.0 82.0 1
    1 2821    2    0 89.0 90.0 1
    1 1238   45   40 66.0 68.0 1
    1 2322  115   14 41.0 82.0 1
    1 3498  115   40 41.0 68.0 1
    1 2684  154   42 33.0 67.0 1
    1 2394   47    0 65.0 90.0 1
    1 3105  128   36 38.0 70.0 1
    1 1979   97   51 46.0 63.0 1
    1 2029   97    5 46.0 87.0 1
    1 1865   81   18 51.0 80.0 1
    1 3403   87   70 49.0 55.0 1
    1 2241   81    7 51.0 86.0 1
    1 1100   81   47 51.0 65.0 1
    1  806   32   25 72.0 76.0 1
    1  769  123   14 39.0 82.0 1
    1  313   53    0 62.0 90.0 1
    1 1726  119   47 40.0 65.0 1
    1 1927   53    9 62.0 85.0 1
    1 1774   62   55 58.0 61.0 1
    1 2405   51   31 63.0 73.0 1
    1 2986   53    0 62.0 90.0 1
    1 1871  115   75 41.0 53.0 0
    1 1930   67   27 56.0 75.0 1
    1  886  160   18 32.0 80.0 0
    1 2327   93    0 47.0 90.0 1
    1 3179   31    0 73.0 90.0 1
    1 2106  173   45 30.0 66.0 1
    1 2312  107   55 43.0 61.0 1
    1 3495   58    0 60.0 90.0 1
    1 1697   11   11 84.0 84.0 1
    1  566  138   18 36.0 80.0 1
    1 1645  133   12 37.0 83.0 0
    1 1554   62    0 58.0 90.0 1
    1  461   47    0 65.0 90.0 1
    1 2614   67   45 56.0 66.0 1
    1 1855   21    0 78.0 90.0 1
    1 1830  115    0 41.0 90.0 1
    1 2250   60    0 59.0 90.0 1
    1 3406   90    0 48.0 90.0 1
    1  612   23   12 77.0 83.0 1
    1 1208   42    0 67.0 90.0 0
    1 1786  154  119 33.0 40.0 1
    1  962  104   18 44.0 80.0 0
    1  898   81    0 51.0 90.0 1
    1  734   81    0 51.0 90.0 1
    1 2760   81   55 51.0 61.0 1
    1 2594    5    0 87.0 90.0 1
    1 3250  100   19 45.0 79.0 1
    1 1409   62    0 58.0 90.0 1
    1 1733  138   45 36.0 66.0 1
    1 2168   65   12 57.0 83.0 0
    1  742  123    0 39.0 90.0 1
    1 1704  160   55 32.0 61.0 1
    1  301   21   19 78.0 79.0 1
    1 1723  100   42 45.0 67.0 1
    1 3385   87    3 49.0 88.0 1
    1 1557   16    0 81.0 90.0 1
    1 2462  166   38 31.0 69.0 1
    1  346  133   36 37.0 70.0 1
    1 1257  138   73 36.0 54.0 1
    1 3271  115   81 41.0 51.0 1
    1 2049  107    0 43.0 90.0 1
    1  524   45    0 66.0 90.0 1
    1 1654   42    0 67.0 90.0 1
    1 2880   87   53 49.0 62.0 1
    1 1350   42   12 67.0 83.0 1
    1 2718   32   12 72.0 83.0 1
    1 1295   40   34 68.0 71.0 1
    1 3425   78    0 52.0 90.0 1
    1 1747   53    5 62.0 87.0 1
    1 2944   32   29 72.0 74.0 0
    1 1500   81    0 51.0 90.0 1
    1 1312   53    0 62.0 90.0 1
    1 2915  166  148 31.0 34.0 1
    1 1526   93   73 47.0 54.0 1
    1  412   90    0 48.0 90.0 1
    1 1746   73    0 54.0 90.0 1
