 300 300 300 125
    1 1669   62   55 58.0 61.0 1
    1 3063   32    0 72.0 90.0 0
    1 3269   97   51 46.0 63.0 0
    1 3526  173  154 30.0 33.0 1
    1 1031   31    0 73.0 90.0 1
    1 3546   67   11 56.0 84.0 0
    1 1914   42    0 67.0 90.0 1
    1 1450  107   23 43.0 77.0 1
    1  999   47    2 65.0 89.0 1
    1  875   73    0 54.0 90.0 1
    1 2020   47    0 65.0 90.0 1
    1 1125   67   62 56.0 58.0 1
    1 3509  154  107 33.0 43.0 1
    1 3480   27    2 75.0 89.0 1
    1 1175   70   67 55.0 56.0 0
    1 2888  119   70 40.0 55.0 0
    1  453  100   27 45.0 75.0 1
    1 2610  128    0 38.0 90.0 0
    1 1176   84    0 50.0 90.0 1
    1 3473   62   23 58.0 77.0 1
    1 2947   84    0 50.0 90.0 1
    1  722   84   38 50.0 69.0 1
    1 1776  138  111 36.0 42.0 1
    1 1145  104    7 44.0 86.0 1
    1 1320   40    9 68.0 85.0 1
    1 2229   47   27 65.0 75.0 0
    1 3138   62   23 58.0 77.0 1
    1 3395   21    0 78.0 90.0 1
    1 1209   90    0 48.0 90.0 1
    1 2364  123   81 39.0 51.0 0
    1 3006   70    0 55.0 90.0 0
    1  756  133   47 37.0 65.0 1
    1 1581   32    0 72.0 90.0 1
    1 1993  148  104 34.0 44.0 1
    1 1967  104   32 44.0 72.0 1
    1 2292   51   27 63.0 75.0 1
    1  444   87    0 49.0 90.0 1
    1  444   73   62 54.0 58.0 1
    1 2882   67   25 56.0 76.0 1
    1 2528  154   53 33.0 62.0 1
    1  605   45    0 66.0 90.0 1
    1 2609   27   19 75.0 79.0 1
    1 2687   97   67 46.0 56.0 1
    1 2250   97   19 46.0 79.0 1
    1 3065  138    0 36.0 90.0 1
    1  696    3    0 88.0 90.0 1
    1 2798   90    0 48.0 90.0 1
    1 3322   14    0 82.0 90.0 1
    1 2663  173   14 30.0 82.0 1
    1 1678   97    0 46.0 90.0 1
    1 3166   31    3 73.0 88.0 1
    1 1052   75   55 53.0 61.0 1
    1 1786   70    5 55.0 87.0 1
    1  613  160    0 32.0 90.0 1
    1  571  107   14 43.0 82.0 1
    1 2001   81    0 51.0 90.0 0
    1 3197   29    0 74.0 90.0 1
    1 1417  154   78 33.0 52.0 1
    1 1325   60   11 59.0 84.0 1
    1  751   38    0 69.0 90.0 1
    1  638    5    0 87.0 90.0 1
    1  478  160   51 32.0 63.0 1
    1 3511  154   73 33.0 54.0 1
    1 2793    9    0 85.0 90.0 1
    1 1299   45   18 66.0 80.0 0
    1 1093   93    0 47.0 90.0 1
    1 3280   14    3 82.0 88.0 0
    1  912  154   12 33.0 83.0 1
    1 1427   53    0 62.0 90.0 1
    1 1637   36    0 70.0 90.0 1
    1 1670   70   58 55.0 60.0 1
    1 1602  138   18 36.0 80.0 1
    1 2592   23    7 77.0 86.0 1
    1 3321   53    0 62.0 90.0 1
    1 1775   16    0 81.0 90.0 1
    1 3417   58    0 60.0 90.0 1
    1 1776   58   14 60.0 82.0 1
    1 1542   49    0 64.0 90.0 1
    1  341  107    0 43.0 90.0 1
    1 1597  111   90 42.0 48.0 1
    1 3013   29    0 74.0 90.0 1
    1  979   55   18 61.0 80.0 1
    1 2108   90    0 48.0 90.0 1
    1  813  119    0 40.0 90.0 1
    1 2785  104    3 44.0 88.0 1
    1  475   60    9 59.0 85.0 1
    1 1736  138   47 36.0 65.0 1
    1 1406  100   65 45.0 57.0 1
    1 2904   12    3 83.0 88.0 1
    1  402   81    2 51.0 89.0 1
    1 1126   16   14 81.0 82.0 0
    1 1158   19    2 79.0 89.0 1
    1 1878   81   81 51.0 51.0 0
    1  648   93    0 47.0 90.0 1
    1 1437  166   38 31.0 69.0 1
    1 3588  107   40 43.0 68.0 0
    1 2604   97   11 46.0 84.0 1
    1 1091  166  100 31.0 45.0 1
    1 1242  154    0 33.0 90.0 1
    1 2180   90    0 48.0 90.0 1
    1 1972   53   42 62.0 67.0 0
    1  615   32   19 72.0 79.0 1
    1 1852  148   70 34.0 55.0 1
    1 2226    5    0 87.0 90.0 0
    1 1163   38   18 69.0 80.0 1
    1 1106  119   93 40.0 47.0 1
    1 3022   81    0 51.0 90.0 1
    1 1334  128   27 38.0 75.0 1
    1 1261   81    0 51.0 90.0 1
    1 3174  143   87 35.0 49.0 1
    1  503   62   58 58.0 60.0 1
    1 3532  160  115 32.0 41.0 1
    1 1544  128   97 38.0 46.0 1
    1 1031  119   19 40.0 79.0 1
    1 3115  173  133 30.0 37.0 1
    1 2855   97   60 46.0 59.0 0
    1  384   34   23 71.0 77.0 1
    1 2786    7    0 86.0 90.0 1
    1 2326   49    5 64.0 87.0 1
    1  559  154   67 33.0 56.0 1
    1 1967   70   49 55.0 64.0 0
    1 2201   36   11 70.0 84.0 1
    1 2485   53   45 62.0 66.0 1
    1 3493  173   84 30.0 50.0 1
    1 2767   67    0 56.0 90.0 1
    1 3072  111   47 42.0 65.0 1
    1 1898  119    0 40.0 90.0 1
    1 2585   65   32 57.0 72.0 1
    1  366   73    0 54.0 90.0 1
    1 2697  138   62 36.0 58.0 1
    1 1258   34   27 71.0 75.0 1
    1 1127   70   19 55.0 79.0 1
    1 1138  128    0 38.0 90.0 1
    1 3058  173   87 30.0 49.0 1
    1 2990  128    5 38.0 87.0 0
    1 2327   97   40 46.0 68.0 1
    1  537   67   36 56.0 70.0 1
    1  773   21    0 78.0 90.0 1
    1 1659  143    0 35.0 90.0 1
    1 2532  100    0 45.0 90.0 1
    1 1196   42    7 67.0 86.0 1
    1  451   93    0 47.0 90.0 0
    1  373   19    0 79.0 90.0 1
    1 3038   36    0 70.0 90.0 1
    1 1301   75    0 53.0 90.0 1
    1 2725  128   55 38.0 61.0 1
    1 3090   97   31 46.0 73.0 1
    1 3150  160  100 32.0 45.0 1
    1 2386   31    0 73.0 90.0 1
    1 2405   87   19 49.0 79.0 1
    1 3093   73    7 54.0 86.0 1
    1  858   53   38 62.0 69.0 1
    1 2981   31    0 73.0 90.0 1
    1 2492   93    0 47.0 90.0 1
    1 2988  104    0 44.0 90.0 1
    1 1923   40    0 68.0 90.0 1
    1  532  123    0 39.0 90.0 1
    1 2322   58   53 60.0 62.0 0
    1 1932  173   34 30.0 71.0 0
    1 1137   12    7 83.0 86.0 1
    1 1723  133   65 37.0 57.0 1
    1 2165   27    0 75.0 90.0 1
    1 2085  115    2 41.0 89.0 1
    1 1797   51   23 63.0 77.0 1
    1 3578   23    0 77.0 90.0 1
    1 1063   45   29 66.0 74.0 1
    1 1077   75   18 53.0 80.0 1
    1 3038   40    0 68.0 90.0 1
    1 3094  119   84 40.0 50.0 1
    1  993   67   23 56.0 77.0 1
    1 2660   29    0 74.0 90.0 1
    1  439   19    7 79.0 86.0 1
    1 2472   19   12 79.0 83.0 0
    1 2140  128   60 38.0 59.0 1
    1  631   73   18 54.0 80.0 1
    1 2471  133  128 37.0 38.0 1
    1  997   27    0 75.0 90.0 1
    1 2843   47    0 65.0 90.0 1
    1 3463   34    3 71.0 88.0 1
    1 3299   65   34 57.0 71.0 1
    1 3437   58   38 60.0 69.0 1
    1 1494  173  133 30.0 37.0 1
    1 2434   49    0 64.0 90.0 1
    1  778   84   27 50.0 75.0 1
    1 1686  133   81 37.0 51.0 1
    1  963   32   16 72.0 81.0 1
    1 1427    2    0 89.0 90.0 1
    1  480   53   53 62.0 62.0 1
    1 2837  166   36 31.0 70.0 1
    1  754   62   18 58.0 80.0 1
    1 1016  173   34 30.0 71.0 1
    1 3369   93    2 47.0 89.0 1
    1 1806   78    0 52.0 90.0 1
    1 1591   49   40 64.0 68.0 1
    1 1731   62   49 58.0 64.0 1
    1 1724   49    5 64.0 87.0 0
    1 3029   65    0 57.0 90.0 1
    1 1061   55   23 61.0 77.0 1
    1 1181  104   38 44.0 69.0 1
    1 2292   21    0 78.0 90.0 1
    1 1132    7    0 86.0 90.0 1
    1  607   19    9 79.0 85.0 1
    1 1186  115   14 41.0 82.0 1
    1 2132  107    0 43.0 90.0 1
    1 1125   62   18 58.0 80.0 1
    1 1943   31    0 73.0 90.0 0
    1 3314   65    5 57.0 87.0 0
    1 2777   32    0 72.0 90.0 0
    1  708   31   21 73.0 78.0 1
    1 3053   27    0 75.0 90.0 1
    1 1660  104   34 44.0 71.0 1
    1 1949   87   45 49.0 66.0 0
    1 1911   31    0 73.0 90.0 1
    1 3546   32   27 72.0 75.0 1
    1  603  133  104 37.0 44.0 1
    1  404   12    0 83.0 90.0 0
    1 2805   60   58 59.0 60.0 1
    1 3300  128   25 38.0 76.0 1
    1 3467  133    5 37.0 87.0 1
    1 2983   40   32 68.0 72.0 1
    1 1324   87    0 49.0 90.0 0
    1 1552  160  133 32.0 37.0 1
    1 1329   11    0 84.0 90.0 1
    1 1378  100   93 45.0 47.0 1
    1  365   16    7 81.0 86.0 1
    1 1324   11    0 84.0 90.0 1
    1 3223  119   73 40.0 54.0 1
    1 2183   16    0 81.0 90.0 1
    1 3579   36   25 70.0 76.0 1
    1 2648   21    0 78.0 90.0 1
    1 1857  123   84 39.0 50.0 1
    1 1078  148   19 34.0 79.0 1
    1 2822   78    3 52.0 88.0 1
    1 2998   90   40 48.0 68.0 1
    1 3310  119   70 40.0 55.0 1
    1 2630  119   78 40.0 52.0 1
    1  852  104   25 44.0 76.0 1
    1 1452  107   70 43.0 55.0 1
    1 1771   81   51 51.0 63.0 1
    1 2162   25    0 76.0 90.0 1
    1 2934   53   36 62.0 70.0 1
    1 1390   75    5 53.0 87.0 1
    1  575   62    5 58.0 87.0 1
    1 1690  166   55 31.0 61.0 1
    1  536   42   36 67.0 70.0 1
    1 1205   53   23 62.0 77.0 1
    1 3020   55   40 61.0 68.0 1
    1 1502   23    0 77.0 90.0 1
    1 3570   32    0 72.0 90.0 1
    1 3255  154    0 33.0 90.0 1
    1 2182  115  104 41.0 44.0 1
    1 1978   31   25 73.0 76.0 1
    1  483   73    0 54.0 90.0 1
    1 2623  148   34 34.0 71.0 1
    1  714  100   81 45.0 51.0 1
    1 1966   70   31 55.0 73.0 1
    1 3582  107    0 43.0 90.0 0
    1 2520   87   29 49.0 74.0 1
    1 3008   84   51 50.0 63.0 1
    1 2836   87   34 49.0 71.0 1
    1 2430  138   53 36.0 62.0 1
    1 2209   47    0 65.0 90.0 1
    1  722  166   34 31.0 71.0 1
    1  581   40   29 68.0 74.0 1
    1 1640   60    2 59.0 89.0 0
    1 2794   67    3 56.0 88.0 1
    1  885   93    0 47.0 90.0 1
    1  730   97    0 46.0 90.0 1
    1  358  100    0 45.0 90.0 1
    1 1135   65    0 57.0 90.0 1
    1 1747   97    0 46.0 90.0 1
    1  433   27    2 75.0 89.0 1
    1  532  115   12 41.0 83.0 1
    1 1244  148   58 34.0 60.0 1
    1  420  111   14 42.0 82.0 1
    1 2825  148   73 34.0 54.0 0
    1  910   31    3 73.0 88.0 1
    1  490   45    0 66.0 90.0 1
    1 2998  115   29 41.0 74.0 0
    1 1224  138    0 36.0 90.0 1
    1  814  138    0 36.0 90.0 1
    1 3117  143    0 35.0 90.0 1
    1 2035   97   42 46.0 67.0 1
    1 1945  123    3 39.0 88.0 1
    1 1340  104   67 44.0 56.0 1
    1  422   32    0 72.0 90.0 0
    1 3009   93   75 47.0 53.0 1
    1 1956  148   25 34.0 76.0 1
    1  881  111    3 42.0 88.0 1
    1 1025  138    3 36.0 88.0 1
    1 1855  111   18 42.0 80.0 1
    1 3407   75   67 53.0 56.0 1
    1 1897  123    2 39.0 89.0 1
    1 1994   62    0 58.0 90.0 1
    1 1509   78   25 52.0 76.0 1
    1 2705   65   65 57.0 57.0 1
    1 3371    7    0 86.0 90.0 1
    1 2454   11    0 84.0 90.0 1
    1 2501  166   53 31.0 62.0 1
    1 1849    5    0 87.0 90.0 1
