 300 300 300 125
    1 1714   73    0 54.0 90.0 1
    1 1186   45   19 66.0 79.0 1
    1  508   32    0 72.0 90.0 0
    1 2921   62    3 58.0 88.0 0
    1 1305  173    0 30.0 90.0 1
    1  797  133   14 37.0 82.0 1
    1 2216   14    7 82.0 86.0 1
    1 2488  138   87 36.0 49.0 1
    1  898   75    0 53.0 90.0 1
    1 2676   53   18 62.0 80.0 1
    1 1904  133   23 37.0 77.0 1
    1  346   12    0 83.0 90.0 1
    1 3383   65   42 57.0 67.0 1
    1 2054   87   73 49.0 54.0 1
    1 3343   53   31 62.0 73.0 0
    1 3349   60    0 59.0 90.0 1
    1  433   67   55 56.0 61.0 1
    1 3480   21   12 78.0 83.0 1
    1 2373   84    2 50.0 89.0 1
    1 3469   81    0 51.0 90.0 1
    1 2946   55    0 61.0 90.0 1
    1 2737  160   90 32.0 48.0 1
    1 1167  148    9 34.0 85.0 1
    1 2106   47    0 65.0 90.0 0
    1 1850   73    3 54.0 88.0 1
    1 1548   51   11 63.0 84.0 1
    1 3111   58   34 60.0 71.0 1
    1 3307   38   18 69.0 80.0 1
    1 2405  115  104 41.0 44.0 1
    1 3402  166   75 31.0 53.0 1
    1  995   75   47 53.0 65.0 1
    1 1502   84    9 50.0 85.0 1
    1 1825  166   60 31.0 59.0 1
    1 1051  138    0 36.0 90.0 1
    1  526   73   23 54.0 77.0 1
    1 2858   25    0 76.0 90.0 1
    1  694  154  119 33.0 40.0 1
    1 3404  138   84 36.0 50.0 1
    1  740  160   60 32.0 59.0 1
    1  743   18    5 80.0 87.0 1
    1 1209   42   29 67.0 74.0 1
    1  882  148    0 34.0 90.0 1
    1  958   47   11 65.0 84.0 1
    1 2113   70   21 55.0 78.0 1
    1  437   47   27 65.0 75.0 1
    1  931  128   12 38.0 83.0 1
    1 3424  154   84 33.0 50.0 1
    1 3306   53   45 62.0 66.0 1
    1 3592  107    0 43.0 90.0 1
    1  327   36    0 70.0 90.0 1
    1 2808   42   36 67.0 70.0 1
    1 1033   12    0 83.0 90.0 1
    1 2172    2    0 89.0 90.0 1
    1 2210  173   75 30.0 53.0 0
    1 2982  128  104 38.0 44.0 1
    1 3041   78    0 52.0 90.0 0
    1  999   75   53 53.0 62.0 1
    1 2180   81   14 51.0 82.0 1
    1 2468  111   93 42.0 47.0 0
    1 1040  160    0 32.0 90.0 1
    1  830  133   32 37.0 72.0 1
    1 3115   93   73 47.0 54.0 0
    1  411   11    2 84.0 89.0 1
    1 2277   25    0 76.0 90.0 1
    1  325  123   32 39.0 72.0 1
    1 1956  173   90 30.0 48.0 0
    1  960   21    0 78.0 90.0 1
    1  681   11    0 84.0 90.0 0
    1 1583   97   53 46.0 62.0 1
    1 1519  138  100 36.0 45.0 1
    1 2018   70    5 55.0 87.0 1
    1  754   75   65 53.0 57.0 1
    1 2054   55   42 61.0 67.0 1
    1 3492  154  119 33.0 40.0 1
    1  399  111   67 42.0 56.0 1
    1 3044   81   31 51.0 73.0 1
    1 1786  143   16 35.0 81.0 1
    1 1957   78    9 52.0 85.0 1
    1 2298   31   18 73.0 80.0 1
    1 3223   60    3 59.0 88.0 1
    1 1161   78   18 52.0 80.0 0
    1 3178   38    9 69.0 85.0 1
    1 1520   38   18 69.0 80.0 1
    1 1879   60    0 59.0 90.0 1
    1 1803   49    0 64.0 90.0 1
    1 3207  119  107 40.0 43.0 1
    1  409  128   21 38.0 78.0 1
    1 3328   73    0 54.0 90.0 1
    1 2766  115   73 41.0 54.0 1
    1 3087  148    0 34.0 90.0 1
    1  422   97   11 46.0 84.0 1
    1 1724   62    0 58.0 90.0 1
    1  920   25   11 76.0 84.0 1
    1  507  160   25 32.0 76.0 0
    1  329   47    0 65.0 90.0 0
    1 2762   40   40 68.0 68.0 1
    1 1323  133  107 37.0 43.0 1
    1 1886   21   14 78.0 82.0 1
    1  400   81    5 51.0 87.0 1
    1 1320  154    0 33.0 90.0 1
    1 3420   53   36 62.0 70.0 1
    1 1576   75    0 53.0 90.0 0
    1  997   25   16 76.0 81.0 0
    1 3427   87    0 49.0 90.0 1
    1  342   97    9 46.0 85.0 1
    1 1380  104   21 44.0 78.0 1
    1 3313   31    2 73.0 89.0 1
    1 2742  104   12 44.0 83.0 1
    1 1631  119    0 40.0 90.0 1
    1 2797   84   51 50.0 63.0 1
    1 2141  154   51 33.0 63.0 1
    1 3598   75    0 53.0 90.0 1
    1 2999   65    7 57.0 86.0 1
    1 2053  104    0 44.0 90.0 1
    1 2059   62    0 58.0 90.0 1
    1 2228  160   78 32.0 52.0 0
    1 1658   14    0 82.0 90.0 1
    1 1281   47    0 65.0 90.0 1
    1  986  100    0 45.0 90.0 0
    1  403   21    2 78.0 89.0 1
    1  890   60   53 59.0 62.0 1
    1 3255   11    9 84.0 85.0 1
    1  701  123    0 39.0 90.0 1
    1 2845   29    0 74.0 90.0 1
    1 1803  133   11 37.0 84.0 1
    1 2339   78    0 52.0 90.0 1
    1  980   40   34 68.0 71.0 1
    1 1083   38    0 69.0 90.0 1
    1 1767  119   23 40.0 77.0 1
    1 1892   18    0 80.0 90.0 1
    1 1012   60    0 59.0 90.0 1
    1 2087    3    0 88.0 90.0 1
    1 2557  166   65 31.0 57.0 1
    1  473  128    5 38.0 87.0 1
    1  981  104   47 44.0 65.0 1
    1 2110   81   12 51.0 83.0 1
    1 2738   75    2 53.0 89.0 1
    1 2797   84   62 50.0 58.0 1
    1 3263  119    0 40.0 90.0 1
    1 1144  143    0 35.0 90.0 1
    1 2890  111   45 42.0 66.0 1
    1 1175   19    0 79.0 90.0 1
    1 1719   58   21 60.0 78.0 1
    1 2575   45   12 66.0 83.0 1
    1 1101   84    0 50.0 90.0 1
    1  362   65   36 57.0 70.0 1
    1  643   38    0 69.0 90.0 1
    1 2151   42    0 67.0 90.0 1
    1 3558   42    2 67.0 89.0 1
    1 1038  111  100 42.0 45.0 1
    1 1098   53    9 62.0 85.0 1
    1 1316  166   36 31.0 70.0 1
    1 2799   75   42 53.0 67.0 1
    1 2461  143    0 35.0 90.0 1
    1 3577   27    0 75.0 90.0 1
    1 1084  160    9 32.0 85.0 1
    1  794   55   11 61.0 84.0 1
    1 3140  143   47 35.0 65.0 1
    1 2624  148   18 34.0 80.0 1
    1  862    3    0 88.0 90.0 1
    1  573  119   38 40.0 69.0 1
    1 1868   45    0 66.0 90.0 1
    1 3092   65   31 57.0 73.0 1
    1  377   62   32 58.0 72.0 1
    1 1397  104    0 44.0 90.0 0
    1 2425   45   29 66.0 74.0 1
    1 1494    9    0 85.0 90.0 0
    1 1287   65    0 57.0 90.0 1
    1 2768  123   60 39.0 59.0 1
    1 1714  160   18 32.0 80.0 0
    1 2720  115   38 41.0 69.0 1
    1 1914  100   11 45.0 84.0 1
    1 1141   40    0 68.0 90.0 1
    1 3184  123    2 39.0 89.0 0
    1 1913  148   16 34.0 81.0 1
    1 1924   40    3 68.0 88.0 1
    1 1531  123   25 39.0 76.0 1
    1 2883   53    0 62.0 90.0 0
    1  730  104   27 44.0 75.0 1
    1  521  143    0 35.0 90.0 1
    1 3017  119    0 40.0 90.0 1
    1 3129  128   90 38.0 48.0 1
    1  566  107   81 43.0 51.0 1
    1 3063  111   84 42.0 50.0 0
    1 2457  128   27 38.0 75.0 1
    1 3179   47   21 65.0 78.0 1
    1  832   19    0 79.0 90.0 1
    1 1943  143    2 35.0 89.0 0
    1  555   36    5 70.0 87.0 1
    1 1093   73   34 54.0 71.0 1
    1 3290   93    7 47.0 86.0 1
    1 1469    9    0 85.0 90.0 1
    1 2198   36    0 70.0 90.0 1
    1  322   36    0 70.0 90.0 1
    1 2579  143   97 35.0 46.0 1
    1 1521   47   19 65.0 79.0 1
    1 1912   27   11 75.0 84.0 1
    1 1235    5    0 87.0 90.0 1
    1 1999   25   11 76.0 84.0 1
    1 1297  123   97 39.0 46.0 1
    1 2967   87   27 49.0 75.0 1
    1 3111   55   12 61.0 83.0 1
    1  922   51    7 63.0 86.0 1
    1 1734  115   14 41.0 82.0 0
    1  577   45   11 66.0 84.0 1
    1 1765   36    5 70.0 87.0 1
    1 2555   38   32 69.0 72.0 1
    1 3171  166   16 31.0 81.0 1
    1  664  119   55 40.0 61.0 1
    1  775  133  111 37.0 42.0 1
    1 1756   62    0 58.0 90.0 0
    1 2858  100   60 45.0 59.0 1
    1 2730  100   14 45.0 82.0 1
    1 2393   81    0 51.0 90.0 1
    1  721   60   27 59.0 75.0 0
    1 1460  107    0 43.0 90.0 1
    1 3272  154  119 33.0 40.0 1
    1 2909   93   53 47.0 62.0 1
    1 3278   84    5 50.0 87.0 1
    1 1100   40   29 68.0 74.0 1
    1 2198  104   51 44.0 63.0 1
    1 3403   53    0 62.0 90.0 1
    1 1551   55    0 61.0 90.0 1
    1 1574  166   21 31.0 78.0 0
    1 1443  133    0 37.0 90.0 1
    1 2067   62   49 58.0 64.0 1
    1 1228  115   62 41.0 58.0 1
    1 2916  160   38 32.0 69.0 1
    1  824  173   93 30.0 47.0 1
    1 2165   51    0 63.0 90.0 1
    1 3280  128   36 38.0 70.0 1
    1 2093   19    0 79.0 90.0 1
    1 1074   97    0 46.0 90.0 1
    1 1663   31    0 73.0 90.0 1
    1 1444   60   32 59.0 72.0 1
    1  523  119   14 40.0 82.0 1
    1 1407  100   25 45.0 76.0 1
    1 3422   42    0 67.0 90.0 1
    1 3363  100    9 45.0 85.0 1
    1 1596  133    0 37.0 90.0 1
    1 3216  107    0 43.0 90.0 1
    1  827  104    0 44.0 90.0 1
    1  427  107    7 43.0 86.0 1
    1 3129   25   18 76.0 80.0 1
    1 1856   84    0 50.0 90.0 1
    1 1110   84    0 50.0 90.0 1
    1 3347    9    0 85.0 90.0 1
    1  494   38    0 69.0 90.0 1
    1 2612   65    0 57.0 90.0 1
    1 2859  160    0 32.0 90.0 0
    1 2610  166   58 31.0 60.0 1
    1  765   38    5 69.0 87.0 1
    1  980   47    0 65.0 90.0 1
    1 3539   93   53 47.0 62.0 1
    1 3581   87    0 49.0 90.0 0
    1 2048  133   14 37.0 82.0 1
    1 3369  173  133 30.0 37.0 1
    1 3005  128   70 38.0 55.0 1
    1 2456   62   38 58.0 69.0 1
    1 2406   62   11 58.0 84.0 1
    1 1234  166   81 31.0 51.0 1
    1 2424   12    2 83.0 89.0 1
    1 1387  104   19 44.0 79.0 1
    1 2902  100   19 45.0 79.0 0
    1 2338  133   38 37.0 69.0 1
    1 3244   38   25 69.0 76.0 1
    1 3487   62   16 58.0 81.0 1
    1 3536  166   97 31.0 46.0 1
    1 2691  100   62 45.0 58.0 1
    1 2036  148    0 34.0 90.0 1
    1 2554   70   55 55.0 61.0 1
    1 3069  119   19 40.0 79.0 0
    1 2825  133   87 37.0 49.0 1
    1  380   36    0 70.0 90.0 1
    1 3330  160   32 32.0 72.0 0
    1 2457   81    0 51.0 90.0 1
    1 1207   29   11 74.0 84.0 1
    1  450   90    0 48.0 90.0 1
    1 1141  166    0 31.0 90.0 0
    1  868  138   87 36.0 49.0 1
    1 1780   70   19 55.0 79.0 1
    1 3271    7    0 86.0 90.0 1
    1 3289  123   51 39.0 63.0 1
    1  333   75   55 53.0 61.0 1
    1 1046   84    0 50.0 90.0 1
    1 3284  107   60 43.0 59.0 0
    1 1770   58   18 60.0 80.0 1
    1  326   81    2 51.0 89.0 1
    1 3254   93   31 47.0 73.0 1
    1 3513  119    0 40.0 90.0 1
    1 1444   67   18 56.0 80.0 1
    1 3023   97    0 46.0 90.0 1
    1 2070  160    0 32.0 90.0 1
    1 1153  143   97 35.0 46.0 1
    1 2954  160   27 32.0 75.0 1
    1  869   67    0 56.0 90.0 1
    1 2769  111   36 42.0 70.0 0
    1 1360  119   65 40.0 57.0 1
    1 2782   75   16 53.0 81.0 1
    1 1274   27   23 75.0 77.0 1
