 300 300 300 125
    1 3374   62    3 58.0 88.0 1
    1 3412  166   81 31.0 51.0 1
    1 1559   51    0 63.0 90.0 1
    1 2572   36   12 70.0 83.0 1
    1 1956   47    0 65.0 90.0 1
    1 3421   81    0 51.0 90.0 1
    1 1483   55   21 61.0 78.0 0
    1  342   19    2 79.0 89.0 1
    1 2724   21   18 78.0 80.0 1
    1  583  111   23 42.0 77.0 1
    1 2297    5    0 87.0 90.0 1
    1 2076  173    0 30.0 90.0 1
    1 3555  104   31 44.0 73.0 1
    1 1701   73   49 54.0 64.0 1
    1 1833  154  154 33.0 33.0 1
    1 2478   34    0 71.0 90.0 1
    1  402  154   23 33.0 77.0 1
    1  863   90    0 48.0 90.0 1
    1  361   31    5 73.0 87.0 1
    1 1791  133   42 37.0 67.0 1
    1 2582   42    0 67.0 90.0 1
    1 1737   75   70 53.0 55.0 0
    1 3086   51    0 63.0 90.0 1
    1 2422   97   36 46.0 70.0 1
    1 1607   87   18 49.0 80.0 1
    1 1680  107    0 43.0 90.0 1
    1 3311  128    0 38.0 90.0 1
    1  950   67    2 56.0 89.0 1
    1 1077  107  104 43.0 44.0 0
    1 3069  148  143 34.0 35.0 1
    1 1486   16    0 81.0 90.0 1
    1 1651   36   27 70.0 75.0 1
    1  588   70   38 55.0 69.0 1
    1 1973  166  104 31.0 44.0 0
    1 3143  133   70 37.0 55.0 1
    1 3412   58    0 60.0 90.0 0
    1  764   11    0 84.0 90.0 1
    1 2645   87    5 49.0 87.0 1
    1 2713   45   42 66.0 67.0 1
    1  313  123    0 39.0 90.0 1
    1 2134  128  128 38.0 38.0 1
    1 1305   40   38 68.0 69.0 1
    1 3573  143   84 35.0 50.0 1
    1  729   90   42 48.0 67.0 1
    1  475   27    7 75.0 86.0 1
    1  888   62   55 58.0 61.0 1
    1 2219   65   45 57.0 66.0 1
    1 1171   49   42 64.0 67.0 1
    1 1985  100   60 45.0 59.0 1
    1 2754   14    0 82.0 90.0 1
    1 1458  104   90 44.0 48.0 1
    1 3268   97   67 46.0 56.0 1
    1 3118   47    0 65.0 90.0 0
    1 2104   51   45 63.0 66.0 0
    1 2280  119    0 40.0 90.0 1
    1 2337   97    0 46.0 90.0 1
    1 2273   55   16 61.0 81.0 1
    1 2882  111   21 42.0 78.0 1
    1 2570  143    0 35.0 90.0 1
    1 1663   47    0 65.0 90.0 1
    1 2595   70   49 55.0 64.0 1
    1 2191    7    5 86.0 87.0 1
    1 1642  104   97 44.0 46.0 1
    1  479  123    2 39.0 89.0 1
    1 1674   97    0 46.0 90.0 1
    1 1183   93    0 47.0 90.0 0
    1 2588   67   11 56.0 84.0 1
    1  617  111   53 42.0 62.0 1
    1 1401  100    0 45.0 90.0 1
    1 1682  115    0 41.0 90.0 1
    1  983   47   32 65.0 72.0 0
    1 3355   11    0 84.0 90.0 1
    1 3579   84   51 50.0 63.0 1
    1 2915   58    9 60.0 85.0 1
    1 1487   60   19 59.0 79.0 1
    1 2348    7    2 86.0 89.0 1
    1 1165   97   67 46.0 56.0 1
    1 2030   78    0 52.0 90.0 1
    1  899   78   32 52.0 72.0 1
    1 3549   51   18 63.0 80.0 1
    1 2739   93    0 47.0 90.0 0
    1 1488  148   18 34.0 80.0 1
    1 2897  138   36 36.0 70.0 1
    1 3416  154    0 33.0 90.0 1
    1 1462  133   38 37.0 69.0 1
    1 2447  115   14 41.0 82.0 1
    1 1543  111   18 42.0 80.0 1
    1 1692  128   47 38.0 65.0 1
    1 1461   45    0 66.0 90.0 1
    1  720   87   87 49.0 49.0 1
    1 2413   90   19 48.0 79.0 1
    1 3223  166    9 31.0 85.0 1
    1 2023  160    7 32.0 86.0 1
    1 2966   84    0 50.0 90.0 1
    1 1823  115    0 41.0 90.0 1
    1 3321   23    0 77.0 90.0 1
    1 2435  111   75 42.0 53.0 1
    1 1386  173   16 30.0 81.0 1
    1  926  111   93 42.0 47.0 1
    1 3344   40   29 68.0 74.0 1
    1 1741   32   31 72.0 73.0 1
    1 2554   67    0 56.0 90.0 0
    1  301   40    0 68.0 90.0 1
    1 2503   55    0 61.0 90.0 1
    1 1463   12    0 83.0 90.0 1
    1 3016  128  100 38.0 45.0 1
    1  954   65   45 57.0 66.0 1
    1 2693   51   49 63.0 64.0 0
    1 3374   84   70 50.0 55.0 1
    1  680  143   53 35.0 62.0 0
    1 1070   27    0 75.0 90.0 1
    1  888  107    0 43.0 90.0 1
    1 2688  123    0 39.0 90.0 0
    1 2231    9    0 85.0 90.0 1
    1  345  115    0 41.0 90.0 1
    1  725  148    7 34.0 86.0 1
    1 1670   19   12 79.0 83.0 1
    1 1969   19    0 79.0 90.0 1
    1 2091  123    0 39.0 90.0 1
    1  473   23    0 77.0 90.0 1
    1 1721  148   49 34.0 64.0 1
    1 2704    7    0 86.0 90.0 1
    1 1151   16    0 81.0 90.0 1
    1 2431   29    7 74.0 86.0 1
    1 3215  119   93 40.0 47.0 1
    1 1910   97   73 46.0 54.0 1
    1  613   31   31 73.0 73.0 1
    1 1782  111    0 42.0 90.0 1
    1  549   19   14 79.0 82.0 1
    1 2963   60    2 59.0 89.0 1
    1 1630  166    0 31.0 90.0 1
    1 1218  166   36 31.0 70.0 1
    1 3414  104   93 44.0 47.0 0
    1 2152   81    0 51.0 90.0 1
    1 2250  166    0 31.0 90.0 1
    1  615  154   34 33.0 71.0 1
    1  454   55   47 61.0 65.0 1
    1  913  128   14 38.0 82.0 1
    1 3547   87   73 49.0 54.0 1
    1 1187  148   60 34.0 59.0 1
    1 3576   31    0 73.0 90.0 1
    1 3591   65   19 57.0 79.0 1
    1 1407  119   38 40.0 69.0 1
    1 2094   84    0 50.0 90.0 0
    1 3269  154   34 33.0 71.0 1
    2 1661   62    5 58.0 87.0 1
    1 3312   27   25 75.0 76.0 1
    1 1230   40    0 68.0 90.0 1
    1 3496  115    0 41.0 90.0 1
    1  695   97   53 46.0 62.0 1
    1 1545   45    0 66.0 90.0 1
    1 2193   53    0 62.0 90.0 1
    1  909  115   23 41.0 77.0 1
    1 1281   60    0 59.0 90.0 0
    1  697   65   11 57.0 84.0 1
    1 1579   18    0 80.0 90.0 1
    1 2288   49    0 64.0 90.0 1
    1 1747   47    3 65.0 88.0 1
    1  937  143    0 35.0 90.0 1
    1 1430    9    0 85.0 90.0 1
    1 2213   27    0 75.0 90.0 1
    1 3164   11    0 84.0 90.0 0
    1 1873   67   40 56.0 68.0 1
    1 1367   40    7 68.0 86.0 1
    1 2383   97   32 46.0 72.0 1
    1 2473  143   34 35.0 71.0 1
    1 2058   93    0 47.0 90.0 1
    1 2817   58    0 60.0 90.0 1
    1 3065   16    0 81.0 90.0 1
    1 1490  104   12 44.0 83.0 1
    1 1036   65    0 57.0 90.0 1
    1  996   27   11 75.0 84.0 1
    1 3120  128   14 38.0 82.0 1
    1 1835   49    0 64.0 90.0 0
    1 1073   16    0 81.0 90.0 0
    1  721   84   60 50.0 59.0 1
    1 1468   81    0 51.0 90.0 1
    1 2672   47   36 65.0 70.0 1
    1 2529   47   31 65.0 73.0 1
    1 2095   97   14 46.0 82.0 1
    1  877   90   31 48.0 73.0 1
    1 2560   25    3 76.0 88.0 1
    1  406   32    0 72.0 90.0 1
    1 2015  100   27 45.0 75.0 0
    1 2856   45   25 66.0 76.0 1
    1 2652  143    0 35.0 90.0 1
    1 3257   36    0 70.0 90.0 0
    1 1293  123    0 39.0 90.0 1
    1 1369   87    7 49.0 86.0 1
    1 2852  104   16 44.0 81.0 1
    1 1270   32    0 72.0 90.0 1
    1 1977   93   31 47.0 73.0 1
    1 1695  115    5 41.0 87.0 1
    1 2420   97    0 46.0 90.0 1
    1 1536    7    5 86.0 87.0 1
    1 2173   53    0 62.0 90.0 1
    1 3391   45    0 66.0 90.0 1
    1  459  111    0 42.0 90.0 1
    1  410   53   16 62.0 81.0 1
    1  792   51   12 63.0 83.0 1
    1 1634  128    3 38.0 88.0 1
    1 3179   93   16 47.0 81.0 1
    1  318  104   45 44.0 66.0 1
    1 3435  138  111 36.0 42.0 1
    1 2924  143   14 35.0 82.0 0
    1 3058   90   18 48.0 80.0 1
    1 3492    5    0 87.0 90.0 1
    2 1362  154   75 33.0 53.0 1
    1  900   93   25 47.0 76.0 1
    1 2709   58   51 60.0 63.0 1
    1 2247   47   25 65.0 76.0 0
    1  391  128    0 38.0 90.0 1
    1 1321   60    0 59.0 90.0 0
    1  831   97    7 46.0 86.0 1
    1  537  123    7 39.0 86.0 1
    1  449  154   23 33.0 77.0 1
    1 2403   31   25 73.0 76.0 1
    1 2683  104   11 44.0 84.0 1
    1  480   55    0 61.0 90.0 1
    1  648  107   97 43.0 46.0 1
    0 3269   90   70 48.0 55.0 1
    1  860   60    5 59.0 87.0 0
    1 1860   47   11 65.0 84.0 1
    1 2654   93   62 47.0 58.0 1
    1 1819   67    0 56.0 90.0 1
    1 2841  111   87 42.0 49.0 1
    1 1103  143    7 35.0 86.0 1
    1  318   19   12 79.0 83.0 1
    0 2718   55    0 61.0 90.0 1
    1 1006  100    0 45.0 90.0 1
    1 3448   40   19 68.0 79.0 1
    1  852   70    7 55.0 86.0 1
    1 1392   34    0 71.0 90.0 1
    1 1049  100   93 45.0 47.0 1
    1 1385  107  104 43.0 44.0 1
    1 2190  133    0 37.0 90.0 1
    1 1342   81   25 51.0 76.0 1
    1 3409   16   11 81.0 84.0 1
    1 3498  119   18 40.0 80.0 1
    1 3113  173  128 30.0 38.0 1
    1 3464   93   29 47.0 74.0 1
    1 2280   38   32 69.0 72.0 1
    1 1536   58   18 60.0 80.0 1
    1 2010   21    0 78.0 90.0 1
    1  776  173   27 30.0 75.0 1
    1 3556  138    0 36.0 90.0 1
    1 3539  115   62 41.0 58.0 1
    1  827   70   62 55.0 58.0 1
    1 1993  138   58 36.0 60.0 1
    1 2029   12    0 83.0 90.0 1
    1  907   42   32 67.0 72.0 1
    1 3183  104   81 44.0 51.0 0
    1  461  123   55 39.0 61.0 1
    1 2160  173    7 30.0 86.0 1
    1 2009  104   18 44.0 80.0 1
    1 1367  160   70 32.0 55.0 1
    1 1730  173  100 30.0 45.0 1
    1  332    2    0 89.0 90.0 1
    1  847   12    0 83.0 90.0 1
    1 1941   55   21 61.0 78.0 1
    1 3240    7    0 86.0 90.0 0
    1 2380   97   23 46.0 77.0 1
    1 3274  128   67 38.0 56.0 1
    1 2418  148   38 34.0 69.0 0
    1 1005  115  107 41.0 43.0 0
    1 2684   38    0 69.0 90.0 1
    1  953   19    0 79.0 90.0 1
    1  632  128  107 38.0 43.0 1
    1 1649   47    0 65.0 90.0 1
    1 1415  128    7 38.0 86.0 1
    1  489   81   12 51.0 83.0 1
    1 1613   29    0 74.0 90.0 0
    1 3069   67   16 56.0 81.0 1
    1 1958  138   36 36.0 70.0 1
    1 1647   65    5 57.0 87.0 1
    1 2677  123   84 39.0 50.0 1
    1 3574   27    0 75.0 90.0 1
    1 1018   49    0 64.0 90.0 1
    1 1922   87   51 49.0 63.0 1
    1  651   58    0 60.0 90.0 1
    1  430  148   58 34.0 60.0 1
    1 3281  128    0 38.0 90.0 1
    1  870   67   58 56.0 60.0 1
    1 2831  138    0 36.0 90.0 0
    1 3383   53    0 62.0 90.0 1
    1 3398   19    0 79.0 90.0 1
    1  561  173   16 30.0 81.0 1
    1 2539   67   32 56.0 72.0 1
    1 3151   62   21 58.0 78.0 1
    1 2888   97    0 46.0 90.0 0
    1  395   55    0 61.0 90.0 1
    1 1316   73   62 54.0 58.0 1
    1 3252  160    0 32.0 90.0 1
    1 2141  166   81 31.0 51.0 1
    1 2068   34    0 71.0 90.0 1
    1 3155   23    0 77.0 90.0 1
    1 1814  160   78 32.0 52.0 1
    1  460  166    0 31.0 90.0 1
    1 1123   25    0 76.0 90.0 1
    1 1003  100   51 45.0 63.0 1
