 300 300 300 125
    1 2975   97   78 46.0 52.0 1
    1 2006    3    0 88.0 90.0 1
    1 1361  166   78 31.0 52.0 0
    1 1457  115   65 41.0 57.0 1
    1 1917  160    0 32.0 90.0 1
    1 3443  107   81 43.0 51.0 1
    1 1494   55   53 61.0 62.0 1
    1 3209   81    0 51.0 90.0 1
    1  696   31   11 73.0 84.0 1
    1  411  166    9 31.0 85.0 0
    1 2566  143   81 35.0 51.0 1
    1 1955  138   75 36.0 53.0 0
    1 1165  115   31 41.0 73.0 1
    1 1074   81   23 51.0 77.0 1
    1  739   70    0 55.0 90.0 1
    1  735   75    0 53.0 90.0 1
    1 2741  143   53 35.0 62.0 1
    1  658   18    0 80.0 90.0 1
    1 1429  111    0 42.0 90.0 1
    1  927   36   32 70.0 72.0 1
    1 2191  104   18 44.0 80.0 1
    1 2981  148   58 34.0 60.0 0
    1  898   36    0 70.0 90.0 1
    1  472  100    7 45.0 86.0 1
    1 3516   81   16 51.0 81.0 1
    1 2281   32    0 72.0 90.0 1
    1 3593   60    0 59.0 90.0 1
    1 1798   49    0 64.0 90.0 1
    1 2251   21    0 78.0 90.0 1
    1  317   40   14 68.0 82.0 0
    1 2560  160    0 32.0 90.0 1
    1 1525    9    0 85.0 90.0 0
    1 1295    3    3 88.0 88.0 0
    1 1618   67   60 56.0 59.0 1
    1 2911   34   14 71.0 82.0 1
    1 3147  133   75 37.0 53.0 1
    1  903   67    0 56.0 90.0 1
    1  980   47   25 65.0 76.0 1
    1 1062  100   38 45.0 69.0 1
    1 1622   97    0 46.0 90.0 1
    1 2597   53   29 62.0 74.0 1
    1 2017   84   18 50.0 80.0 0
    1 2131  119    0 40.0 90.0 1
    1  740   18    0 80.0 90.0 0
    1  320  160    0 32.0 90.0 1
    1 2589   23   23 77.0 77.0 1
    1  449  111   18 42.0 80.0 1
    1 1878   14    0 82.0 90.0 1
    1 1768   58   34 60.0 71.0 1
    1 1002  123    0 39.0 90.0 1
    1 1366  154   16 33.0 81.0 1
    1  367  104    0 44.0 90.0 1
    1  627   90   21 48.0 78.0 1
    1  796   23    5 77.0 87.0 1
    1 3071  115   97 41.0 46.0 1
    1 1470  119   65 40.0 57.0 0
    1 1719  143   23 35.0 77.0 1
    1 3593  133    5 37.0 87.0 1
    1 1035   58    0 60.0 90.0 1
    1 2496   21    7 78.0 86.0 1
    1 3473  148   84 34.0 50.0 1
    1 2831   84    9 50.0 85.0 1
    1 1449  148    0 34.0 90.0 1
    1  623   51   27 63.0 75.0 1
    1  619  123   31 39.0 73.0 1
    1 1323   58    9 60.0 85.0 0
    1 2303   36    0 70.0 90.0 1
    1 2754  154   25 33.0 76.0 0
    1 3145  154   11 33.0 84.0 1
    1 3061  128    0 38.0 90.0 1
    1 2675   18   16 80.0 81.0 0
    1 2538   97   31 46.0 73.0 1
    1 2730    5    0 87.0 90.0 1
    1 1092   78   18 52.0 80.0 1
    1 1151   81   81 51.0 51.0 1
    1 1405  138   78 36.0 52.0 1
    1 1842   27    0 75.0 90.0 1
    1  523   73   19 54.0 79.0 0
    1 1984   34    0 71.0 90.0 1
    1 2163   78   47 52.0 65.0 1
    1  349   21    7 78.0 86.0 1
    1  687   73    2 54.0 89.0 1
    1 1730   27    0 75.0 90.0 1
    1 1502   31   11 73.0 84.0 1
    1 2193  160   27 32.0 75.0 1
    1 2264  133   67 37.0 56.0 1
    1  350  148   21 34.0 78.0 1
    1 2952  173   73 30.0 54.0 1
    1 2732   67    0 56.0 90.0 1
    1  351   47   38 65.0 69.0 1
    1 2785   18   16 80.0 81.0 1
    1 2907  133   93 37.0 47.0 1
    1 3545   29   29 74.0 74.0 1
    1 1631  160    0 32.0 90.0 1
    1 3243   97   70 46.0 55.0 1
    1 1035  107   11 43.0 84.0 1
    1 1653   36   16 70.0 81.0 1
    1 2234  133   27 37.0 75.0 1
    1 1541  123   90 39.0 48.0 1
    1 1994   53   12 62.0 83.0 1
    1 1263  115    0 41.0 90.0 0
    1 2552  133   19 37.0 79.0 1
    1 1550   45    0 66.0 90.0 1
    1 2973   87   12 49.0 83.0 1
    1  505  123   38 39.0 69.0 0
    1 3273  119   25 40.0 76.0 1
    1 1364   93    0 47.0 90.0 1
    1 2159  173   19 30.0 79.0 1
    1 2989   45    7 66.0 86.0 1
    1 2950  143   32 35.0 72.0 1
    1 2801   55   11 61.0 84.0 0
    1 2395  119    0 40.0 90.0 1
    1 2553   78    0 52.0 90.0 1
    1 1792   12    0 83.0 90.0 0
    1  962  166   18 31.0 80.0 1
    1 2999   93    3 47.0 88.0 1
    1 1737  104    0 44.0 90.0 1
    1 3360  166   97 31.0 46.0 1
    1 1269   84    0 50.0 90.0 1
    1 1184  111   75 42.0 53.0 1
    1  758   38    9 69.0 85.0 1
    1 1664   49   29 64.0 74.0 0
    1 1874   97   16 46.0 81.0 0
    1 2265   93    0 47.0 90.0 0
    1 2323  148    7 34.0 86.0 1
    1 2472   19    0 79.0 90.0 0
    1 2709   73    7 54.0 86.0 1
    1  778   55   11 61.0 84.0 1
    1 2292  143    0 35.0 90.0 1
    1  358   60   34 59.0 71.0 1
    1 2577   65   21 57.0 78.0 1
    1 1835  160   34 32.0 71.0 1
    1 2021  143   97 35.0 46.0 1
    1  751   51    7 63.0 86.0 0
    1 2559  104   60 44.0 59.0 1
    1 2158   51   47 63.0 65.0 1
    1 3492  119   67 40.0 56.0 1
    1  874   58    5 60.0 87.0 1
    1 3527    5    0 87.0 90.0 1
    1 3354   36   31 70.0 73.0 1
    1 2335   36    0 70.0 90.0 1
    1 3364  123    7 39.0 86.0 1
    1 1596   93   87 47.0 49.0 1
    1  957   78    0 52.0 90.0 1
    1 2127    5    0 87.0 90.0 1
    1 3561  143   32 35.0 72.0 1
    1 3152   40    0 68.0 90.0 1
    1 2655   31    0 73.0 90.0 1
    1  650  138   67 36.0 56.0 1
    1 1283  100    0 45.0 90.0 1
    1 2114  111   87 42.0 49.0 1
    1  713   25    7 76.0 86.0 1
    1 1915   62   25 58.0 76.0 1
    1 1724  166    0 31.0 90.0 1
    1 2813  173  119 30.0 40.0 1
    1  559   40   36 68.0 70.0 1
    1 3306   32    0 72.0 90.0 1
    1 2697   55    0 61.0 90.0 1
    1 3203   60    0 59.0 90.0 1
    1 2293  104   31 44.0 73.0 0
    1 1555  154   87 33.0 49.0 1
    1 2201   60    0 59.0 90.0 1
    1 2316   60    0 59.0 90.0 1
    1 1773  143   31 35.0 73.0 1
    1  522  138   73 36.0 54.0 1
    1 2743  128  128 38.0 38.0 1
    1 2537   34    0 71.0 90.0 1
    1 2377   29   19 74.0 79.0 1
    1  652  148   62 34.0 58.0 0
    1 1783   75    0 53.0 90.0 1
    1 1709    9    0 85.0 90.0 1
    1  997   36    0 70.0 90.0 1
    1 2758   29    0 74.0 90.0 1
    1 2971  154    0 33.0 90.0 1
    1 3076  154   51 33.0 63.0 1
    1  523  115    0 41.0 90.0 1
    1  825  119    0 40.0 90.0 1
    1  583   62   60 58.0 59.0 1
    1 3459  128   45 38.0 66.0 1
    1  335  107    0 43.0 90.0 1
    1 2952   29    0 74.0 90.0 1
    1 2752   45   14 66.0 82.0 1
    1 2169   58    5 60.0 87.0 1
    1  916   51    0 63.0 90.0 1
    1  598  154    7 33.0 86.0 1
    1 1121   62    0 58.0 90.0 1
    1 3358   81    0 51.0 90.0 1
    1 2960   45   19 66.0 79.0 1
    1 2528   84    0 50.0 90.0 1
    1  650   97   27 46.0 75.0 1
    1 2219  148   78 34.0 52.0 1
    1 3403   81    0 51.0 90.0 1
    1  586    3    0 88.0 90.0 1
    1 1382   49    9 64.0 85.0 1
    1 2950   51    3 63.0 88.0 1
    1 2426   38   19 69.0 79.0 0
    1 1491   34    0 71.0 90.0 0
    1  998  133    0 37.0 90.0 1
    1  481  128   27 38.0 75.0 1
    1 2761  133    0 37.0 90.0 1
    1 1324   78    5 52.0 87.0 1
    1 3145  107   31 43.0 73.0 1
    1 1599  123    5 39.0 87.0 0
    1 1750   27    9 75.0 85.0 1
    1 1050  148    5 34.0 87.0 1
    1  465   36    0 70.0 90.0 1
    1 1018   45   12 66.0 83.0 1
    1 1152  107   75 43.0 53.0 0
    1  420   29    5 74.0 87.0 1
    1 1238   49   12 64.0 83.0 1
    1 1243  123   18 39.0 80.0 1
    1 2712   55   23 61.0 77.0 1
    1 2135  143   38 35.0 69.0 1
    1 1502  138   47 36.0 65.0 1
    1 3002   75   11 53.0 84.0 1
    1  612   47    0 65.0 90.0 1
    1 1163   45   19 66.0 79.0 1
    1 2741  104   90 44.0 48.0 1
    1 1955   73   70 54.0 55.0 1
    1 2382   29   19 74.0 79.0 1
    1 2652   60   38 59.0 69.0 1
    1  807   75   58 53.0 60.0 1
    1 1704  100   90 45.0 48.0 1
    1 2941   65   51 57.0 63.0 1
    1 3438  143    0 35.0 90.0 1
    1 1305   93   18 47.0 80.0 0
    1 1595    9    0 85.0 90.0 1
    1 3222  166   87 31.0 49.0 1
    1 2803   45   36 66.0 70.0 1
    1 1941  104   36 44.0 70.0 1
    1  790  148   70 34.0 55.0 1
    1  681   97    0 46.0 90.0 1
    1 1401   47    0 65.0 90.0 1
    1 1958   70    0 55.0 90.0 1
    1 2147   58   42 60.0 67.0 1
    1 3371  100   19 45.0 79.0 1
    1 3477   29    0 74.0 90.0 1
    1 2507    5    0 87.0 90.0 1
    1 1889  123  107 39.0 43.0 1
    1 1457  138    0 36.0 90.0 0
    1 3490  173  100 30.0 45.0 1
    1 2762   16    0 81.0 90.0 1
    1 2319   60    2 59.0 89.0 1
    1 2521   70    5 55.0 87.0 1
    1 1389  138    0 36.0 90.0 1
    1 2768   11    0 84.0 90.0 0
    1 2007   45    0 66.0 90.0 1
    1  363   16   12 81.0 83.0 1
    1 1503   21    0 78.0 90.0 0
    1  302  100   31 45.0 73.0 1
    1 2530  107   32 43.0 72.0 1
    1 2985  160   58 32.0 60.0 1
    1 2096  128   55 38.0 61.0 1
    1 2316   38   25 69.0 76.0 1
    1 1292  166   16 31.0 81.0 1
    1  674   65    7 57.0 86.0 1
    1 2387  133    0 37.0 90.0 1
    1 1598   75    0 53.0 90.0 1
    1 2720   11   11 84.0 84.0 1
    1 3340  123   55 39.0 61.0 1
    1 1107   90    0 48.0 90.0 1
    1 1283   29    9 74.0 85.0 1
    1 3276    7    0 86.0 90.0 1
    1 1688  173   27 30.0 75.0 1
    1 2655   84   18 50.0 80.0 1
    1 2533  160  119 32.0 40.0 1
    1 2821   42    0 67.0 90.0 1
    1 1094   73    7 54.0 86.0 1
    1 2786   45    0 66.0 90.0 1
    1 2745  123   19 39.0 79.0 0
    1  462    3    2 88.0 89.0 1
    1 2791   36    0 70.0 90.0 1
    1 3100   60    0 59.0 90.0 1
    1 3030   87   27 49.0 75.0 1
    1  491   73   12 54.0 83.0 1
    1  967  166   53 31.0 62.0 1
    1 1311  143    0 35.0 90.0 1
    1 1164  123  123 39.0 39.0 1
    1  771  115    0 41.0 90.0 1
    1 2200   87    0 49.0 90.0 1
    1 3026  133   81 37.0 51.0 1
    1 2567  100    0 45.0 90.0 1
    1  727   21   18 78.0 80.0 1
    1 2044    2    0 89.0 90.0 1
    1  880   81    0 51.0 90.0 1
    1 3573   78    9 52.0 85.0 1
    1 3448  100    2 45.0 89.0 1
    1 1734  104   87 44.0 49.0 0
    1 1028  173    7 30.0 86.0 0
    1 1090  123   97 39.0 46.0 1
    1  902    9    0 85.0 90.0 1
    1  752  138  107 36.0 43.0 1
    1 3231   84   12 50.0 83.0 1
    1 2524   93   32 47.0 72.0 1
    1 3370   93    0 47.0 90.0 1
    1  308  104   34 44.0 71.0 0
    1 3567  100    0 45.0 90.0 1
    1  632   65    0 57.0 90.0 1
    1  675  160    0 32.0 90.0 1
    1  450   38    0 69.0 90.0 1
