 300 300 300 126
    1 3151  308  174 33.0 49.0 1
    1 1760  156  151 52.0 53.0 1
    1 2509  187  125 47.0 58.0 1
    1 1224   57    0 74.0 90.0 1
    1 1003  135    0 56.0 90.0 1
    1  993  174    0 49.0 90.0 1
    0 1771  180  111 48.0 61.0 1
    1 3451  230  222 41.0 42.0 1
    1  670   98    0 64.0 90.0 1
    1 1075   93    0 65.0 90.0 1
    1 2476  135   21 56.0 84.0 1
    1  371  135    0 56.0 90.0 1
    1 1625  286   14 35.0 86.0 0
    1 2435   73   54 70.0 75.0 0
    1 2456  162   10 51.0 87.0 0
    1 1488  187    0 47.0 90.0 1
    1 2304  111   43 61.0 78.0 1
    1 1218   39    0 79.0 90.0 1
    1 1419  130   77 57.0 69.0 1
    1 2875   61   10 73.0 87.0 1
    1  940   61    0 73.0 90.0 1
    1 1471  247  174 39.0 49.0 1
    1 1271   46   39 77.0 79.0 1
    1 1218  102    0 63.0 90.0 1
    1 2753  308    0 33.0 90.0 1
    1 2974  156   61 52.0 73.0 1
    1 3132  230  102 41.0 63.0 1
    1 1327  174   17 49.0 85.0 1
    1 2509  346   69 30.0 71.0 1
    1  505   25    0 83.0 90.0 1
    1 1118  297    0 34.0 90.0 0
    1 2900   43    0 78.0 90.0 1
    1 2134   57    0 74.0 90.0 1
    1 1264  180    0 48.0 90.0 1
    1  478   77   25 69.0 83.0 1
    1  644  256   65 38.0 72.0 1
    1 2229  230    3 41.0 89.0 1
    1 1588  297    0 34.0 90.0 1
    1 1201   25    0 83.0 90.0 1
    1 2109   77    0 69.0 90.0 1
    1 2742  106    0 62.0 90.0 1
    1 2804   61    0 73.0 90.0 0
    1  761  162   65 51.0 72.0 1
    1 1172  115   39 60.0 79.0 0
    1  593  247    0 39.0 90.0 1
    1 1054  111    0 61.0 90.0 1
    1 1390  156  135 52.0 56.0 1
    1 3448  151   43 53.0 78.0 1
    1 3148  130   77 57.0 69.0 1
    1 3236  200  200 45.0 45.0 1
    1 3399   61    0 73.0 90.0 1
    1 1906  320   14 32.0 86.0 1
    1  868   50   25 76.0 83.0 1
    1 2125   39   10 79.0 87.0 1
    1 2298  174    0 49.0 90.0 1
    1  661  193   89 46.0 66.0 1
    1 2157  130   61 57.0 73.0 1
    1 3464   10    3 87.0 89.0 1
    1 2549  125   28 58.0 82.0 1
    1 1485  207  156 44.0 52.0 1
    1 2465  145    0 54.0 90.0 1
    1 1903  180    0 48.0 90.0 1
    1 1529  256   17 38.0 85.0 1
    1 2143  111    0 61.0 90.0 0
    1 1732  111   39 61.0 79.0 1
    1 2960  333    0 31.0 90.0 1
    1 1571   77    3 69.0 89.0 1
    1 1109  333   35 31.0 80.0 1
    1 2180   69    0 71.0 90.0 1
    1 2648  238   32 40.0 81.0 1
    1 2953  200   17 45.0 85.0 1
    1 2104   28    3 82.0 89.0 1
    1  322   10    0 87.0 90.0 0
    1 3175  151  130 53.0 57.0 1
    1 2782  200    3 45.0 89.0 1
    1 3337  346    0 30.0 90.0 1
    1 3020  151    3 53.0 89.0 1
    1 2007  162   65 51.0 72.0 1
    1  844  265   50 37.0 76.0 1
    1  581   69    0 71.0 90.0 1
    1  807  151   21 53.0 84.0 1
    1 2483  308    0 33.0 90.0 0
    1 1490  120  106 59.0 62.0 1
    1 1927  151   98 53.0 64.0 1
    1 1145   73    0 70.0 90.0 1
    1 2793   73    0 70.0 90.0 0
    1 1102   89   57 66.0 74.0 0
    1 2225  275  230 36.0 41.0 1
    1 1279  230   10 41.0 87.0 1
    1  829  140    0 55.0 90.0 1
    1 1817  135   21 56.0 84.0 1
    1 1529   28    0 82.0 90.0 1
    1  432  145   10 54.0 87.0 0
    1  389   98    0 64.0 90.0 1
    1 1138  275   77 36.0 69.0 1
    1 2185  286   69 35.0 71.0 1
    1 2632  320    0 32.0 90.0 1
    1 2593  247    3 39.0 89.0 1
    1 2178  162   21 51.0 84.0 1
    1 3368  187    0 47.0 90.0 1
    1 2286    3    0 89.0 90.0 1
    1 1376   81   50 68.0 76.0 1
    1 2339  130   77 57.0 69.0 1
    1 1933  187    0 47.0 90.0 1
    1 2132  207  115 44.0 60.0 1
    1 2001  275    0 36.0 90.0 1
    1 2111  247    0 39.0 90.0 1
    1 3278  247  130 39.0 57.0 1
    1 2104  115    7 60.0 88.0 1
    1  678  168   93 50.0 65.0 1
    1  811  222    0 42.0 90.0 1
    1 3312  297    0 34.0 90.0 1
    1 1759  145   28 54.0 82.0 1
    1  527   17    0 85.0 90.0 0
    1  901  106    0 62.0 90.0 1
    1 3540  120   35 59.0 80.0 1
    1 1986  180   28 48.0 82.0 1
    1 3153   65   46 72.0 77.0 0
    1 3153   69    0 71.0 90.0 1
    1 1770  286   73 35.0 70.0 1
    1 3043  265    0 37.0 90.0 1
    1 2142  207   25 44.0 83.0 1
    1 2121  238   10 40.0 87.0 1
    1 2951   61    0 73.0 90.0 1
    1 2752  346  286 30.0 35.0 1
    1 2794  200   17 45.0 85.0 1
    1 2130  333   98 31.0 64.0 1
    1 1835  120    0 59.0 90.0 1
    1 1459  162  156 51.0 52.0 1
    1 1988  286   25 35.0 83.0 1
    1  901  265  120 37.0 59.0 1
    1 2918   54   10 75.0 87.0 1
    1 1870    3    0 89.0 90.0 1
    1 2939  230    3 41.0 89.0 0
    1 1274  168    0 50.0 90.0 1
    1 3238  130    0 57.0 90.0 1
    1 3141  265  115 37.0 60.0 1
    1 3267   32    0 81.0 90.0 1
    1  981  125    0 58.0 90.0 0
    1 2617  115    0 60.0 90.0 1
    1 1494  130   89 57.0 66.0 1
    1 2451   65    0 72.0 90.0 1
    1  421   46    0 77.0 90.0 1
    1 2388  135   85 56.0 67.0 1
    1  741  130   61 57.0 73.0 1
    1 2956  151    0 53.0 90.0 0
    1 2341  120    0 59.0 90.0 1
    1 2399  297   54 34.0 75.0 1
    1 1128  297   65 34.0 72.0 1
    1 1614  130   32 57.0 81.0 1
    1 2598   17   17 85.0 85.0 1
    1 1013  125  125 58.0 58.0 1
    1  494  174   21 49.0 84.0 1
    1 2977  286    3 35.0 89.0 1
    1 2079  320   57 32.0 74.0 0
    1 2167  162  115 51.0 60.0 1
    1 2753  230   25 41.0 83.0 1
    1 1190   50    0 76.0 90.0 1
    1  656   98   14 64.0 86.0 1
    1 2865  256  180 38.0 48.0 1
    1 2457   81   73 68.0 70.0 0
    1 1589  247    0 39.0 90.0 1
    1  801   81    0 68.0 90.0 0
    1 2218  286  187 35.0 47.0 1
    1 1553   77   54 69.0 75.0 1
    1 3225  120   21 59.0 84.0 1
    1 1020   28    7 82.0 88.0 1
    1 3424  346    0 30.0 90.0 1
    1 2830  111   77 61.0 69.0 1
    1  989  102   17 63.0 85.0 1
    2  986   89   17 66.0 85.0 1
    1 2115   43    0 78.0 90.0 1
    1 3213  140    0 55.0 90.0 1
    1 1726  286  135 35.0 56.0 1
    1  358  156    0 52.0 90.0 1
    1 3357  180  102 48.0 63.0 1
    1 3097  346  111 30.0 61.0 1
    1 1150  297   32 34.0 81.0 1
    1 2169  320   81 32.0 68.0 1
    1 3209  207  151 44.0 53.0 1
    1 2217  193   21 46.0 84.0 1
    1 1257  256  125 38.0 58.0 1
    1 1016  214  130 43.0 57.0 1
    1  347   54    0 75.0 90.0 1
    1 1118  115    0 60.0 90.0 1
    1 3191  187  120 47.0 59.0 1
    2 1600  102   25 63.0 83.0 1
    1 2130  286  214 35.0 43.0 1
    1 3039  214   61 43.0 73.0 1
    1 1954   21    0 84.0 90.0 1
    1 2050  106   50 62.0 76.0 1
    1 1326   85    3 67.0 89.0 1
    1 3478  156   25 52.0 83.0 1
    1 3207  297    7 34.0 88.0 1
    1  304  106   32 62.0 81.0 1
    1 2973   73   17 70.0 85.0 1
    1  573   54   32 75.0 81.0 0
    1 2811   54    0 75.0 90.0 1
    1 2979  130    0 57.0 90.0 1
    1 2765   85   57 67.0 74.0 1
    1 3134  320    0 32.0 90.0 1
    1 2420   17    0 85.0 90.0 1
    1 2739  286   77 35.0 69.0 1
    1 1669  120    0 59.0 90.0 1
    1 2282  333    0 31.0 90.0 0
    1 1776  125    0 58.0 90.0 1
    1 3437  247  120 39.0 59.0 1
    1 3046  193    0 46.0 90.0 1
    1 3028  207   50 44.0 76.0 1
    1 2378  120    0 59.0 90.0 1
    1 2871  180   35 48.0 80.0 1
    1 2592   32    0 81.0 90.0 0
    1 2676   10    0 87.0 90.0 1
    1 2888   17    0 85.0 90.0 1
    1 2771  346  200 30.0 45.0 1
    1 2146  145   93 54.0 65.0 1
    1  783  106    0 62.0 90.0 1
    1 2046   32    0 81.0 90.0 1
    1 2522   54   50 75.0 76.0 1
    1 2186  102   85 63.0 67.0 1
    1  508   69   61 71.0 73.0 1
    1 2988   85   77 67.0 69.0 1
    1  781   43    0 78.0 90.0 1
    1 2482  111    3 61.0 89.0 1
    1 1579  238  222 40.0 42.0 1
    1 1269  111    7 61.0 88.0 1
    1 1470   17    0 85.0 90.0 1
    1 1806  346  111 30.0 61.0 1
    1 1702  230   65 41.0 72.0 1
    1 1154  308   50 33.0 76.0 1
    1 3588  238  145 40.0 54.0 1
    1 2569   43    0 78.0 90.0 1
    1 1381   81    0 68.0 90.0 1
    1 1632  333  247 31.0 39.0 1
    1 1193    3    0 89.0 90.0 1
    1 2273  168    0 50.0 90.0 0
    1 2412   73    0 70.0 90.0 1
    1 2565  214  187 43.0 47.0 1
    1  784  180   54 48.0 75.0 0
    1 1243  200   21 45.0 84.0 1
    1 2500  297  256 34.0 38.0 1
    1 3424  346   10 30.0 87.0 1
    1  685  214   54 43.0 75.0 1
    1 1119   89    0 66.0 90.0 1
    1 2287  207   77 44.0 69.0 1
    1  443   65    0 72.0 90.0 1
    1 2298   81   14 68.0 86.0 1
    1 1564  111    0 61.0 90.0 1
    1 1332   39   32 79.0 81.0 1
    1 1828  174  135 49.0 56.0 1
    0 1397  145    0 54.0 90.0 1
    1 2792  214   85 43.0 67.0 1
    1 1621  115   39 60.0 79.0 0
    1 2340   43    3 78.0 89.0 1
    1 1893   21    0 84.0 90.0 1
    1 1682   35    0 80.0 90.0 1
    1  734  130   46 57.0 77.0 0
    1 1059   85   46 67.0 77.0 1
    1 3177   77    3 69.0 89.0 1
    1 3172  333    0 31.0 90.0 1
    1 2935  193    0 46.0 90.0 1
    1 3394  102   81 63.0 68.0 1
    1 1686  222  168 42.0 50.0 0
    1 1662  230    0 41.0 90.0 1
    1 1533  193  111 46.0 61.0 1
    1 1870  120   77 59.0 69.0 1
    1 2787  140    0 55.0 90.0 1
    1 1531  256   17 38.0 85.0 1
    1  360   46    0 77.0 90.0 1
    1 1588  125  106 58.0 62.0 1
    1 3197   85    0 67.0 90.0 1
    1 2585  275    0 36.0 90.0 1
    1 1183  207   73 44.0 70.0 1
    1 2321  238    0 40.0 90.0 1
    1 1191  135    0 56.0 90.0 1
    1 2805   21    0 84.0 90.0 0
    1 1371  230    0 41.0 90.0 1
    1 3431  135    0 56.0 90.0 1
    1  431  207    0 44.0 90.0 1
    1 2626  346  115 30.0 60.0 1
    1 1664  286   98 35.0 64.0 1
    1  376  130   28 57.0 82.0 1
    1  359   77    0 69.0 90.0 1
    1  301  106    0 62.0 90.0 1
    1 2052  115    7 60.0 88.0 1
    1 3164  256  222 38.0 42.0 1
    1  992  135  130 56.0 57.0 1
    1 2031  286    0 35.0 90.0 1
    1 2002  230    0 41.0 90.0 1
    1  638  151  140 53.0 55.0 1
    1 3181  256  168 38.0 50.0 1
    1 1298  174   93 49.0 65.0 1
    1 1807  238    0 40.0 90.0 1
    1  394   81    0 68.0 90.0 1
    1 3171  256  193 38.0 46.0 1
    1 1902  162    0 51.0 90.0 1
    1  474  156    0 52.0 90.0 1
    1 1832  247    0 39.0 90.0 1
    1  433  111    0 61.0 90.0 1
    1 1997  238    0 40.0 90.0 1
