 300 300 300 126
    1 1508  140  125 55.0 58.0 1
    1 1443   46   32 77.0 81.0 1
    1 1243  247   93 39.0 65.0 1
    1 1000   65   46 72.0 77.0 1
    1 1951  333    0 31.0 90.0 1
    1 2344  247   69 39.0 71.0 1
    1 2069  247   65 39.0 72.0 1
    1 2005   93   28 65.0 82.0 1
    1 1286  140    0 55.0 90.0 1
    1 1035  238    3 40.0 89.0 1
    1 1368  297   57 34.0 74.0 1
    1 2035  247  130 39.0 57.0 1
    1  324  115   10 60.0 87.0 0
    1 1823  115    0 60.0 90.0 1
    1 2423  230  207 41.0 44.0 1
    1  353   39   28 79.0 82.0 1
    1 2877  346  162 30.0 51.0 0
    1 1942  238   35 40.0 80.0 1
    1 2976  187    0 47.0 90.0 1
    1 2340  286   17 35.0 85.0 1
    1 2696   98    0 64.0 90.0 1
    1 1533  247   14 39.0 86.0 1
    1  744  125   89 58.0 66.0 1
    1 1766  230    0 41.0 90.0 1
    1  780  247  102 39.0 63.0 1
    1 2610   50   10 76.0 87.0 1
    1 1476  187    0 47.0 90.0 1
    1 1146  111   93 61.0 65.0 1
    1  959  207    0 44.0 90.0 1
    1 1582  320    0 32.0 90.0 1
    1  728  156   93 52.0 65.0 1
    1 2019  214   43 43.0 78.0 1
    1 2884  238  115 40.0 60.0 1
    1 1720  297    0 34.0 90.0 1
    1  311   57   57 74.0 74.0 1
    1  581   93    0 65.0 90.0 1
    1 1673  180    0 48.0 90.0 1
    1 2411  162  130 51.0 57.0 1
    1 2512  111    0 61.0 90.0 1
    1 3347  200    0 45.0 90.0 0
    1 2244  162    0 51.0 90.0 1
    1 2726  333   69 31.0 71.0 1
    1 2124   73    0 70.0 90.0 1
    1 2754  214    0 43.0 90.0 1
    1 1415  256  102 38.0 63.0 1
    1 1101    3    0 89.0 90.0 1
    1 2735  247   69 39.0 71.0 1
    1  435   85    7 67.0 88.0 1
    1 2648   81   39 68.0 79.0 1
    1 1376  320  265 32.0 37.0 1
    1 2770   93    0 65.0 90.0 1
    1 3060  174  140 49.0 55.0 1
    1 2754   17   17 85.0 85.0 1
    1 3250  168  102 50.0 63.0 0
    1 2748  230    0 41.0 90.0 0
    1 1717   21    0 84.0 90.0 1
    1 3388  214    0 43.0 90.0 1
    1 1975  207  168 44.0 50.0 1
    1  862  214  151 43.0 53.0 1
    1 3545  238    0 40.0 90.0 1
    1 1706  207   28 44.0 82.0 1
    1 3367  214   43 43.0 78.0 1
    1 1714  168    7 50.0 88.0 1
    1  637  230    0 41.0 90.0 0
    1  632  168   32 50.0 81.0 1
    1  827  168    0 50.0 90.0 1
    1 2941  125    0 58.0 90.0 1
    1 2135   89    0 66.0 90.0 1
    1 1413  238  200 40.0 45.0 1
    1 2476  180  106 48.0 62.0 1
    1 2321  247  214 39.0 43.0 1
    1 1972   32    7 81.0 88.0 0
    1 2367  125    0 58.0 90.0 1
    1 1723  193  140 46.0 55.0 0
    1 2644  140   25 55.0 83.0 1
    1 3044  115   98 60.0 64.0 1
    1 1844   89    0 66.0 90.0 0
    1 1762  238   89 40.0 66.0 0
    1  335   69   21 71.0 84.0 1
    1 2686  102    0 63.0 90.0 0
    1 3327  120    0 59.0 90.0 1
    1 1776  111    0 61.0 90.0 1
    1 1374  230  193 41.0 46.0 1
    1  814  207  200 44.0 45.0 1
    1 2420  156   81 52.0 68.0 1
    1 2213  238    0 40.0 90.0 1
    1 2603  286  162 35.0 51.0 1
    1  388   32    0 81.0 90.0 1
    1 3508  111    0 61.0 90.0 1
    1 3508  140   81 55.0 68.0 1
    1 3423  320  162 32.0 51.0 1
    1 3532  297   21 34.0 84.0 1
    1 3040  286    0 35.0 90.0 1
    1 2885  193   85 46.0 67.0 1
    1 1172   73    0 70.0 90.0 1
    1 2528  187  115 47.0 60.0 1
    1 2578  115    0 60.0 90.0 1
    1  901  222   57 42.0 74.0 1
    1 2234   81   32 68.0 81.0 1
    1 2553  308  102 33.0 63.0 1
    1 2275  156    3 52.0 89.0 1
    1 1152   17    7 85.0 88.0 1
    1 1469   28    0 82.0 90.0 1
    1 2886  187    0 47.0 90.0 1
    1 2412   57    0 74.0 90.0 1
    1  729  297    0 34.0 90.0 0
    1 2123  156   46 52.0 77.0 1
    1 3390    7    0 88.0 90.0 1
    1 1665   81   39 68.0 79.0 1
    1 3217  286   98 35.0 64.0 1
    1 3106  130   61 57.0 73.0 1
    1 1729  256    0 38.0 90.0 1
    1 1919  168  130 50.0 57.0 1
    1  772  320   32 32.0 81.0 1
    1  822  180   81 48.0 68.0 0
    1 2965  187   14 47.0 86.0 1
    1  395   10    0 87.0 90.0 1
    1 1888  130    0 57.0 90.0 1
    1 2869  286  193 35.0 46.0 1
    1 2907   54   32 75.0 81.0 1
    1  825  320   43 32.0 78.0 1
    1 1674  265  115 37.0 60.0 1
    1 3556  120   28 59.0 82.0 1
    1 3289  333  115 31.0 60.0 1
    1 2865   28   10 82.0 87.0 1
    1 1690  320  230 32.0 41.0 1
    1 2048  222  193 42.0 46.0 1
    1 2608   54    3 75.0 89.0 1
    1 3186  286  207 35.0 44.0 1
    1 2931  187   14 47.0 86.0 1
    1 3501  222   65 42.0 72.0 1
    1 1637  265    3 37.0 89.0 1
    1 2182  320  308 32.0 33.0 1
    1 3056   14    0 86.0 90.0 1
    1 2921  214  145 43.0 54.0 1
    1 3366  238   81 40.0 68.0 1
    1 3479  238    0 40.0 90.0 1
    1  715  162    0 51.0 90.0 1
    1 1171   43    3 78.0 89.0 1
    1 2952  297   32 34.0 81.0 1
    1 3150  207  168 44.0 50.0 1
    1 3299  333    0 31.0 90.0 1
    1 1097  168   81 50.0 68.0 1
    1 1132  130  111 57.0 61.0 1
    1  413   28    0 82.0 90.0 1
    1 2629   93   89 65.0 66.0 1
    1 3064  222   65 42.0 72.0 1
    1  473  140    0 55.0 90.0 0
    1  936  156  111 52.0 61.0 1
    1 2178   89    0 66.0 90.0 0
    1 2282   57   25 74.0 83.0 1
    1  507  222    0 42.0 90.0 0
    1 3175  168  106 50.0 62.0 1
    1 1430  275    0 36.0 90.0 1
    1 2148  180    0 48.0 90.0 1
    1 3148   10    0 87.0 90.0 1
    1 2756  275   81 36.0 68.0 1
    1 1667  230  151 41.0 53.0 1
    1  760   69    0 71.0 90.0 1
    1  623  238    0 40.0 90.0 1
    1 1733   43    0 78.0 90.0 1
    1 3536  162    7 51.0 88.0 1
    1  653   89   46 66.0 77.0 0
    1  490   98    0 64.0 90.0 1
    1 2953  275  238 36.0 40.0 1
    1 1121  106    0 62.0 90.0 1
    1  510   39    0 79.0 90.0 1
    1 3173  180  125 48.0 58.0 1
    1 1370  115    3 60.0 89.0 1
    1 3065  125    0 58.0 90.0 1
    1 3165  156  111 52.0 61.0 1
    1 2895   93    0 65.0 90.0 1
    1 1728  135    0 56.0 90.0 1
    1 1912  187  140 47.0 55.0 1
    1  388  187    0 47.0 90.0 1
    1  464    3    0 89.0 90.0 1
    1  338   65    0 72.0 90.0 1
    1 1736  346  214 30.0 43.0 1
    1 1725  115   14 60.0 86.0 1
    1 1315  333   46 31.0 77.0 1
    1 3575  230  187 41.0 47.0 1
    1 1022   65    0 72.0 90.0 0
    1  390  115    0 60.0 90.0 1
    1 1031  297  140 34.0 55.0 1
    1 1958  346   93 30.0 65.0 1
    1 1524  207   43 44.0 78.0 1
    1 1188  180   98 48.0 64.0 1
    1 2615  151    0 53.0 90.0 1
    1 3049   54   32 75.0 81.0 1
    1 2251  151   93 53.0 65.0 1
    1 2399   54   32 75.0 81.0 0
    1 3183  320    0 32.0 90.0 1
    1 2286   77   39 69.0 79.0 1
    1 1043   25    0 83.0 90.0 1
    1 2532  286  214 35.0 43.0 0
    1 2363  286   61 35.0 73.0 0
    1 2712  256   39 38.0 79.0 1
    1  776  115    3 60.0 89.0 1
    1  456   28    0 82.0 90.0 1
    1 3389   81    3 68.0 89.0 1
    1 1334  230   43 41.0 78.0 1
    1  707  106    0 62.0 90.0 1
    1 3525  207   39 44.0 79.0 1
    1  854  238   46 40.0 77.0 1
    1  755  238  115 40.0 60.0 1
    1  576  140   89 55.0 66.0 1
    1 1742  230   39 41.0 79.0 1
    1 3062  222   65 42.0 72.0 1
    1 1863   25    0 83.0 90.0 1
    1 1032   81    0 68.0 90.0 1
    1 2574  174   57 49.0 74.0 1
    1  875  180   50 48.0 76.0 1
    1 2114  193  130 46.0 57.0 0
    1 3122  275  265 36.0 37.0 1
    1 1119   85    0 67.0 90.0 1
    1 3563  120   35 59.0 80.0 1
    1 3080  193   61 46.0 73.0 1
    1  449  115   57 60.0 74.0 1
    1 2957  200  111 45.0 61.0 1
    1 1408  346    0 30.0 90.0 1
    1 1908  333    0 31.0 90.0 1
    1 2880   46   39 77.0 79.0 1
    1 2946  247   43 39.0 78.0 1
    1  612  180   65 48.0 72.0 1
    1 2952  207  187 44.0 47.0 1
    1  716   39    0 79.0 90.0 1
    1  378   25    0 83.0 90.0 1
    1 2561  168   81 50.0 68.0 1
    1 3049  346    0 30.0 90.0 1
    1 1920  230   25 41.0 83.0 1
    1 1305  193  125 46.0 58.0 1
    1 3364  320  156 32.0 52.0 1
    1 2901  174  151 49.0 53.0 1
    1 3251  297    0 34.0 90.0 1
    1 2873   46    0 77.0 90.0 1
    1 1020  135    0 56.0 90.0 1
    1 1987  275  256 36.0 38.0 1
    1  372  180    0 48.0 90.0 1
    1 2224  320  115 32.0 60.0 1
    1  613  130    0 57.0 90.0 1
    1 1952  238    0 40.0 90.0 1
    1 1243  247   46 39.0 77.0 0
    1 2363  125   98 58.0 64.0 0
    1 1774   77    0 69.0 90.0 1
    1 1132   65    0 72.0 90.0 1
    1  492  140    0 55.0 90.0 1
    1 1905  308  297 33.0 34.0 0
    1  344  135    0 56.0 90.0 0
    1 3246  247   69 39.0 71.0 1
    1  595  151   10 53.0 87.0 1
    1 2521  346  265 30.0 37.0 1
    1 2326  247   73 39.0 70.0 1
    1  425   39   14 79.0 86.0 1
    1  750  214  111 43.0 61.0 1
    1 2123  320    0 32.0 90.0 1
    1  741  162    0 51.0 90.0 1
    1  532   93   17 65.0 85.0 0
    1 1056  102   32 63.0 81.0 1
    1 1476  297    0 34.0 90.0 0
    1 3587  162   98 51.0 64.0 1
    1  666    3    0 89.0 90.0 1
    1 2199    3    0 89.0 90.0 1
    1  575   54    0 75.0 90.0 1
    1 1586   32    0 81.0 90.0 1
    1 1137  333    0 31.0 90.0 1
    1 1454   39    0 79.0 90.0 1
    1 3526  168   10 50.0 87.0 1
    1  515  200   28 45.0 82.0 1
    1  637  230    0 41.0 90.0 1
    1 2379  168    0 50.0 90.0 1
    1 2948  333    0 31.0 90.0 1
    1  430    3    0 89.0 90.0 1
    1 2488  200   77 45.0 69.0 1
    1 1362   98    7 64.0 88.0 1
    1 2677  214  135 43.0 56.0 0
    1 1168  180    0 48.0 90.0 1
    1 1534  115   28 60.0 82.0 1
    1 2337  151   61 53.0 73.0 1
    1 2424  174    0 49.0 90.0 1
    1 3222  168  162 50.0 51.0 1
    1 2929  238   35 40.0 80.0 1
    1 1562  193    0 46.0 90.0 0
    1 2418  200   69 45.0 71.0 1
    1 3190  111   89 61.0 66.0 1
    1 2701  286    0 35.0 90.0 1
    1 1288  275   46 36.0 77.0 0
    1 2157  308    0 33.0 90.0 0
    1  525   35   21 80.0 84.0 1
    1  410  180    0 48.0 90.0 1
    1 2839  238  151 40.0 53.0 1
    1  915  333   17 31.0 85.0 1
    1  843  156  145 52.0 54.0 1
    1 1693   14   10 86.0 87.0 0
    1 2354   77   46 69.0 77.0 1
    1  570  106   89 62.0 66.0 1
    1 1871   77   46 69.0 77.0 1
    1 1926  286  193 35.0 46.0 1
    1 1343  168   85 50.0 67.0 1
    1 1732  140   57 55.0 74.0 1
    1  699  174    7 49.0 88.0 1
