 300 300 300 126
    1 1781  151   85 53.0 67.0 1
    1 3567   21    0 84.0 90.0 1
    1 3377   50    0 76.0 90.0 1
    1 1872  265   32 37.0 81.0 1
    1 1299  214    0 43.0 90.0 0
    1 3399  168   61 50.0 73.0 0
    1 2820  111   10 61.0 87.0 1
    1 3242  162  140 51.0 55.0 1
    1 3461  187  135 47.0 56.0 1
    1  641   89   39 66.0 79.0 1
    1  572  130   14 57.0 86.0 1
    1 1638   43    3 78.0 89.0 1
    1 3380  247   93 39.0 65.0 1
    1 1007  130  106 57.0 62.0 1
    1  625  151   46 53.0 77.0 1
    1 2094   54    0 75.0 90.0 1
    1  716  238   43 40.0 78.0 1
    1 1834  238    0 40.0 90.0 1
    1 2066  265    0 37.0 90.0 1
    1 1631  102   73 63.0 70.0 1
    1 2583  200    0 45.0 90.0 1
    1  973  308   57 33.0 74.0 1
    1 2885  265  125 37.0 58.0 1
    1 2859   65    0 72.0 90.0 1
    1 1372   25    0 83.0 90.0 1
    1 1050  135    0 56.0 90.0 1
    1 1227   65    0 72.0 90.0 0
    1 2454   69    0 71.0 90.0 1
    1 1397  346   14 30.0 86.0 1
    1 2360  256   14 38.0 86.0 1
    1  759  140   25 55.0 83.0 1
    1 1460  174  125 49.0 58.0 1
    1 1445  151   89 53.0 66.0 1
    1  526   43    0 78.0 90.0 1
    1 2907  151   50 53.0 76.0 1
    1 1326   77   35 69.0 80.0 1
    1 1344  174   57 49.0 74.0 1
    1  969   21    0 84.0 90.0 1
    1 3094  275   46 36.0 77.0 1
    1 2849   17    0 85.0 90.0 1
    1 2779  222    0 42.0 90.0 1
    1 2794  333    0 31.0 90.0 1
    1  959   77   43 69.0 78.0 1
    1  408  162    0 51.0 90.0 1
    1  876  115    0 60.0 90.0 1
    1  631  265   17 37.0 85.0 1
    1 3081  200  168 45.0 50.0 1
    1 2581  222  130 42.0 57.0 1
    1 1650  174   17 49.0 85.0 1
    1 1941  222    3 42.0 89.0 1
    1  564   50    0 76.0 90.0 1
    1 2531  162  135 51.0 56.0 1
    1 3280  106    3 62.0 89.0 1
    1 2573  346   77 30.0 69.0 1
    1 2468   73   39 70.0 79.0 1
    1 2679  193  168 46.0 50.0 1
    1 2169   32    0 81.0 90.0 0
    1  894   21    0 84.0 90.0 1
    1 3239  286  168 35.0 50.0 1
    1 1406  265    0 37.0 90.0 1
    1  915  256  180 38.0 48.0 1
    1 1034  247   57 39.0 74.0 1
    1 1519  346  222 30.0 42.0 0
    1  461   98    0 64.0 90.0 1
    1 1087  247  230 39.0 41.0 1
    1 1205  187   65 47.0 72.0 1
    1 2098   50   43 76.0 78.0 1
    1 2777   65    0 72.0 90.0 0
    1 3144  145  140 54.0 55.0 1
    1 2179  193    0 46.0 90.0 1
    1 1892  265   35 37.0 80.0 1
    1 2106   54    0 75.0 90.0 1
    1 1265  247  214 39.0 43.0 0
    1 1704  247  247 39.0 39.0 1
    1  842  247   50 39.0 76.0 1
    1 2465   85   35 67.0 80.0 1
    1  414  140   21 55.0 84.0 1
    1 1218  145  120 54.0 59.0 1
    1  763    3    0 89.0 90.0 0
    1 2526  115    0 60.0 90.0 1
    1 1048   89    0 66.0 90.0 1
    1 2064  120    0 59.0 90.0 1
    1 3171   10    0 87.0 90.0 1
    1 1517   85   65 67.0 72.0 1
    1 2116  275   69 36.0 71.0 1
    1  999   65   14 72.0 86.0 1
    1 1567  286   50 35.0 76.0 1
    1  960  320   21 32.0 84.0 1
    1 1912  238  187 40.0 47.0 1
    1 1671  297    0 34.0 90.0 1
    1 3264  333   69 31.0 71.0 1
    1 3273  145    0 54.0 90.0 1
    1 3485  145    0 54.0 90.0 1
    1 1665  180   28 48.0 82.0 1
    1 2073   28    0 82.0 90.0 1
    1 3110   50    0 76.0 90.0 1
    1 2026   46    0 77.0 90.0 1
    1 2244  145    0 54.0 90.0 1
    1 2505  346  125 30.0 58.0 1
    1  970   54    0 75.0 90.0 1
    1 2993  162   98 51.0 64.0 1
    1 1931   65    0 72.0 90.0 1
    1 1350  286    0 35.0 90.0 1
    1 1373   77   32 69.0 81.0 1
    1 3297   98   17 64.0 85.0 1
    1 2787  222   85 42.0 67.0 1
    1  590   14    0 86.0 90.0 0
    1 1220  156   39 52.0 79.0 1
    1 1709  275   65 36.0 72.0 1
    1 2620   98    0 64.0 90.0 1
    1  599  174    0 49.0 90.0 1
    1 1532  151  111 53.0 61.0 1
    1 2423  238   81 40.0 68.0 1
    1  910  145   54 54.0 75.0 1
    1 1564   17    7 85.0 88.0 1
    1  812  115    0 60.0 90.0 1
    1 3284  115    0 60.0 90.0 0
    1 2868  308    7 33.0 88.0 1
    1 1903  125    3 58.0 89.0 1
    1 2457  275   81 36.0 68.0 1
    1 2968  193  125 46.0 58.0 1
    1 2038  193  156 46.0 52.0 1
    1 3491  333  135 31.0 56.0 1
    1 2185  256  214 38.0 43.0 1
    1 1306  130   89 57.0 66.0 1
    1  552   93   10 65.0 87.0 1
    1 2928  214    0 43.0 90.0 1
    1 1073  187   77 47.0 69.0 1
    1 1391   39   32 79.0 81.0 1
    1 3194  125   54 58.0 75.0 0
    1  881  151   69 53.0 71.0 0
    1 2297  286    0 35.0 90.0 1
    1 3485   39   10 79.0 87.0 1
    1 1637   89   14 66.0 86.0 1
    1 2458  320    0 32.0 90.0 1
    1 1093  180   10 48.0 87.0 1
    1 1168   32    0 81.0 90.0 1
    1  809  180   65 48.0 72.0 1
    1 2921   43   32 78.0 81.0 1
    1 1269   57    0 74.0 90.0 1
    1 2256  286  102 35.0 63.0 1
    1 3290  238    0 40.0 90.0 1
    1  833  308  106 33.0 62.0 1
    1 1749  265  145 37.0 54.0 1
    1 2699  214  207 43.0 44.0 1
    1 2001   25    3 83.0 89.0 1
    1 2172   65   43 72.0 78.0 1
    1 3250  145    0 54.0 90.0 1
    1  961  238    0 40.0 90.0 1
    1 2506  180  174 48.0 49.0 1
    1 1494   54   43 75.0 78.0 1
    1 2902   73    0 70.0 90.0 1
    1  834  230  187 41.0 47.0 1
    1  546    7    3 88.0 89.0 1
    1  978   81   35 68.0 80.0 0
    1  704   61   35 73.0 80.0 0
    1 2597  168   28 50.0 82.0 0
    1 1583  106    0 62.0 90.0 0
    1 1738   85   54 67.0 75.0 1
    1 2821   43    0 78.0 90.0 1
    1  926  162    0 51.0 90.0 1
    1  393   35    0 80.0 90.0 1
    1 2069    7    0 88.0 90.0 1
    1 3549  214    0 43.0 90.0 1
    1 3534   43    0 78.0 90.0 1
    1 1832   32    0 81.0 90.0 1
    1 1508  333  111 31.0 61.0 1
    1 2128  297    0 34.0 90.0 1
    1  431  193    0 46.0 90.0 1
    1 3475  346  230 30.0 41.0 0
    1 1916   81    0 68.0 90.0 1
    1 1366  265  214 37.0 43.0 1
    1 1565   73   43 70.0 78.0 1
    1 2374  151  111 53.0 61.0 1
    1  315   43    0 78.0 90.0 1
    1 1334  308   46 33.0 77.0 1
    1 3508  140    0 55.0 90.0 1
    1 1414   98    0 64.0 90.0 1
    1 2747  130    0 57.0 90.0 1
    1  894  333   35 31.0 80.0 1
    1 2932   39   10 79.0 87.0 0
    1 2472  207   28 44.0 82.0 1
    1 1221  111   77 61.0 69.0 1
    1 2394   98   46 64.0 77.0 1
    1 3144   77   21 69.0 84.0 1
    1 1642  275   14 36.0 86.0 1
    1 2754  333   17 31.0 85.0 1
    1 3017  230  187 41.0 47.0 1
    1 2037   21    0 84.0 90.0 1
    1 1919  265   93 37.0 65.0 0
    1 1086  120    0 59.0 90.0 1
    1  573  156   77 52.0 69.0 1
    1 3067  115   39 60.0 79.0 1
    1 2762  346   81 30.0 68.0 1
    1 1829   35   35 80.0 80.0 1
    1 1293  125   10 58.0 87.0 1
    1 2849  230  151 41.0 53.0 1
    1 1867  308   28 33.0 82.0 1
    1  972  222  214 42.0 43.0 1
    1 2551  297    0 34.0 90.0 1
    1 2631  102   14 63.0 86.0 1
    1 1912  286   10 35.0 87.0 1
    1 2953  187    0 47.0 90.0 1
    1 1358  145  102 54.0 63.0 1
    1 2581  156   43 52.0 78.0 1
    1 3412  130   57 57.0 74.0 1
    1 3204  286    0 35.0 90.0 1
    1  302   98   17 64.0 85.0 1
    1 2515  125    0 58.0 90.0 1
    1 3343  308    3 33.0 89.0 1
    1  949  247   50 39.0 76.0 1
    1 2030   50   21 76.0 84.0 1
    1 3585  256    0 38.0 90.0 1
    1  785  120   81 59.0 68.0 1
    1 3460  297  168 34.0 50.0 1
    1 1707  346    0 30.0 90.0 1
    1  319  111   46 61.0 77.0 1
    1 3537  102   65 63.0 72.0 1
    1  874   93   17 65.0 85.0 1
    1 1966  180   69 48.0 71.0 1
    1 2601   81    0 68.0 90.0 1
    1 1238  247   21 39.0 84.0 1
    1  713  111   81 61.0 68.0 1
    1 1426  214  111 43.0 61.0 1
    1 2044  151    0 53.0 90.0 1
    1 1263  180   93 48.0 65.0 1
    1 3051  111   54 61.0 75.0 1
    1 1008   61    0 73.0 90.0 0
    1  690  156    0 52.0 90.0 1
    1 2287  214    0 43.0 90.0 1
    1 1643  135   43 56.0 78.0 1
    1 1182   69    0 71.0 90.0 1
    1 3485   35    0 80.0 90.0 1
    1  660   57    0 74.0 90.0 1
    1 2179   73    0 70.0 90.0 1
    1 2435   69    0 71.0 90.0 1
    1 1571  275   43 36.0 78.0 1
    1 1037  106    0 62.0 90.0 1
    1 3244  346   32 30.0 81.0 1
    1 3433  135  120 56.0 59.0 0
    1 1449  156  125 52.0 58.0 1
    1 2216  102    0 63.0 90.0 1
    1  997  193  102 46.0 63.0 1
    1 3091  125    0 58.0 90.0 0
    1 2566  156  140 52.0 55.0 1
    1 3220  333  140 31.0 55.0 1
    1 2221  162   10 51.0 87.0 1
    1 2674  106    0 62.0 90.0 1
    1 3332   77    7 69.0 88.0 1
    1 3415  115  106 60.0 62.0 1
    1 2387  174    0 49.0 90.0 1
    1 1407  106   10 62.0 87.0 1
    1 2584  265   14 37.0 86.0 1
    1 2343  256  125 38.0 58.0 1
    1 3087   43   17 78.0 85.0 1
    1  541  174    0 49.0 90.0 1
    1 3105  214  111 43.0 61.0 1
    1 1256  111   57 61.0 74.0 1
    1 3151   39    3 79.0 89.0 1
    1 1618  256   93 38.0 65.0 1
    1 1527   10    0 87.0 90.0 1
    1 2911  207   93 44.0 65.0 1
    1 1708  247  214 39.0 43.0 1
    1  499   81   69 68.0 71.0 0
    1 3476  115   81 60.0 68.0 1
    1  496   50    0 76.0 90.0 1
    1 2491  297   85 34.0 67.0 1
    1 2207  125   61 58.0 73.0 1
    1 1187   73    0 70.0 90.0 1
    1 2242  238  230 40.0 41.0 1
    1 2298   35   21 80.0 84.0 1
    1 2457  346  207 30.0 44.0 1
    1 2986  162    0 51.0 90.0 0
    1 2367  120    0 59.0 90.0 1
    1 3365  140  120 55.0 59.0 1
    1  668  168   73 50.0 70.0 1
    1 2972  214    0 43.0 90.0 1
    1 3207  111   50 61.0 76.0 1
    1 2391   50    0 76.0 90.0 1
    1 2698  140  102 55.0 63.0 1
    1 3353  214   89 43.0 66.0 1
    1 3308  214  168 43.0 50.0 1
    1 1912  162   65 51.0 72.0 0
    1 2311  200    0 45.0 90.0 1
    1  487  168    0 50.0 90.0 1
    1 2740   50    0 76.0 90.0 1
    1 1904  135    0 56.0 90.0 1
    1  507  102   39 63.0 79.0 1
    1 1299  308  200 33.0 45.0 1
    1 3600   61   17 73.0 85.0 0
    1  307   25   10 83.0 87.0 1
    1 1757  145  115 54.0 60.0 1
    1 3002  214    0 43.0 90.0 1
    1 2258  256    0 38.0 90.0 1
    1  498   85    0 67.0 90.0 1
    1 2445   54    0 75.0 90.0 1
    1 2998  168   77 50.0 69.0 1
    1 2593  265  247 37.0 39.0 1
    1 2495  308  162 33.0 51.0 1
    1 1126  238  174 40.0 49.0 1
