 300 300 300 126
    1 1517  247  238 39.0 40.0 1
    1  385  174    0 49.0 90.0 0
    1 1832  168   85 50.0 67.0 1
    1 1201   69    0 71.0 90.0 1
    1  777   93   46 65.0 77.0 1
    1 1951  151   69 53.0 71.0 1
    1  353  120   39 59.0 79.0 1
    1 2668  346    0 30.0 90.0 1
    1 2846  140   43 55.0 78.0 1
    1 1641  193   54 46.0 75.0 1
    1  322  111    0 61.0 90.0 1
    1 2729   61   35 73.0 80.0 1
    1 1341  214   98 43.0 64.0 1
    1 2141   35    0 80.0 90.0 1
    1 2349  145   73 54.0 70.0 1
    1  883  230   43 41.0 78.0 1
    1  491  207   10 44.0 87.0 1
    1 3135  207   25 44.0 83.0 1
    1  715   46   25 77.0 83.0 1
    1 1631   89    0 66.0 90.0 1
    1 1965  308  230 33.0 41.0 1
    1 2390   98    0 64.0 90.0 0
    1  580  238    3 40.0 89.0 1
    1 1373  115    3 60.0 89.0 1
    1  973  102   93 63.0 65.0 1
    1 3302  168  125 50.0 58.0 1
    1  666  308    0 33.0 90.0 1
    1 1581  320    0 32.0 90.0 0
    1  728  151   21 53.0 84.0 1
    1 3217   98   89 64.0 66.0 1
    1 3221   69    0 71.0 90.0 1
    1 1351   17    0 85.0 90.0 1
    1 3028  247    0 39.0 90.0 1
    1 2746  265  247 37.0 39.0 1
    1 1229  346   14 30.0 86.0 1
    1 1405   54    3 75.0 89.0 1
    1 1243  106   81 62.0 68.0 1
    1 1501   57   57 74.0 74.0 1
    1 2269   89   85 66.0 67.0 0
    1 1186  230   39 41.0 79.0 1
    1 2459   89   85 66.0 67.0 1
    1 1201  230    0 41.0 90.0 1
    1 2587  174    0 49.0 90.0 1
    1 1311  135   39 56.0 79.0 1
    1 1526  286   93 35.0 65.0 1
    1 1048   46    0 77.0 90.0 0
    1 2947  230  187 41.0 47.0 0
    1 1492   54    0 75.0 90.0 1
    1  494   54    0 75.0 90.0 1
    1 2144  151    0 53.0 90.0 1
    1  987  162    0 51.0 90.0 1
    1 1826  297  230 34.0 41.0 1
    1  869   85   35 67.0 80.0 0
    1 1518   93    0 65.0 90.0 1
    1 3203   25    0 83.0 90.0 1
    1 2816  180    7 48.0 88.0 1
    1 1892   54   50 75.0 76.0 1
    1  719  180  145 48.0 54.0 1
    1 1937  125  106 58.0 62.0 1
    1 2669   39    0 79.0 90.0 0
    1  842   39   35 79.0 80.0 1
    1  321   77    0 69.0 90.0 1
    1  601  256   43 38.0 78.0 0
    1 1857  187   69 47.0 71.0 1
    1 3343  308  106 33.0 62.0 1
    1  690  162   35 51.0 80.0 1
    1  853  230    0 41.0 90.0 1
    1 1344  238    0 40.0 90.0 1
    1 2778   10    0 87.0 90.0 0
    1 1494   57   43 74.0 78.0 0
    1 3287  333    0 31.0 90.0 1
    1 2867  238  230 40.0 41.0 1
    1 1326  193    0 46.0 90.0 1
    1 3440  156   35 52.0 80.0 1
    1 1230  193    0 46.0 90.0 1
    1 1400   73    0 70.0 90.0 1
    1 1090   65   17 72.0 85.0 1
    1 1644  238    0 40.0 90.0 0
    1 1784  125    0 58.0 90.0 1
    1 3265   32    0 81.0 90.0 1
    1  570  222    0 42.0 90.0 1
    1 2207   98    0 64.0 90.0 1
    1 2348  247  174 39.0 49.0 1
    1 3063  180    0 48.0 90.0 1
    1 1519   77   28 69.0 82.0 1
    1 2327  156   17 52.0 85.0 1
    1 2418  265    0 37.0 90.0 1
    1 2656  125    0 58.0 90.0 1
    1 2481  275   10 36.0 87.0 1
    1 1111  135  135 56.0 56.0 1
    1 1586   35    0 80.0 90.0 1
    1 1751  102   17 63.0 85.0 1
    1 1855  106   17 62.0 85.0 1
    1 1967  193   93 46.0 65.0 1
    1 2714  135    0 56.0 90.0 1
    1 3106  308   98 33.0 64.0 1
    1 1184  125   89 58.0 66.0 0
    1 2052   54   25 75.0 83.0 1
    1  836    3    0 89.0 90.0 0
    1 2851  207    0 44.0 90.0 1
    1 1717  125    0 58.0 90.0 0
    1 2846   98   69 64.0 71.0 1
    1 1365  297  230 34.0 41.0 1
    1 2994  247   10 39.0 87.0 1
    1 1455  200    0 45.0 90.0 0
    1 2124  238   81 40.0 68.0 1
    1 1662  265  214 37.0 43.0 1
    1 1394  156    0 52.0 90.0 1
    1 2308  162  130 51.0 57.0 1
    1 1856  156   21 52.0 84.0 1
    1 3169  265  238 37.0 40.0 1
    1  848  265    0 37.0 90.0 1
    1 1889  156  151 52.0 53.0 1
    1 3163  156   43 52.0 78.0 1
    1 1181    3    0 89.0 90.0 1
    1 2133  193  156 46.0 52.0 1
    1 3513  297    0 34.0 90.0 1
    1 2813  168  125 50.0 58.0 0
    1 2219  120    0 59.0 90.0 1
    1 1697  207   65 44.0 72.0 1
    1 1629   81    0 68.0 90.0 1
    1 2759  214    0 43.0 90.0 1
    1 3369   89    0 66.0 90.0 1
    1  689  297    0 34.0 90.0 1
    1 2271  286    0 35.0 90.0 1
    1 2523  193   81 46.0 68.0 1
    1 2065  145    0 54.0 90.0 1
    1 2780   46    0 77.0 90.0 1
    1 2949   65    0 72.0 90.0 0
    1 2508  168   54 50.0 75.0 1
    1  643  193   54 46.0 75.0 1
    1 1836   85    0 67.0 90.0 1
    1 2768  256   14 38.0 86.0 1
    1 3527  140   61 55.0 73.0 1
    1  360   93   81 65.0 68.0 1
    1 1097  174   85 49.0 67.0 1
    1 1649  140  106 55.0 62.0 1
    1  561  162   32 51.0 81.0 0
    1 1707  333   57 31.0 74.0 1
    1 1169  256  106 38.0 62.0 1
    1 2466  130   35 57.0 80.0 1
    1 2125  238   81 40.0 68.0 1
    1  770   57   46 74.0 77.0 1
    1 2095   69    0 71.0 90.0 1
    1 2204   81   46 68.0 77.0 1
    1 1996   85   57 67.0 74.0 1
    1 3131   61    0 73.0 90.0 1
    1 3333  120    0 59.0 90.0 0
    1 2394   32   25 81.0 83.0 0
    1  954   14    7 86.0 88.0 1
    1 3126  106    0 62.0 90.0 1
    1  464  174    0 49.0 90.0 1
    1 2920   10   10 87.0 87.0 1
    1 3565   85    0 67.0 90.0 0
    1 2350  162    0 51.0 90.0 1
    1 3174  151    0 53.0 90.0 1
    1  675  151    0 53.0 90.0 1
    1 3038   93   46 65.0 77.0 1
    1 2960  320    0 32.0 90.0 1
    1  482  130    0 57.0 90.0 1
    1 1850   77    0 69.0 90.0 1
    1 1843  346  320 30.0 32.0 1
    1 2303  275  247 36.0 39.0 1
    1 1049  200  180 45.0 48.0 1
    1 2444  125    0 58.0 90.0 1
    1 3425   73    0 70.0 90.0 0
    1 1486  135    3 56.0 89.0 0
    1 2172  120    0 59.0 90.0 1
    1 2448   61   39 73.0 79.0 1
    1 1288  238    0 40.0 90.0 1
    1 2623  174   57 49.0 74.0 1
    1 1667  256  111 38.0 61.0 1
    1 1343  222  193 42.0 46.0 1
    1  496   98   93 64.0 65.0 1
    1 1385  230  135 41.0 56.0 0
    1  382  115    0 60.0 90.0 1
    1 1993  320  230 32.0 41.0 1
    1 3564   21    0 84.0 90.0 1
    1 1289  308  120 33.0 59.0 1
    1  936  145   32 54.0 81.0 1
    1 3255   98   39 64.0 79.0 1
    1 2795  333  214 31.0 43.0 1
    1 1086  265   73 37.0 70.0 1
    1 2871  346    0 30.0 90.0 1
    1 1111  256  162 38.0 51.0 1
    1 1124  256  140 38.0 55.0 1
    1 1587  286  214 35.0 43.0 1
    1 1680  187    0 47.0 90.0 1
    1  670   89   43 66.0 78.0 1
    1 2561  125   43 58.0 78.0 1
    1  731   50   39 76.0 79.0 1
    1 2208  200   10 45.0 87.0 1
    1  995  333  120 31.0 59.0 1
    1 1567  168   50 50.0 76.0 1
    1  934   81   35 68.0 80.0 1
    1 1951  275   10 36.0 87.0 1
    1  637  125   85 58.0 67.0 1
    1 1813  222    0 42.0 90.0 1
    1 1479  320    0 32.0 90.0 1
    1 3528   32   28 81.0 82.0 1
    1  943   73   32 70.0 81.0 1
    1 1313  308    0 33.0 90.0 1
    1 1069  151   89 53.0 66.0 1
    1 2307  265  111 37.0 61.0 1
    1 3393  256    3 38.0 89.0 1
    1 2579  151   46 53.0 77.0 1
    1 2627  230    0 41.0 90.0 1
    1  665  308    0 33.0 90.0 1
    1 3526  333    0 31.0 90.0 1
    1 2219  180   77 48.0 69.0 1
    1 1793  106   32 62.0 81.0 1
    1 1051  115   50 60.0 76.0 0
    1 3403   21    0 84.0 90.0 1
    1 2028  222    0 42.0 90.0 1
    1  404   73    0 70.0 90.0 1
    1 2328   57    0 74.0 90.0 1
    1 1604   65   17 72.0 85.0 1
    1 3443  120   28 59.0 82.0 0
    1 2509  115  115 60.0 60.0 1
    1 1057   89   46 66.0 77.0 1
    1 2279   57    0 74.0 90.0 1
    1 2682  297   73 34.0 70.0 0
    1  531  111   81 61.0 68.0 1
    1 2173  308  135 33.0 56.0 1
    1 3070   85    0 67.0 90.0 1
    1 2375  320  275 32.0 36.0 1
    1 2389  346    0 30.0 90.0 1
    1 2176  193   77 46.0 69.0 0
    1 3070   77   54 69.0 75.0 0
    1 2839  297  174 34.0 49.0 1
    1 1370  187    0 47.0 90.0 1
    1 2410  207    0 44.0 90.0 1
    1 2511  207  145 44.0 54.0 1
    1 1473   98    0 64.0 90.0 1
    1 2702  187  106 47.0 62.0 1
    1 2352  200  187 45.0 47.0 1
    1 2416  207   85 44.0 67.0 1
    1 2766  151   14 53.0 86.0 1
    1 1755   69   43 71.0 78.0 1
    1  614  214    0 43.0 90.0 1
    1  581  222   17 42.0 85.0 1
    1 1320  346    0 30.0 90.0 1
    1 1615  222    0 42.0 90.0 0
    1 2062  125   73 58.0 70.0 1
    1 3207  265   61 37.0 73.0 1
    1 3306  265  187 37.0 47.0 0
    1 2155   81    3 68.0 89.0 1
    1 2692  200   50 45.0 76.0 1
    1 3386   93    0 65.0 90.0 1
    1 3510   14    7 86.0 88.0 1
    1 2245  320  120 32.0 59.0 1
    1  874  308    0 33.0 90.0 1
    1 1707  238    0 40.0 90.0 1
    1 2637  200   50 45.0 76.0 1
    1 3224  115    7 60.0 88.0 1
    1 2172  200  187 45.0 47.0 1
    1 1904  238   61 40.0 73.0 1
    1  939   57   50 74.0 76.0 1
    1  932  145  120 54.0 59.0 1
    1 1637  120    0 59.0 90.0 1
    1  398   32    0 81.0 90.0 1
    1 3270   57    0 74.0 90.0 1
    1 1313   28   25 82.0 83.0 1
    1 2544  135    0 56.0 90.0 1
    1 2944  111    0 61.0 90.0 1
    1 2348  230   32 41.0 81.0 1
    1 2821  265  162 37.0 51.0 1
    1 3507   89    0 66.0 90.0 1
    1 2617  230  162 41.0 51.0 1
    1 1450  320    0 32.0 90.0 1
    1 1976  275  200 36.0 45.0 1
    1 3514  187  140 47.0 55.0 1
    1  838  346    0 30.0 90.0 1
    1 2739  111    0 61.0 90.0 1
    1 3189  256   54 38.0 75.0 1
    1 3380  140    0 55.0 90.0 1
    1 2692  333  130 31.0 57.0 0
    1 3259  145   46 54.0 77.0 1
    1 2111  286   21 35.0 84.0 1
    1  573   93   25 65.0 83.0 1
    1 1220   61    7 73.0 88.0 1
    1 3417  275    0 36.0 90.0 1
    1 1366  102   25 63.0 83.0 1
    1  979   69   50 71.0 76.0 1
    1 2293  106    0 62.0 90.0 1
    1 2958  238  115 40.0 60.0 1
    1 2844  140   98 55.0 64.0 1
    1  545  145   39 54.0 79.0 1
    1  748   35    0 80.0 90.0 1
    1 1154  238  238 40.0 40.0 1
    1 3436   50   43 76.0 78.0 0
    1 1533  320   69 32.0 71.0 1
    1 2764   89   73 66.0 70.0 1
    1 2253  168  111 50.0 61.0 1
    1 1496  320  222 32.0 42.0 0
    1 1346   54   28 75.0 82.0 1
    1 2141   54   46 75.0 77.0 1
    1 1845  135    0 56.0 90.0 1
    1 1961  230    0 41.0 90.0 0
    1 1780   39   10 79.0 87.0 1
