 300 300 300 126
    1 3294  125   85 58.0 67.0 1
    1 3045  333  168 31.0 50.0 1
    1 3299  275    0 36.0 90.0 1
    1  333  106    0 62.0 90.0 1
    1 3057  230   69 41.0 71.0 1
    1 3301   93    0 65.0 90.0 1
    1  864  247   69 39.0 71.0 1
    1 1531  230    0 41.0 90.0 1
    1 2683  214  180 43.0 48.0 1
    1 2099  346    0 30.0 90.0 1
    1 2711  346   77 30.0 69.0 1
    1 1493  187    0 47.0 90.0 1
    1 1789  247  180 39.0 48.0 1
    1 3467  130   10 57.0 87.0 1
    1  495   85   61 67.0 73.0 1
    1 1936   39    3 79.0 89.0 1
    1 2529  238    0 40.0 90.0 1
    1 1733  180    0 48.0 90.0 1
    1 1239  162   98 51.0 64.0 1
    1 3090   54   39 75.0 79.0 1
    1 3090   54   43 75.0 78.0 1
    1 2456   93    0 65.0 90.0 1
    1 2413  120   21 59.0 84.0 0
    1 1648   85    0 67.0 90.0 1
    1 2853  193  180 46.0 48.0 1
    1 2550  168   65 50.0 72.0 1
    2 1861   85    0 67.0 90.0 1
    1 1705  135   43 56.0 78.0 0
    1 3173  222  120 42.0 59.0 1
    0  415  130   28 57.0 82.0 1
    1 3416  162    0 51.0 90.0 1
    1 2003  145   61 54.0 73.0 1
    1 2204  256    0 38.0 90.0 1
    1 3520  297    0 34.0 90.0 1
    1 2611  180    3 48.0 89.0 1
    1 3461   73    0 70.0 90.0 1
    1  772   73    0 70.0 90.0 1
    1 2148  247  151 39.0 53.0 0
    1 2400   85    0 67.0 90.0 1
    1  501   98    0 64.0 90.0 1
    1 1964  247    0 39.0 90.0 1
    1 2223  135    0 56.0 90.0 1
    1 3057  238   65 40.0 72.0 1
    1 1878  200   98 45.0 64.0 1
    1 1396  135    0 56.0 90.0 0
    1  383   54   25 75.0 83.0 0
    1 2873  238    0 40.0 90.0 0
    1 2271   57   14 74.0 86.0 1
    1 3144  135   65 56.0 72.0 1
    1 3244  230  156 41.0 52.0 1
    1 3256  214   89 43.0 66.0 1
    1 3017  256   28 38.0 82.0 1
    1 3363  115   89 60.0 66.0 1
    1 1935  256    0 38.0 90.0 1
    1  788  200  125 45.0 58.0 1
    1 3389  115   10 60.0 87.0 1
    1 2353  187    0 47.0 90.0 1
    1  768  214   89 43.0 66.0 1
    1 1725  286  214 35.0 43.0 1
    1 1282  346    0 30.0 90.0 1
    1 3417  174   21 49.0 84.0 1
    1 3135  275  207 36.0 44.0 1
    1 3083  180   69 48.0 71.0 1
    1 2380   77    0 69.0 90.0 1
    1 3122  256  174 38.0 49.0 1
    1 1260   93    0 65.0 90.0 1
    1 1124  193    0 46.0 90.0 0
    1 2649  115   25 60.0 83.0 1
    1 2464  346  187 30.0 47.0 1
    1 1528  135    0 56.0 90.0 1
    1  941  297   77 34.0 69.0 1
    1 3228  162    0 51.0 90.0 1
    1 2803  333    0 31.0 90.0 1
    1  352   61   39 73.0 79.0 1
    1 3123  140   35 55.0 80.0 1
    1 2831   25   10 83.0 87.0 1
    1 1376  145  115 54.0 60.0 1
    1 2662  151  135 53.0 56.0 1
    1  936  140   89 55.0 66.0 1
    1 1168  187   69 47.0 71.0 1
    1 1554  162   69 51.0 71.0 1
    1 1777  200  168 45.0 50.0 1
    1  780  125   85 58.0 67.0 1
    1 1631   73    7 70.0 88.0 0
    2 1390  230    0 41.0 90.0 1
    1 1243  187   69 47.0 71.0 1
    1 1375  320    0 32.0 90.0 1
    1  362   54    0 75.0 90.0 0
    1 1998  297   77 34.0 69.0 1
    1 3581  333  297 31.0 34.0 1
    1 1015   81   77 68.0 69.0 1
    1 2576   73   21 70.0 84.0 1
    1  854  156  135 52.0 56.0 1
    1 2938  187    0 47.0 90.0 1
    1 2320  333  156 31.0 52.0 1
    1 1196  145    0 54.0 90.0 1
    1 2738  200   46 45.0 77.0 1
    1 2606   98   35 64.0 80.0 1
    1 1178  106   46 62.0 77.0 1
    1 2728  222   35 42.0 80.0 1
    1 2541  265  214 37.0 43.0 1
    1 1677  106   28 62.0 82.0 1
    1 2923  111   25 61.0 83.0 1
    1 1718  297   54 34.0 75.0 1
    1 2270  115   35 60.0 80.0 1
    1 1829  174   85 49.0 67.0 1
    1  980  130    0 57.0 90.0 0
    1  708  115   32 60.0 81.0 1
    1 3405  346   32 30.0 81.0 1
    1  513   73   14 70.0 86.0 1
    1 2141  247  200 39.0 45.0 1
    1 3582   89   69 66.0 71.0 1
    1  727  120   17 59.0 85.0 1
    1  590   46   10 77.0 87.0 1
    1 3460  256  207 38.0 44.0 0
    1 2584  238    0 40.0 90.0 1
    1 1978  346   17 30.0 85.0 1
    1 2081  140    0 55.0 90.0 1
    1  739   32   28 81.0 82.0 1
    1 2824  256   10 38.0 87.0 1
    1  332  106    0 62.0 90.0 1
    1  677  222    0 42.0 90.0 1
    1 1927  247  214 39.0 43.0 1
    1 3437  346  180 30.0 48.0 1
    1  405   39    0 79.0 90.0 1
    1 3427  308   21 33.0 84.0 1
    1  536   35    0 80.0 90.0 1
    1 1406  238    0 40.0 90.0 1
    1 1953   65    0 72.0 90.0 1
    1 3599  200    3 45.0 89.0 1
    1  386  193    0 46.0 90.0 1
    1 2210   10    0 87.0 90.0 1
    1 2719  111    0 61.0 90.0 1
    1 1214  193  120 46.0 59.0 1
    1 1012  265   46 37.0 77.0 1
    1 3454   73    0 70.0 90.0 1
    1 1296  120   98 59.0 64.0 1
    1 2870  297   89 34.0 66.0 1
    1 2182  286  180 35.0 48.0 1
    1 1268  214   46 43.0 77.0 1
    1  671   85   17 67.0 85.0 1
    1 3041   28    0 82.0 90.0 1
    1  387  111    0 61.0 90.0 0
    1 3208  308    0 33.0 90.0 1
    1 1312  140   65 55.0 72.0 1
    1  679  125   98 58.0 64.0 1
    2  472   35    0 80.0 90.0 1
    1 2507  238  145 40.0 54.0 1
    1  615  130  111 57.0 61.0 1
    1 2891   50   32 76.0 81.0 1
    1 1908  333  180 31.0 48.0 1
    1  402   61   28 73.0 82.0 1
    1 2326  174  106 49.0 62.0 1
    1 2287  140    0 55.0 90.0 1
    1 1672  320   73 32.0 70.0 1
    1 2257    3    0 89.0 90.0 1
    1  673  174  145 49.0 54.0 0
    1 3169    7    0 88.0 90.0 1
    1 1875   25    0 83.0 90.0 1
    1 2405   98   32 64.0 81.0 1
    1 1777  320  151 32.0 53.0 1
    1 2494   89    0 66.0 90.0 1
    1 2706  297  120 34.0 59.0 0
    1 1263  275  151 36.0 53.0 1
    1  768  247   81 39.0 68.0 1
    1 3226  151  120 53.0 59.0 1
    1 2985  297   25 34.0 83.0 1
    1 3170   21    3 84.0 89.0 1
    1 2998  156   17 52.0 85.0 1
    1  612   32    0 81.0 90.0 1
    1 2612   98   14 64.0 86.0 1
    1  886   28    3 82.0 89.0 1
    1 3488  286  115 35.0 60.0 1
    1 3535   50   25 76.0 83.0 1
    1 3209  115    0 60.0 90.0 1
    2  714  200   50 45.0 76.0 1
    1 2163  238   85 40.0 67.0 1
    1 2589  135  115 56.0 60.0 1
    1 2785    7    0 88.0 90.0 1
    2 1933  145    3 54.0 89.0 1
    1 1571  275  247 36.0 39.0 1
    1 1058  130    0 57.0 90.0 1
    1  694  174    0 49.0 90.0 1
    1 3568  346   85 30.0 67.0 1
    1 2031  162   54 51.0 75.0 1
    0 1540  200  135 45.0 56.0 1
    1 2833    3    0 89.0 90.0 1
    1 2600   39    3 79.0 89.0 1
    1 1825   73   35 70.0 80.0 1
    1 3250   21   14 84.0 86.0 1
    1 3221  174    0 49.0 90.0 1
    1 2697  308  222 33.0 42.0 1
    2 3543   54   25 75.0 83.0 1
    1 2068   21    0 84.0 90.0 1
    1 1869  297    0 34.0 90.0 1
    1 2459  151    0 53.0 90.0 1
    1  724  346   10 30.0 87.0 1
    1 3267  207    0 44.0 90.0 1
    1  539  207   61 44.0 73.0 1
    1  337  168    0 50.0 90.0 1
    1 1701  135  115 56.0 60.0 1
    1 1573  193   46 46.0 77.0 1
    1 2695  230    0 41.0 90.0 1
    1  994  320  135 32.0 56.0 1
    1 1253  320    0 32.0 90.0 1
    1 2059  135  115 56.0 60.0 1
    0  748   73    0 70.0 90.0 1
    1  816  275   89 36.0 66.0 0
    1 2665   77   73 69.0 70.0 1
    1 2489  102   46 63.0 77.0 1
    1  835  115   69 60.0 71.0 1
    1 1708   98    0 64.0 90.0 1
    1 3224  256  168 38.0 50.0 1
    1 3342  320   46 32.0 77.0 1
    1  934  214   77 43.0 69.0 1
    1 2716   73    0 70.0 90.0 1
    1 2708  214   50 43.0 76.0 1
    1 3334  297  156 34.0 52.0 0
    1 2905   89    0 66.0 90.0 0
    1 2953  180    0 48.0 90.0 1
    1 1590  222   35 42.0 80.0 1
    1 3466  187  168 47.0 50.0 1
    1 2381  151    0 53.0 90.0 1
    1  805  168  135 50.0 56.0 1
    1 1431  156   85 52.0 67.0 1
    1  300   89   61 66.0 73.0 1
    1 2926  187   39 47.0 79.0 1
    1  471   93    0 65.0 90.0 1
    1  867  120  115 59.0 60.0 1
    1 1211  320    0 32.0 90.0 0
    1 2178  238  111 40.0 61.0 1
    1  588  187    0 47.0 90.0 1
    1  578  145    0 54.0 90.0 1
    1 2586  297  156 34.0 52.0 1
    1  348   57    0 74.0 90.0 1
    1 2757  193  140 46.0 55.0 1
    1 3502  222   89 42.0 66.0 1
    1 1710  174   93 49.0 65.0 1
    2 2582   35    0 80.0 90.0 1
    1 1960  238    0 40.0 90.0 1
    1 1885  207  111 44.0 61.0 1
    1  681   21   14 84.0 86.0 1
    1 1276  187    0 47.0 90.0 1
    1 1370   89   10 66.0 87.0 0
    1 2996   39    0 79.0 90.0 1
    1 1088   43    0 78.0 90.0 1
    1 1857  207    0 44.0 90.0 1
    1 3453  187    0 47.0 90.0 1
    1  712  174    0 49.0 90.0 1
    1 2148  151   89 53.0 66.0 1
    1 1641  120    3 59.0 89.0 1
    1 1680  156  106 52.0 62.0 1
    1  904  200    0 45.0 90.0 1
    1 3009  168   85 50.0 67.0 1
    1 1470  297  145 34.0 54.0 1
    1 1258  180    0 48.0 90.0 1
    1  510   39    0 79.0 90.0 1
    1 1564  230   46 41.0 77.0 1
    1 1967  320    0 32.0 90.0 1
    1  614  106    7 62.0 88.0 0
    1 2393  286  238 35.0 40.0 1
    1  461  115   57 60.0 74.0 1
    0  799  265    0 37.0 90.0 1
    0 2590  230    0 41.0 90.0 1
    1 1717  151    7 53.0 88.0 0
    1 3468   65   46 72.0 77.0 1
    1  764   28   17 82.0 85.0 1
    1 2999   77    0 69.0 90.0 1
    1  698   89    0 66.0 90.0 1
    1 2762  346   65 30.0 72.0 1
    1 1312    3    0 89.0 90.0 1
    1 3067  333  247 31.0 39.0 1
    1 1018  174    0 49.0 90.0 1
    1 2118   93    0 65.0 90.0 1
    1 3597  106   73 62.0 70.0 1
    1  461   65   39 72.0 79.0 1
    1 2011  297    0 34.0 90.0 1
    1 3035  230  200 41.0 45.0 1
    1  415  125   17 58.0 85.0 0
    1 2455  120    0 59.0 90.0 1
    1 1752   73    0 70.0 90.0 1
    1 2477  256  102 38.0 63.0 1
    1 2007   89   14 66.0 86.0 1
    1 1667  214  174 43.0 49.0 0
    1 1750  174    0 49.0 90.0 1
    1 1258  162   43 51.0 78.0 1
    1 2017  297  214 34.0 43.0 1
    1 2162  145  111 54.0 61.0 1
    1  709  115   93 60.0 65.0 1
    1 2133  286    0 35.0 90.0 1
    1 2775  140    0 55.0 90.0 1
    1 2809   65    0 72.0 90.0 1
    1 1134  168    0 50.0 90.0 1
    1 3366   73   69 70.0 71.0 1
    1 1442  346  162 30.0 51.0 1
    0  776  207    0 44.0 90.0 1
    1 2952  174    0 49.0 90.0 1
    1  477   69    0 71.0 90.0 1
    0 1484  193    0 46.0 90.0 1
    1  771   65    7 72.0 88.0 1
