 300 300 300 126
    1 2891   98   21 64.0 84.0 1
    1 2411  156   39 52.0 79.0 0
    1  784  333    0 31.0 90.0 1
    1  945   17    0 85.0 90.0 1
    1 3347  265    0 37.0 90.0 1
    1  601  174   10 49.0 87.0 1
    1 1887  333   98 31.0 64.0 0
    1 1400  200    0 45.0 90.0 1
    1  600  120   69 59.0 71.0 1
    1 2982  346   35 30.0 80.0 1
    1 1964  286  174 35.0 49.0 0
    1  589  102   35 63.0 80.0 1
    1 1657   57    0 74.0 90.0 1
    1 1353  308  222 33.0 42.0 1
    1 1308  151   50 53.0 76.0 1
    1 1519  135  106 56.0 62.0 1
    1 1646   98   35 64.0 80.0 1
    1  793   81    0 68.0 90.0 1
    1  827  102   57 63.0 74.0 1
    1  864  214    0 43.0 90.0 1
    1  374   43   10 78.0 87.0 1
    1 1732  247   65 39.0 72.0 1
    1  614   65    0 72.0 90.0 1
    1 3025  320   85 32.0 67.0 1
    1 2104   81   28 68.0 82.0 0
    1 2321  222  207 42.0 44.0 0
    1 1880  308    0 33.0 90.0 1
    1 2526   98   39 64.0 79.0 1
    1  518   61    0 73.0 90.0 1
    1 1131  346   57 30.0 74.0 1
    1 1448   43    0 78.0 90.0 0
    1 1649   89    0 66.0 90.0 1
    1 1077  140   65 55.0 72.0 1
    1 2396  320   39 32.0 79.0 1
    1 2379  187    0 47.0 90.0 1
    1 1993  151   54 53.0 75.0 1
    1 2791  115    0 60.0 90.0 1
    1 2757  145   65 54.0 72.0 1
    1  495  247    0 39.0 90.0 1
    1 3209  207  102 44.0 63.0 1
    1 2581  193    0 46.0 90.0 1
    1 1935  320  174 32.0 49.0 0
    1 1409   57    0 74.0 90.0 1
    1 3574  140    0 55.0 90.0 1
    1 3199  222   43 42.0 78.0 1
    1  964  297  102 34.0 63.0 1
    1 2240  115   25 60.0 83.0 1
    1 2471  286   17 35.0 85.0 1
    1 1317  265  125 37.0 58.0 1
    1 3428  308  135 33.0 56.0 0
    1 3467  102    0 63.0 90.0 1
    1 2111  308  238 33.0 40.0 1
    1 1029   65   57 72.0 74.0 1
    1 1531   77    0 69.0 90.0 1
    1 2622   61   54 73.0 75.0 1
    1 1744  125    0 58.0 90.0 1
    1 2127  115    0 60.0 90.0 1
    1 2458   81    0 68.0 90.0 0
    1 1233   32    0 81.0 90.0 1
    1 3429   21   17 84.0 85.0 1
    1 1071  145   25 54.0 83.0 1
    1  987    3    0 89.0 90.0 1
    1 2795   73    0 70.0 90.0 1
    1 1132  308  106 33.0 62.0 1
    1 1022  297    0 34.0 90.0 1
    1 1132  120   50 59.0 76.0 1
    1 2445  200   65 45.0 72.0 1
    1 3372   89    0 66.0 90.0 1
    1  798   73    3 70.0 89.0 1
    1 2748  308   77 33.0 69.0 1
    1 2483  200    0 45.0 90.0 1
    1 2015  230   25 41.0 83.0 1
    1 2311   89   46 66.0 77.0 1
    1  976   54   25 75.0 83.0 1
    1 2436  265   93 37.0 65.0 1
    1 3052  333  193 31.0 46.0 1
    1 3084  135   35 56.0 80.0 0
    1 2553  162    0 51.0 90.0 1
    1 3360  207  200 44.0 45.0 1
    1 2532  286    0 35.0 90.0 1
    1  696   98   61 64.0 73.0 0
    1 3276  207    0 44.0 90.0 1
    1 2578  333   17 31.0 85.0 1
    1 1205   77    7 69.0 88.0 1
    1 1089  222    0 42.0 90.0 1
    1 2759  187  140 47.0 55.0 1
    1  661  193   69 46.0 71.0 1
    1 3386  200  174 45.0 49.0 0
    1 3405   35   21 80.0 84.0 1
    1  806  222   69 42.0 71.0 1
    1 1140   35    0 80.0 90.0 1
    1 2068  214   61 43.0 73.0 1
    1 1545  320  115 32.0 60.0 1
    1 1796   39   21 79.0 84.0 1
    1 3058  297  106 34.0 62.0 1
    1 1785   89    0 66.0 90.0 1
    1 2833   46    0 77.0 90.0 1
    1 2097   65   21 72.0 84.0 1
    1  873  222    0 42.0 90.0 1
    1 1349   46    0 77.0 90.0 1
    1 1832  286  230 35.0 41.0 0
    1 2082  180   61 48.0 73.0 1
    1 2351  151  120 53.0 59.0 1
    1 1452   57    0 74.0 90.0 1
    1 2266  187  120 47.0 59.0 1
    1 2195  106   39 62.0 79.0 1
    1 1229  140  111 55.0 61.0 1
    1 1313  275  214 36.0 43.0 1
    1 1936   98    0 64.0 90.0 1
    1  715  156   93 52.0 65.0 1
    1 3449    3    0 89.0 90.0 1
    1 3170  265  256 37.0 38.0 0
    1 2136   21    0 84.0 90.0 0
    1 3592  275  135 36.0 56.0 1
    1 2806  333  180 31.0 48.0 1
    1 2599  162  145 51.0 54.0 1
    1 2345  187    0 47.0 90.0 1
    1 2025  275   46 36.0 77.0 1
    1 2582  145    0 54.0 90.0 1
    1 1779  130    0 57.0 90.0 1
    1 2539  238  187 40.0 47.0 1
    1 2290   35    0 80.0 90.0 1
    1 3420  174    7 49.0 88.0 1
    1  877  162    0 51.0 90.0 1
    1 2362  214   17 43.0 85.0 1
    1  633   25    0 83.0 90.0 1
    1 3414  333    0 31.0 90.0 1
    1 3317   69   50 71.0 76.0 1
    1 3568  111    0 61.0 90.0 1
    1  566   25    0 83.0 90.0 1
    1 1385  286   46 35.0 77.0 0
    1 2850  174   73 49.0 70.0 1
    1 2424   81    0 68.0 90.0 1
    1 2282  256   17 38.0 85.0 1
    1 3493   14    0 86.0 90.0 1
    1 2759  140   57 55.0 74.0 1
    1 2047  174    0 49.0 90.0 1
    1 2874   69    0 71.0 90.0 0
    1 1268  180   17 48.0 85.0 0
    1 3124   57    0 74.0 90.0 1
    1 2539  346  125 30.0 58.0 1
    1  550  275    0 36.0 90.0 0
    1 1925   65    0 72.0 90.0 0
    1 1060  247  193 39.0 46.0 1
    1 2917  297   85 34.0 67.0 1
    1 2701   28   25 82.0 83.0 1
    1 2492  238    3 40.0 89.0 1
    1 2968  207    0 44.0 90.0 1
    1 3148   35    0 80.0 90.0 1
    1 3361  230    0 41.0 90.0 1
    1 1715  140   77 55.0 69.0 1
    1 2507   89    0 66.0 90.0 0
    1  801  247    0 39.0 90.0 0
    1  681  120   93 59.0 65.0 1
    1 2038   85    0 67.0 90.0 1
    1 2063  275  125 36.0 58.0 1
    1 2685  151    0 53.0 90.0 1
    1 3003  308    0 33.0 90.0 1
    1 2330  151    0 53.0 90.0 1
    1 2773   35    0 80.0 90.0 1
    1 2695   50    0 76.0 90.0 1
    1 1694  214   65 43.0 72.0 1
    1 1173   39    0 79.0 90.0 1
    1 1577   21   14 84.0 86.0 1
    1 3348  265  125 37.0 58.0 1
    1 3452   50    0 76.0 90.0 1
    1 2579  111   77 61.0 69.0 1
    1 1143   43   25 78.0 83.0 1
    1 3210  140  111 55.0 61.0 0
    1  573   39    0 79.0 90.0 1
    1  346   77   65 69.0 72.0 1
    1 2994  230  106 41.0 62.0 0
    1 1530  111   85 61.0 67.0 1
    1 2712  238  174 40.0 49.0 1
    1 3551  207   93 44.0 65.0 1
    1 3600   81   35 68.0 80.0 0
    1 2772  120   54 59.0 75.0 1
    1 1828  333  168 31.0 50.0 0
    1  419  140   21 55.0 84.0 1
    1 1750  275   14 36.0 86.0 1
    1 3579  174  106 49.0 62.0 1
    1 2639  115    0 60.0 90.0 1
    1 1379  346  207 30.0 44.0 1
    1 1959  180   65 48.0 72.0 1
    1 2121   39    0 79.0 90.0 0
    1 1384  207    0 44.0 90.0 1
    1 3013  106   21 62.0 84.0 1
    1 1043  111   85 61.0 67.0 1
    1 2853  297    0 34.0 90.0 1
    1  623  102    7 63.0 88.0 1
    1 1108  256  106 38.0 62.0 1
    1  690  162   35 51.0 80.0 1
    1 2313   17    0 85.0 90.0 1
    1 1738   61   28 73.0 82.0 1
    1 1646  174   10 49.0 87.0 1
    1 1741  168   28 50.0 82.0 1
    1 1958  120   57 59.0 74.0 1
    1 1363   69   61 71.0 73.0 1
    1 3069  162   35 51.0 80.0 1
    1 3227  156    0 52.0 90.0 1
    1 2489  247  162 39.0 51.0 1
    1 3151   25    0 83.0 90.0 1
    1 2090  193    3 46.0 89.0 1
    1 1393   50   10 76.0 87.0 1
    1 2706  265  168 37.0 50.0 1
    1 2505  140   65 55.0 72.0 1
    1 1179  230  120 41.0 59.0 1
    1 2265  111   98 61.0 64.0 1
    1 1006  200   61 45.0 73.0 1
    1  579  180   25 48.0 83.0 1
    1 3474  320    0 32.0 90.0 1
    1  892  222    0 42.0 90.0 1
    1 2844  265   35 37.0 80.0 1
    1  385   61    0 73.0 90.0 0
    1 1682  238   85 40.0 67.0 0
    1 3141  214   39 43.0 79.0 1
    1 3523  200    0 45.0 90.0 1
    1  913  162   57 51.0 74.0 1
    1 2943   43   39 78.0 79.0 1
    1 3476  238   10 40.0 87.0 1
    1  829  207   28 44.0 82.0 1
    1  798   21    0 84.0 90.0 1
    1  679  180    0 48.0 90.0 1
    1 2363  320  256 32.0 38.0 1
    1 1086   28    0 82.0 90.0 1
    1  966   85   73 67.0 70.0 1
    1 1402  156    0 52.0 90.0 1
    1 1698  115   69 60.0 71.0 1
    1 1657   65    7 72.0 88.0 1
    1 1916   61   54 73.0 75.0 1
    1 3593  275  238 36.0 40.0 1
    1 2902  187  174 47.0 49.0 1
    1 2514   73    0 70.0 90.0 1
    1 2070  286  174 35.0 49.0 1
    1  441  140   65 55.0 72.0 1
    1 2236  168  125 50.0 58.0 1
    1 3511   35    0 80.0 90.0 1
    1 3225  187   32 47.0 81.0 0
    1 1117   39    0 79.0 90.0 1
    1  592  145    0 54.0 90.0 1
    1 1587  238   93 40.0 65.0 1
    1 1815  275  115 36.0 60.0 1
    1 3534   81   21 68.0 84.0 1
    1 3239  214   85 43.0 67.0 1
    1 1806  151   17 53.0 85.0 1
    1 1179  174   69 49.0 71.0 1
    1 1241  286  140 35.0 55.0 1
    1  961  247   85 39.0 67.0 1
    1 2405  214  180 43.0 48.0 1
    1 2220  115   69 60.0 71.0 1
    1 1890   81   10 68.0 87.0 1
    1 1076  193    0 46.0 90.0 1
    1 1819  193   57 46.0 74.0 1
    1 1797  200    0 45.0 90.0 1
    1  417   69   65 71.0 72.0 1
    1  382   39   21 79.0 84.0 1
    1  957   17    0 85.0 90.0 1
    1 1661  286   54 35.0 75.0 1
    1 1952  214   73 43.0 70.0 1
    1 1767  174  151 49.0 53.0 1
    1  805   25    0 83.0 90.0 1
    1 2599  247  200 39.0 45.0 1
    1 2254  130    0 57.0 90.0 1
    1 2289  222  111 42.0 61.0 1
    1 2705   32    0 81.0 90.0 0
    1 2716  130    0 57.0 90.0 1
    1 1940  320  180 32.0 48.0 1
    1 2240   98   32 64.0 81.0 1
    1 3199   81    0 68.0 90.0 1
    1 3271  286  111 35.0 61.0 1
    1 1961  286   43 35.0 78.0 1
    1 3067  346  222 30.0 42.0 1
    1 1033  151   43 53.0 78.0 1
    1 1966   61   43 73.0 78.0 1
    1 1807   61    0 73.0 90.0 1
    1 2406   61    0 73.0 90.0 1
    1 1719   77   25 69.0 83.0 1
    1 2826  256   43 38.0 78.0 1
    1 1637  168   65 50.0 72.0 1
    1  868  346    0 30.0 90.0 1
    1 1371  333    7 31.0 88.0 1
    1 1993  180  140 48.0 55.0 1
    1  936  200   46 45.0 77.0 1
    1 2489   81    0 68.0 90.0 1
    1 3479   85   28 67.0 82.0 1
    1 2297  162    0 51.0 90.0 1
    1 1048  214    0 43.0 90.0 1
    1 1220  346    0 30.0 90.0 0
    1 2341  286    0 35.0 90.0 1
    1 2461   98   14 64.0 86.0 1
    1  611   93    0 65.0 90.0 1
    1 1505  120   35 59.0 80.0 1
    1 3546  286  214 35.0 43.0 1
    1 1778  193   50 46.0 76.0 1
    1 3345  308  156 33.0 52.0 1
    1 2001   93   39 65.0 79.0 1
    1 1817  286  214 35.0 43.0 0
    1  647  168   46 50.0 77.0 1
    1 3585   77   65 69.0 72.0 1
    1  724  174   93 49.0 65.0 1
