 300 300 300 126
    1 1748  193   25 46.0 83.0 1
    1 2338   93   43 65.0 78.0 1
    1  523   81    0 68.0 90.0 1
    1 1699  168   46 50.0 77.0 1
    1 2211   81   69 68.0 71.0 1
    1  332   50   32 76.0 81.0 1
    1 2097  187   77 47.0 69.0 1
    1  660   43    0 78.0 90.0 1
    1 2003  297  193 34.0 46.0 1
    1  481  102    0 63.0 90.0 0
    1 2901  120  106 59.0 62.0 1
    1 2423  346  193 30.0 46.0 1
    1 2810  320    0 32.0 90.0 1
    1 2584  162   61 51.0 73.0 1
    1  853   28   14 82.0 86.0 1
    1 1771  200  156 45.0 52.0 0
    1  947   54   32 75.0 81.0 1
    1 3267  200   93 45.0 65.0 1
    1 1055  193    0 46.0 90.0 1
    1 3141   28    7 82.0 88.0 0
    1 1898  162  130 51.0 57.0 1
    1 2334   57    3 74.0 89.0 1
    1 3417  106   25 62.0 83.0 1
    1  472  230    0 41.0 90.0 1
    1 2500  145  125 54.0 58.0 0
    1 1086  286  102 35.0 63.0 1
    1  572  162   98 51.0 64.0 1
    1 1596  193   85 46.0 67.0 1
    1 2182   54   25 75.0 83.0 1
    1 2523   93   21 65.0 84.0 0
    1 2319  180   32 48.0 81.0 1
    1 2713  187    0 47.0 90.0 1
    1 3141  193  168 46.0 50.0 1
    1 3167  333  320 31.0 32.0 0
    1 1454  256   43 38.0 78.0 1
    1 2401   98   50 64.0 76.0 1
    1 2546   46   25 77.0 83.0 0
    1 1198  333   54 31.0 75.0 1
    1 3426   17    0 85.0 90.0 0
    1  548  111    0 61.0 90.0 1
    1 1668  115   98 60.0 64.0 1
    1 3073   21    0 84.0 90.0 1
    1 2767  265  125 37.0 58.0 1
    1 3418  247   43 39.0 78.0 1
    1  906   73    0 70.0 90.0 1
    1 3470  151  135 53.0 56.0 1
    1  653  168    0 50.0 90.0 1
    1 3292   28    0 82.0 90.0 1
    1 1415  200    0 45.0 90.0 0
    1 1283  151    0 53.0 90.0 1
    1  429   39   28 79.0 82.0 1
    1 2950  106    0 62.0 90.0 0
    1 1543  308    0 33.0 90.0 1
    1 1115  200  140 45.0 55.0 0
    1 1962    3    0 89.0 90.0 1
    1 2229  286  256 35.0 38.0 1
    1 1973   14    0 86.0 90.0 1
    1 2756  200  156 45.0 52.0 1
    1  943   69    0 71.0 90.0 0
    1 2213  222  207 42.0 44.0 1
    1 1253  135    0 56.0 90.0 1
    1 3357  214    0 43.0 90.0 1
    1 1665   50   17 76.0 85.0 1
    1 1542  238   43 40.0 78.0 1
    1 3156  247  222 39.0 42.0 1
    1 1753  145   50 54.0 76.0 1
    1 2169   28    0 82.0 90.0 1
    1 1023  111   50 61.0 76.0 1
    1 2622  320  111 32.0 61.0 1
    1 3375  125    0 58.0 90.0 1
    1 3335  111    0 61.0 90.0 1
    1 2560  247  130 39.0 57.0 1
    1  718  200    0 45.0 90.0 1
    1  952  320   28 32.0 82.0 1
    1  682  174   25 49.0 83.0 1
    1 1435  187   98 47.0 64.0 1
    1 3542  297  111 34.0 61.0 1
    1 2527  286    0 35.0 90.0 1
    1 2754  297   50 34.0 76.0 1
    1 1154  193  187 46.0 47.0 1
    1 3391  265   17 37.0 85.0 1
    1 1756  193  140 46.0 55.0 0
    1 3139  125    0 58.0 90.0 1
    1  700   93   14 65.0 86.0 1
    1 3355  111   69 61.0 71.0 1
    1 1933   14    0 86.0 90.0 1
    1 2899  125    0 58.0 90.0 1
    1 1236  130   10 57.0 87.0 1
    1 2240  320   32 32.0 81.0 1
    1 2308  346   65 30.0 72.0 1
    1  769   46    0 77.0 90.0 0
    1 3135  256    0 38.0 90.0 1
    1 3261   54   10 75.0 87.0 1
    1 3369  174   81 49.0 68.0 1
    1 1961  140   54 55.0 75.0 1
    1 1539  200   57 45.0 74.0 1
    1 2460  238  111 40.0 61.0 1
    1  538  187    0 47.0 90.0 1
    1 2297  125    0 58.0 90.0 1
    1 1161  238  180 40.0 48.0 1
    1  637  145   54 54.0 75.0 1
    1 1622  162    0 51.0 90.0 1
    1  496   32    0 81.0 90.0 1
    1 2770  140   93 55.0 65.0 1
    1 3240   35    3 80.0 89.0 1
    1 1787  333    0 31.0 90.0 1
    1 2190    7    0 88.0 90.0 1
    1 2688  145   25 54.0 83.0 1
    1  978   93    3 65.0 89.0 1
    1 2925  214    0 43.0 90.0 1
    1 1683  320    0 32.0 90.0 1
    1  437   98   77 64.0 69.0 0
    1 2049  125    0 58.0 90.0 1
    1 2539   32    0 81.0 90.0 1
    1  868  193    0 46.0 90.0 1
    1 3280   93   32 65.0 81.0 0
    1  619   46   21 77.0 84.0 1
    1 2178   98   46 64.0 77.0 1
    1 3010  308   85 33.0 67.0 1
    1 3487  168   98 50.0 64.0 1
    1  434  130    0 57.0 90.0 1
    1 2358  135  120 56.0 59.0 1
    1 1922  256  162 38.0 51.0 1
    1 1307  120   17 59.0 85.0 1
    1 1361  247    0 39.0 90.0 1
    1 3561  200  187 45.0 47.0 1
    1 2638  333  145 31.0 54.0 1
    1 3470   32    0 81.0 90.0 1
    1 3421  286  145 35.0 54.0 1
    1 2854  346  102 30.0 63.0 1
    1 2438  135    0 56.0 90.0 1
    1 2297  120    0 59.0 90.0 1
    1  868   39   39 79.0 79.0 1
    1 2671  106    0 62.0 90.0 1
    1 2405  187    0 47.0 90.0 1
    1 3089  174   28 49.0 82.0 1
    1 2974  111    0 61.0 90.0 1
    1 2052  130   10 57.0 87.0 1
    1  771  135    0 56.0 90.0 1
    1 2895  125    0 58.0 90.0 1
    1 1617   69    0 71.0 90.0 1
    1 1294  193    7 46.0 88.0 1
    1  547  111    0 61.0 90.0 1
    1 3545  151    0 53.0 90.0 1
    1 3359  238  135 40.0 56.0 1
    1 2783   43    0 78.0 90.0 0
    1 2102  230    0 41.0 90.0 1
    1 1958  247    0 39.0 90.0 1
    1 2635  120   17 59.0 85.0 1
    1 2246  308  180 33.0 48.0 1
    1 2425  111   28 61.0 82.0 1
    1 2398  115    0 60.0 90.0 1
    1  661   73   65 70.0 72.0 1
    1 2450  145    0 54.0 90.0 1
    1 2040   81    0 68.0 90.0 1
    1 2791   98    3 64.0 89.0 1
    1 1569  111   50 61.0 76.0 1
    1 3446  168  145 50.0 54.0 1
    1 2248  346    0 30.0 90.0 1
    1 1946  187    0 47.0 90.0 1
    1 3094  207   89 44.0 66.0 1
    1 1455  156   39 52.0 79.0 1
    1  947   93    0 65.0 90.0 1
    1 2761   46    0 77.0 90.0 1
    1 2326  200  174 45.0 49.0 1
    1 2824   21    0 84.0 90.0 1
    1 1917   81   17 68.0 85.0 1
    1 1515  214   89 43.0 66.0 1
    1 3537  333  145 31.0 54.0 1
    1 3164  174  151 49.0 53.0 1
    1 2881   57   32 74.0 81.0 0
    1 2066  333   43 31.0 78.0 1
    1  415   35    0 80.0 90.0 1
    1 2474  214   17 43.0 85.0 1
    1 2612  140   50 55.0 76.0 1
    1 2831  346    0 30.0 90.0 1
    1 3516  145  111 54.0 61.0 1
    1 2803  140  125 55.0 58.0 1
    1 1350  230   32 41.0 81.0 1
    1 1916   93   54 65.0 75.0 1
    1  496  140   43 55.0 78.0 1
    1  637  187    0 47.0 90.0 1
    1 2503  207    0 44.0 90.0 1
    1  673  247   57 39.0 74.0 1
    1 1270  162   57 51.0 74.0 1
    1 1788  256    0 38.0 90.0 1
    1 2958  222   69 42.0 71.0 1
    1 2819   39    0 79.0 90.0 1
    1 2985   57    0 74.0 90.0 1
    1 1882  333  265 31.0 37.0 1
    1 2068   39    0 79.0 90.0 1
    1  413   85   73 67.0 70.0 0
    1 3454  265  193 37.0 46.0 1
    1 1790  115    0 60.0 90.0 1
    1 2906  135    0 56.0 90.0 1
    1 3226  168   46 50.0 77.0 1
    1 1784  187    0 47.0 90.0 1
    1 2210  320  180 32.0 48.0 1
    1  976  308  180 33.0 48.0 1
    1  775  286    0 35.0 90.0 1
    1 3028  193    0 46.0 90.0 1
    1 3246  115    0 60.0 90.0 1
    1 1628   65   39 72.0 79.0 1
    1  987  275    7 36.0 88.0 1
    1 1330  193   14 46.0 86.0 1
    1  770  125    0 58.0 90.0 0
    1 3409   54    3 75.0 89.0 1
    1  675   43    0 78.0 90.0 1
    1 2384   50    0 76.0 90.0 1
    1 1144  180   98 48.0 64.0 1
    1 2493   57    0 74.0 90.0 1
    1 3231   85   32 67.0 81.0 1
    1 1158  151  120 53.0 59.0 1
    1 2574  308    0 33.0 90.0 1
    1  667   32    0 81.0 90.0 1
    1 2628   50   25 76.0 83.0 1
    1 2691  222   69 42.0 71.0 1
    1 1307  180    0 48.0 90.0 1
    1 3425  151    0 53.0 90.0 0
    1 2646  168   50 50.0 76.0 1
    1 2382  180    0 48.0 90.0 1
    1 1506  207    0 44.0 90.0 1
    1  538  151   17 53.0 85.0 1
    1 3131  275   69 36.0 71.0 1
    1 1887  140   61 55.0 73.0 1
    1  581   39    0 79.0 90.0 0
    1 1508   98    0 64.0 90.0 1
    1  909  238   32 40.0 81.0 0
    1 2533  102    0 63.0 90.0 1
    1 3333  174    0 49.0 90.0 0
    1 3053  308    0 33.0 90.0 1
    1  660  106    3 62.0 89.0 0
    1 2298  256    0 38.0 90.0 1
    1 3443  151   32 53.0 81.0 0
    1 1009  187    0 47.0 90.0 1
    1  872  275   10 36.0 87.0 1
    1 2002  286  180 35.0 48.0 1
    1 3069  115    0 60.0 90.0 1
    1 1628  214    0 43.0 90.0 0
    1  974  207   21 44.0 84.0 1
    1 3109  275  115 36.0 60.0 1
    1 2855  115   35 60.0 80.0 1
    1 2521  230    0 41.0 90.0 1
    1 2307  256   85 38.0 67.0 0
    1 1647   28    0 82.0 90.0 1
    1 2490   46   14 77.0 86.0 1
    1 3486  238   32 40.0 81.0 1
    1 1653  320   10 32.0 87.0 1
    1 3281  120    0 59.0 90.0 1
    1 2159  230   21 41.0 84.0 1
    1 3444  256    0 38.0 90.0 1
    1 1494  200   93 45.0 65.0 1
    1  827   89    0 66.0 90.0 1
    1 2887  180    0 48.0 90.0 1
    1  720  320    0 32.0 90.0 0
    1  691  214  130 43.0 57.0 1
    1 1266  230    0 41.0 90.0 0
    1  435  125    0 58.0 90.0 1
    1 1715  145   14 54.0 86.0 0
    1  604  120  102 59.0 63.0 1
    1 2272   43   35 78.0 80.0 0
    1  614  275    0 36.0 90.0 1
    1 3576  162    0 51.0 90.0 1
    1  722   39   21 79.0 84.0 1
    1 1858  275  156 36.0 52.0 0
    1 1555   54    0 75.0 90.0 1
    1  882  230   69 41.0 71.0 1
    1 1559  320  135 32.0 56.0 1
    1 2873   81    0 68.0 90.0 1
    1  606  200   32 45.0 81.0 1
    1 2807  346   85 30.0 67.0 1
    1  936  222    0 42.0 90.0 1
    1 2308   98   57 64.0 74.0 1
    1  969  265   39 37.0 79.0 1
    1 1505   81   77 68.0 69.0 1
    1 3561  162  135 51.0 56.0 1
    1 3521   28    0 82.0 90.0 1
    1 1779  125    0 58.0 90.0 1
    1 2313  320   54 32.0 75.0 1
    1 2799  145  102 54.0 63.0 0
    1 1324   61    0 73.0 90.0 1
    1 2095  125   81 58.0 68.0 1
    1 2657  346  333 30.0 31.0 0
    1  540  115    0 60.0 90.0 1
    1 1923  200    7 45.0 88.0 1
    1 3567   57   25 74.0 83.0 1
    1 3152  162    0 51.0 90.0 1
    1 3328   54   35 75.0 80.0 1
    1 3047  238    0 40.0 90.0 1
    1  613  151    3 53.0 89.0 1
    1 3529  256   85 38.0 67.0 1
    1  614  297   10 34.0 87.0 1
    1 1142  286  222 35.0 42.0 1
    1 3259  193   28 46.0 82.0 1
    1 2428  102   61 63.0 73.0 1
    1 2812  125    0 58.0 90.0 1
    1 2767   81    0 68.0 90.0 1
    1 2615  297    3 34.0 89.0 1
    1 2701  320  308 32.0 33.0 1
    1 2964  265  130 37.0 57.0 1
