 300 300 300 126
    1 2749   28    0 82.0 90.0 1
    1 1030   77    0 69.0 90.0 1
    1 1440  111    0 61.0 90.0 1
    1  727   50   21 76.0 84.0 0
    1 3448  214    0 43.0 90.0 1
    1 3574  308   57 33.0 74.0 1
    1 1919  207   14 44.0 86.0 1
    1 2598   77   69 69.0 71.0 1
    1 2103   17    0 85.0 90.0 1
    1 1671  207   61 44.0 73.0 1
    1 1803  120    3 59.0 89.0 1
    1 2956  115    0 60.0 90.0 1
    1 2259   98    0 64.0 90.0 1
    1 3320   54   43 75.0 78.0 1
    1  354   98    0 64.0 90.0 1
    1 1243  102   14 63.0 86.0 0
    1 1777   93    0 65.0 90.0 1
    1 1827   85    0 67.0 90.0 1
    1 2981   81    0 68.0 90.0 1
    1 3595   93   69 65.0 71.0 1
    1 2575  333  333 31.0 31.0 0
    1 2217  151   17 53.0 85.0 1
    1 2264   46    0 77.0 90.0 1
    1 2338   93   69 65.0 71.0 1
    1 2851   93   39 65.0 79.0 1
    1 3205  308  275 33.0 36.0 0
    1  991   54    0 75.0 90.0 1
    1 2683  214   81 43.0 68.0 1
    1 3400  286  168 35.0 50.0 1
    1 1303  120   46 59.0 77.0 1
    1 1454   85    0 67.0 90.0 0
    1 3341  320    0 32.0 90.0 1
    1 1236   85    0 67.0 90.0 0
    1 1199   28    0 82.0 90.0 1
    1 2752  145    0 54.0 90.0 1
    1 1766  320   98 32.0 64.0 1
    1 2970  102   21 63.0 84.0 1
    1 1846  214   65 43.0 72.0 1
    1 2800   61    0 73.0 90.0 1
    1  793  102    0 63.0 90.0 1
    1 1687   46    7 77.0 88.0 1
    1  544   21    0 84.0 90.0 1
    1  324    3    0 89.0 90.0 1
    1  714  214    0 43.0 90.0 1
    1 2813  320  168 32.0 50.0 1
    1  680  156  125 52.0 58.0 1
    1 2695  265  162 37.0 51.0 1
    1 1610   21    0 84.0 90.0 1
    1 3153   35    7 80.0 88.0 1
    1 1562  214   93 43.0 65.0 1
    1 3149   93    0 65.0 90.0 0
    1 1249  297    0 34.0 90.0 1
    1 2965   69    0 71.0 90.0 1
    1 3197  320   46 32.0 77.0 1
    1  371   81    0 68.0 90.0 1
    1 3074  207    0 44.0 90.0 1
    1 1744  145   77 54.0 69.0 0
    1 1382  308   14 33.0 86.0 0
    1 3557   89    0 66.0 90.0 1
    1 3123  200  125 45.0 58.0 1
    1 1545   81   21 68.0 84.0 1
    1 1540  265   10 37.0 87.0 1
    1  863  214  200 43.0 45.0 1
    1 3564  238  156 40.0 52.0 1
    1 3060   89   65 66.0 72.0 1
    1  699  162  156 51.0 52.0 1
    1  537  135   50 56.0 76.0 1
    1  760  120   39 59.0 79.0 1
    1  480    3    0 89.0 90.0 1
    1 2126  346   65 30.0 72.0 1
    1  941  174  125 49.0 58.0 1
    1 2969  145   25 54.0 83.0 1
    1 1242  256   17 38.0 85.0 1
    1 2010   73   54 70.0 75.0 0
    1 1227  187   46 47.0 77.0 0
    1 2961  275    0 36.0 90.0 1
    1 1113  286   93 35.0 65.0 1
    1 1972   43    0 78.0 90.0 1
    1  792  174    3 49.0 89.0 1
    1  643  120    0 59.0 90.0 1
    1 3373  130   14 57.0 86.0 1
    1 3326  174  106 49.0 62.0 1
    1 1924  247  156 39.0 52.0 1
    1  902  320   77 32.0 69.0 1
    1 1567   93   54 65.0 75.0 1
    1 1302  297    0 34.0 90.0 1
    1  373   61   61 73.0 73.0 1
    1  307    3    0 89.0 90.0 1
    1  432  111    0 61.0 90.0 1
    1 1687  308   73 33.0 70.0 1
    1  305   46    0 77.0 90.0 1
    1 1032   89    0 66.0 90.0 1
    1 2288  156    0 52.0 90.0 1
    1 2124  125   98 58.0 64.0 1
    1 1119  265   54 37.0 75.0 1
    1  964  297   25 34.0 83.0 1
    1 3565  333  286 31.0 35.0 1
    1  842  200   46 45.0 77.0 0
    1 1940   43   14 78.0 86.0 1
    1 1955  308  120 33.0 59.0 1
    1 3213  162  135 51.0 56.0 0
    1 1072  256   85 38.0 67.0 1
    1 3129  180  140 48.0 55.0 1
    1  686   35    0 80.0 90.0 1
    1 3400  207    0 44.0 90.0 0
    1 3522  106   65 62.0 72.0 1
    1 2908  222  135 42.0 56.0 1
    1 3086  207   10 44.0 87.0 1
    1 3600  247   35 39.0 80.0 1
    1  924   54    0 75.0 90.0 1
    1  360   73    0 70.0 90.0 1
    1 2518  275  102 36.0 63.0 1
    1 3187  297    0 34.0 90.0 1
    1 1861  156  120 52.0 59.0 1
    1 2660   43   21 78.0 84.0 1
    1 1819   57    0 74.0 90.0 1
    1 2019  140    0 55.0 90.0 1
    1 2183   85    0 67.0 90.0 1
    1  495  120   93 59.0 65.0 1
    1  454  214    7 43.0 88.0 1
    1 2895  230  135 41.0 56.0 1
    1 2826  120   57 59.0 74.0 1
    1  940  275    0 36.0 90.0 1
    1 2713  187    0 47.0 90.0 1
    1 1915   35   17 80.0 85.0 1
    1 1737  151    0 53.0 90.0 1
    1  705   93   35 65.0 80.0 1
    1  716  286    0 35.0 90.0 1
    1 1414   35    0 80.0 90.0 1
    1 1931  162    0 51.0 90.0 1
    1 1181   93   69 65.0 71.0 1
    1  781   85    0 67.0 90.0 1
    1 1464  193   39 46.0 79.0 1
    1  393   46    0 77.0 90.0 1
    1 1994  214  200 43.0 45.0 1
    1 1486   61    0 73.0 90.0 0
    1 2463    3    0 89.0 90.0 1
    1 1876  145  120 54.0 59.0 1
    1 3312  140  120 55.0 59.0 1
    1  505  180    0 48.0 90.0 1
    1  890  120   14 59.0 86.0 1
    1 2848  297   69 34.0 71.0 1
    1 1188  247    0 39.0 90.0 1
    1 3553  265   69 37.0 71.0 1
    1 3062   35   21 80.0 84.0 1
    1 1266  275   28 36.0 82.0 1
    1  569   50    0 76.0 90.0 0
    1 1725  125    0 58.0 90.0 1
    1 3129  265  102 37.0 63.0 1
    1 3133  135  111 56.0 61.0 1
    1 2674  238  174 40.0 49.0 0
    1 1474   69   35 71.0 80.0 0
    1 1360  106    0 62.0 90.0 1
    1 2204   73    0 70.0 90.0 1
    1 2449  333  174 31.0 49.0 1
    1 2750  193    0 46.0 90.0 1
    1  571  200    0 45.0 90.0 1
    1  501  111    0 61.0 90.0 1
    1 3000  256   39 38.0 79.0 1
    1 1697  297   93 34.0 65.0 1
    1 1320  256    0 38.0 90.0 1
    1 3231   21    0 84.0 90.0 1
    1 3161  346   54 30.0 75.0 1
    1 2499  162   85 51.0 67.0 1
    1  853  130   39 57.0 79.0 1
    1 3444  135   25 56.0 83.0 1
    1  468  111   25 61.0 83.0 1
    1 3502  320  200 32.0 45.0 1
    1 1488   77    0 69.0 90.0 1
    1  489   28    0 82.0 90.0 1
    1 2915  238    3 40.0 89.0 1
    1 1729   39    0 79.0 90.0 1
    1 2702  286   85 35.0 67.0 1
    1 3178  193   69 46.0 71.0 1
    1  844  115   69 60.0 71.0 0
    1 1355  200  106 45.0 62.0 1
    1 1310   98    0 64.0 90.0 1
    1 2294  180    0 48.0 90.0 1
    1 3511  168  115 50.0 60.0 1
    1 1175  247    7 39.0 88.0 1
    1 2733  230    0 41.0 90.0 0
    1  316  120   21 59.0 84.0 0
    1 3060  346  222 30.0 42.0 1
    1  833  308    0 33.0 90.0 0
    1 1096  238   50 40.0 76.0 1
    1 1128  207   46 44.0 77.0 1
    1 2172  256    0 38.0 90.0 1
    1 2687  222   98 42.0 64.0 1
    1 3364   21    0 84.0 90.0 1
    1 2291  174   77 49.0 69.0 1
    1 2807   21    0 84.0 90.0 0
    1 1843  207  111 44.0 61.0 1
    1 3495  102    0 63.0 90.0 1
    1  497   85    0 67.0 90.0 0
    1  608   73    0 70.0 90.0 1
    1 2298   54    0 75.0 90.0 1
    1  877  256  162 38.0 51.0 1
    1  796  214    7 43.0 88.0 1
    1  992  247  111 39.0 61.0 1
    1 2547  308    0 33.0 90.0 1
    1 1264  238  174 40.0 49.0 1
    1  523   28    7 82.0 88.0 1
    1  433   89   61 66.0 73.0 1
    1 1325  200    3 45.0 89.0 1
    1 1099  102   57 63.0 74.0 0
    1 1113  174   54 49.0 75.0 1
    1 2064  297  207 34.0 44.0 0
    1 1886   81    0 68.0 90.0 1
    1 2590   54   35 75.0 80.0 1
    1 3501  238   25 40.0 83.0 1
    1 3553  320   14 32.0 86.0 1
    1  558  200   69 45.0 71.0 1
    1 1198  275   43 36.0 78.0 1
    1 2612  200   25 45.0 83.0 1
    1 2830  168   39 50.0 79.0 1
    1 3501  222    0 42.0 90.0 1
    1 1566  187  111 47.0 61.0 1
    1 1220  180   43 48.0 78.0 1
    1 3217  333  111 31.0 61.0 0
    1 2094   14    0 86.0 90.0 1
    1 3598  111    0 61.0 90.0 1
    1 1875  275  230 36.0 41.0 1
    1 1908   85   25 67.0 83.0 1
    1 2310   89    0 66.0 90.0 1
    1 1472  111    0 61.0 90.0 0
    1 2645  346  297 30.0 34.0 1
    1 2884  297    0 34.0 90.0 1
    1 2539   54   35 75.0 80.0 1
    1 2756  115   61 60.0 73.0 1
    1 2885   46    0 77.0 90.0 1
    1 2223  297   32 34.0 81.0 1
    1  970   89   57 66.0 74.0 1
    1 1878  193   35 46.0 80.0 1
    1 1183  286  207 35.0 44.0 1
    1  717   14    3 86.0 89.0 0
    1 1903  180    0 48.0 90.0 1
    1 3558   65    0 72.0 90.0 1
    1  470  106    7 62.0 88.0 1
    1 1905  187   10 47.0 87.0 1
    1 3322  120   54 59.0 75.0 1
    1 2498  135  111 56.0 61.0 1
    1 1038  346    0 30.0 90.0 1
    1 1664   77    0 69.0 90.0 1
    1 3420  187   50 47.0 76.0 1
    1 3035  180   21 48.0 84.0 1
    1 3526  151   28 53.0 82.0 1
    1 1592   93   81 65.0 68.0 1
    1 1802  214    0 43.0 90.0 1
    1  427  162    0 51.0 90.0 1
    1 1163  256   21 38.0 84.0 1
    1 3210  247  200 39.0 45.0 1
    1 1873  115    7 60.0 88.0 1
    1 1521  333   57 31.0 74.0 1
    1 3372  151  102 53.0 63.0 1
    1 3290  120    0 59.0 90.0 1
    1 2131  346   77 30.0 69.0 1
    1 2050   17    0 85.0 90.0 1
    1  676  145  111 54.0 61.0 1
    1 1027  106    0 62.0 90.0 1
    1 1590  297  193 34.0 46.0 1
    1 2163  187   43 47.0 78.0 1
    1 3329  214    7 43.0 88.0 1
    1 1326   73   65 70.0 72.0 1
    1 2498   89    0 66.0 90.0 1
    1 3501   57   25 74.0 83.0 1
    1  733  168   81 50.0 68.0 1
    1 3029   85   35 67.0 80.0 1
    1 1495  275    0 36.0 90.0 1
    1 2127   77    0 69.0 90.0 0
    1  491  102   32 63.0 81.0 1
    1 1196  207    0 44.0 90.0 1
    1  983  297    0 34.0 90.0 1
    1 3287  286   21 35.0 84.0 1
    1  999  168    0 50.0 90.0 1
    1  546  174   25 49.0 83.0 1
    1 3399  275    0 36.0 90.0 1
    1 1902  265   28 37.0 82.0 1
    1 3146   61    0 73.0 90.0 0
    1 1016  145  120 54.0 59.0 1
    1 2607   77    0 69.0 90.0 1
    1 3401  207   73 44.0 70.0 1
    1 3023  187    0 47.0 90.0 1
    1 1496  333  106 31.0 62.0 1
    1 3529  308  156 33.0 52.0 1
    1 2647   28    0 82.0 90.0 1
    1 2823   35    7 80.0 88.0 0
    1 1267  200    7 45.0 88.0 1
    1 3584  346    0 30.0 90.0 1
    1 3235  320   35 32.0 80.0 1
    1 2241   10    0 87.0 90.0 1
    1 2613  207  151 44.0 53.0 1
    1 3499  125    0 58.0 90.0 1
    1 2668  320  180 32.0 48.0 1
    1 2577  275    0 36.0 90.0 1
    1 3361   54    0 75.0 90.0 1
    1 2735   77    3 69.0 89.0 1
    1 1567   54    0 75.0 90.0 1
    1 2453   28    0 82.0 90.0 1
    1  466   77   69 69.0 71.0 1
    1 2832  230    0 41.0 90.0 1
