 300 300 300 126
    1 2172  120   25 59.0 83.0 1
    1 3413   28    0 82.0 90.0 1
    1 1818  140  106 55.0 62.0 1
    1  574  140    7 55.0 88.0 1
    1 2447  135    3 56.0 89.0 1
    1 3038   81    0 68.0 90.0 1
    1  493  135   14 56.0 86.0 1
    1  354  151    0 53.0 90.0 1
    1 1223   32   17 81.0 85.0 1
    1 3259  130    0 57.0 90.0 1
    1 2070  320  111 32.0 61.0 0
    1 1550   61   28 73.0 82.0 1
    1 2494  265    0 37.0 90.0 1
    1 1725  346    0 30.0 90.0 1
    1 1064  230   10 41.0 87.0 1
    1 3317  145    0 54.0 90.0 0
    1 1363  187   28 47.0 82.0 1
    1  353   77    3 69.0 89.0 1
    1 2302   98   81 64.0 68.0 1
    1 3578  135    0 56.0 90.0 1
    1 2934  193    0 46.0 90.0 1
    1 1409  106    0 62.0 90.0 1
    1 1688  120   21 59.0 84.0 1
    1 1336  346  111 30.0 61.0 1
    1 3566  145   54 54.0 75.0 1
    1 3171   28    0 82.0 90.0 1
    1 2309  346   46 30.0 77.0 1
    1 3454  187    0 47.0 90.0 1
    1 1222  333  247 31.0 39.0 1
    1  471  187   39 47.0 79.0 1
    1 2586  275   25 36.0 83.0 0
    1 1928   65    0 72.0 90.0 1
    1 1432  145   93 54.0 65.0 1
    1 2167  168   14 50.0 86.0 1
    1 1717  346  275 30.0 36.0 1
    1 2766  106    0 62.0 90.0 1
    1  818  200    0 45.0 90.0 1
    1  875  120   85 59.0 67.0 1
    1  759    3    0 89.0 90.0 1
    1  349   39   28 79.0 82.0 1
    1  775  346   10 30.0 87.0 0
    1 2024  256    0 38.0 90.0 1
    1 2111  168    0 50.0 90.0 1
    1  867   89   28 66.0 82.0 1
    1 3534   65   39 72.0 79.0 1
    1 1777  168   43 50.0 78.0 1
    1  705    7    3 88.0 89.0 1
    1 2513  145  115 54.0 60.0 1
    1 3569  230  174 41.0 49.0 1
    1  807  174   10 49.0 87.0 1
    1 3451  320  102 32.0 63.0 1
    1 3302   77   46 69.0 77.0 1
    1 2686  111   57 61.0 74.0 0
    1 2979   89   35 66.0 80.0 1
    1 2976  140  102 55.0 63.0 1
    1  548   89    0 66.0 90.0 1
    1 2524    3    0 89.0 90.0 1
    1 3386  222    0 42.0 90.0 1
    1 1445  333   39 31.0 79.0 1
    1 1743  346   65 30.0 72.0 1
    1 1806  156  151 52.0 53.0 1
    1  850  111    0 61.0 90.0 1
    1  797  320    0 32.0 90.0 1
    1 3590  145  130 54.0 57.0 1
    1 2655  111   35 61.0 80.0 1
    1 2931  207   21 44.0 84.0 1
    1 1575   85    0 67.0 90.0 1
    1  398  180    0 48.0 90.0 1
    1 3104  168   50 50.0 76.0 1
    1 1902  275    0 36.0 90.0 1
    1 3140   32   25 81.0 83.0 1
    1  468  102    0 63.0 90.0 1
    1 2456  187   85 47.0 67.0 1
    1  863   57    0 74.0 90.0 1
    1 2585  145    3 54.0 89.0 1
    1 3114  140  102 55.0 63.0 1
    1 1945  333   50 31.0 76.0 1
    1 3483    3    0 89.0 90.0 1
    1 2988   35    3 80.0 89.0 1
    1  327   85   32 67.0 81.0 0
    1 2970  320   39 32.0 79.0 1
    1  953  222  151 42.0 53.0 1
    1 1480  193    3 46.0 89.0 1
    1 2577  156   93 52.0 65.0 1
    1 3080  174  151 49.0 53.0 1
    1 2592   17    7 85.0 88.0 1
    1  475  187   32 47.0 81.0 1
    1 2087  247  247 39.0 39.0 1
    1 2097  140  140 55.0 55.0 1
    1 1403  286   69 35.0 71.0 1
    1  964   21    0 84.0 90.0 0
    1 1651  125  120 58.0 59.0 1
    1 1217  106   21 62.0 84.0 1
    1 3427  111   39 61.0 79.0 1
    1 3343  308  151 33.0 53.0 1
    1 1725  222  214 42.0 43.0 1
    1 1035  102    0 63.0 90.0 1
    1 1752  265  168 37.0 50.0 1
    1 2625  200    0 45.0 90.0 0
    1  504   14    0 86.0 90.0 1
    1 1034  247   39 39.0 79.0 1
    1 1376   65    0 72.0 90.0 1
    1 2013  130   39 57.0 79.0 1
    1  645  275    0 36.0 90.0 1
    1 2905  168  106 50.0 62.0 1
    1 3114  174   57 49.0 74.0 1
    1  857  247   39 39.0 79.0 1
    1 1316  297    0 34.0 90.0 0
    1 3325  222  180 42.0 48.0 1
    1 2552  125   54 58.0 75.0 1
    1 1261  193  162 46.0 51.0 1
    1 2713   89   39 66.0 79.0 1
    1 2758   93    0 65.0 90.0 1
    1 1453  111   57 61.0 74.0 1
    1  321   85    0 67.0 90.0 1
    1 3072   69   61 71.0 73.0 1
    1 2106  256   17 38.0 85.0 1
    1 1656  265  193 37.0 46.0 1
    1 2574   39   21 79.0 84.0 1
    1 1981   89    3 66.0 89.0 1
    1 1141  346   50 30.0 76.0 1
    1  384   14    0 86.0 90.0 1
    1 3043  308  214 33.0 43.0 1
    1 2763  125   61 58.0 73.0 1
    1 3091  180    0 48.0 90.0 1
    1  375  102    3 63.0 89.0 1
    1 3346  320   46 32.0 77.0 1
    1 3115   50    0 76.0 90.0 0
    1 2922  308   46 33.0 77.0 1
    1 2147  207   28 44.0 82.0 1
    1 2549  180   17 48.0 85.0 1
    1  348   85    0 67.0 90.0 1
    1  685  111   54 61.0 75.0 0
    1 1403  214   25 43.0 83.0 1
    1 3240  135   10 56.0 87.0 1
    1 1160  286  230 35.0 41.0 1
    1 1404  346   39 30.0 79.0 1
    1 3564   65    0 72.0 90.0 1
    1 1130   98   61 64.0 73.0 1
    1 1927   69    0 71.0 90.0 1
    1 2131  346   46 30.0 77.0 1
    1 2292  222   85 42.0 67.0 1
    1  809  168   43 50.0 78.0 1
    1  374    3    0 89.0 90.0 1
    1 1780  151    0 53.0 90.0 1
    1 1187  247   35 39.0 80.0 1
    1 3193  286   43 35.0 78.0 1
    1  519  187    0 47.0 90.0 1
    1 3102  193    0 46.0 90.0 1
    1  373   98   57 64.0 74.0 0
    1  373   89    0 66.0 90.0 1
    1 1244  140  120 55.0 59.0 1
    1 1617  308    3 33.0 89.0 1
    1 2054  222  200 42.0 45.0 1
    1 3361  320    0 32.0 90.0 1
    1 3474  265    0 37.0 90.0 1
    1 2239  106    0 62.0 90.0 1
    1 1098  135   77 56.0 69.0 0
    1  816   14    3 86.0 89.0 1
    1 3310  125   61 58.0 73.0 1
    1 2406  162    0 51.0 90.0 1
    1 2517  275   69 36.0 71.0 0
    1  936   57    0 74.0 90.0 1
    1 3137  275  180 36.0 48.0 1
    1 3246  265    0 37.0 90.0 1
    1  593  102   46 63.0 77.0 1
    1 2996  111   61 61.0 73.0 0
    1 2177  214    0 43.0 90.0 0
    1 2489  222    0 42.0 90.0 0
    1  465  135   54 56.0 75.0 1
    1 2373  156  115 52.0 60.0 1
    1 3427  222  214 42.0 43.0 1
    1  521   89    0 66.0 90.0 0
    1 2528  102   50 63.0 76.0 1
    1 3017   77   61 69.0 73.0 1
    1 3514  106    0 62.0 90.0 0
    1 3411   93    0 65.0 90.0 1
    1 1405   85    3 67.0 89.0 1
    1 1510  174    0 49.0 90.0 1
    1 1094   14    7 86.0 88.0 1
    1 1536  238  207 40.0 44.0 1
    1 3092  193    0 46.0 90.0 1
    1 2981  275  187 36.0 47.0 1
    1 2107  145   98 54.0 64.0 1
    1 2988  145    0 54.0 90.0 1
    1 2375  320   28 32.0 82.0 1
    1  430   46    0 77.0 90.0 1
    1 2972  265   39 37.0 79.0 1
    1  830  256  125 38.0 58.0 1
    1 1740  125   98 58.0 64.0 1
    1  402  168    0 50.0 90.0 1
    1 3296  286   69 35.0 71.0 1
    1 3377  187  111 47.0 61.0 0
    1 1744  168   54 50.0 75.0 1
    1 3356  265  156 37.0 52.0 1
    1 1944  222    0 42.0 90.0 1
    1 2563   85   10 67.0 87.0 1
    1 1928   65   17 72.0 85.0 1
    1 1146   32   21 81.0 84.0 1
    1 1689   17    0 85.0 90.0 1
    1 3014    3    0 89.0 90.0 1
    1 2627   61   57 73.0 74.0 1
    1 3145  308    0 33.0 90.0 0
    1 2160  156   35 52.0 80.0 1
    1 1793  333   73 31.0 70.0 1
    1  866  333   43 31.0 78.0 0
    1 3143  320    0 32.0 90.0 1
    1  936  120    0 59.0 90.0 1
    1 3306  247   14 39.0 86.0 1
    1  637   32    0 81.0 90.0 1
    1 1542   65    0 72.0 90.0 1
    1 1289  193    0 46.0 90.0 1
    1 2167   65    7 72.0 88.0 0
    1 1830  187   73 47.0 70.0 1
    1 2804  102    0 63.0 90.0 1
    1  746  286   46 35.0 77.0 1
    1 2438  333    0 31.0 90.0 1
    1 3283   21    0 84.0 90.0 1
    1 2163  102   61 63.0 73.0 1
    1  382   32    0 81.0 90.0 1
    1 1854   98   39 64.0 79.0 1
    1  464   65   17 72.0 85.0 1
    1 1310  247   61 39.0 73.0 1
    1 1788  130   85 57.0 67.0 0
    1 2563   61    0 73.0 90.0 1
    1 1145   81    0 68.0 90.0 1
    1  765  111    0 61.0 90.0 1
    1 2913  162    0 51.0 90.0 0
    1  673  111   98 61.0 64.0 1
    1 3351  214  102 43.0 63.0 1
    1 2979  346   98 30.0 64.0 1
    1 1981  346   28 30.0 82.0 0
    1  596   93   14 65.0 86.0 1
    1 1178  180   61 48.0 73.0 1
    1 2057   39   32 79.0 81.0 1
    1  645  140  130 55.0 57.0 0
    1 2091  120   10 59.0 87.0 1
    1 2602  180   14 48.0 86.0 1
    1 1396   54    0 75.0 90.0 0
    1 2396  320    0 32.0 90.0 1
    1  527  135   25 56.0 83.0 1
    1 3290   93   43 65.0 78.0 1
    1 1219  135   25 56.0 83.0 1
    1 3231   17    0 85.0 90.0 1
    1 1597  346  102 30.0 63.0 1
    1  738  256    0 38.0 90.0 1
    1  470  156    0 52.0 90.0 1
    1  346   50    0 76.0 90.0 1
    1 2457  156    0 52.0 90.0 1
    1 1960  230   61 41.0 73.0 1
    1  665  214    3 43.0 89.0 1
    1 2542   17    0 85.0 90.0 1
    1 3009  207  102 44.0 63.0 1
    1 2508  130    0 57.0 90.0 1
    1 2890  214   98 43.0 64.0 1
    1 3152  275  222 36.0 42.0 0
    1 2746    3    0 89.0 90.0 1
    1 3386   93    0 65.0 90.0 0
    1 3084  265    0 37.0 90.0 1
    1  676   35    7 80.0 88.0 1
    1 2140  320   46 32.0 77.0 1
    1 1289  207   77 44.0 69.0 1
    1 1725  162    0 51.0 90.0 1
    1 2217  106   43 62.0 78.0 0
    1 2306   46   25 77.0 83.0 1
    1 2973  102    0 63.0 90.0 1
    1  921   98   69 64.0 71.0 1
    1 1206  297   73 34.0 70.0 1
    1 2214   81   32 68.0 81.0 1
    1 3490   17    0 85.0 90.0 1
    1 1962  247   57 39.0 74.0 1
    1 1068  193    0 46.0 90.0 1
    1 3201   57    0 74.0 90.0 0
    1 2443  115   89 60.0 66.0 1
    1 2417   32    0 81.0 90.0 1
    1 2846   50    0 76.0 90.0 1
    1 3154  346  140 30.0 55.0 1
    1 3567   89   28 66.0 82.0 1
    1  740  156  120 52.0 59.0 1
    1 2740   28    3 82.0 89.0 1
    1  482  135    0 56.0 90.0 1
    1 3049  214  214 43.0 43.0 1
    1  524  115   46 60.0 77.0 1
    1 1783   35   17 80.0 85.0 1
    1 2667  174   50 49.0 76.0 1
    1 2576   61    0 73.0 90.0 0
    1  609  111   14 61.0 86.0 1
    1 3436  222    0 42.0 90.0 1
    1 2509  193    0 46.0 90.0 1
    1 2658    3    0 89.0 90.0 1
    1 3523   14    0 86.0 90.0 1
    1 1613   17    3 85.0 89.0 0
    1  306   81   54 68.0 75.0 1
    1 2632  168    0 50.0 90.0 1
    1 2499  168    0 50.0 90.0 1
    1 3250  180   39 48.0 79.0 1
    1 2126  297    3 34.0 89.0 1
    1 1969  193   69 46.0 71.0 0
    1  462  168    0 50.0 90.0 1
    1  705   25   17 83.0 85.0 1
