 300 300 300 126
    1 1449  102   57 63.0 74.0 1
    1 1913   54    0 75.0 90.0 1
    1 2586  145   21 54.0 84.0 1
    1  868  187   77 47.0 69.0 1
    1 3592   73   28 70.0 82.0 1
    1 3594  256  207 38.0 44.0 1
    1 1307  308   77 33.0 69.0 1
    1 1915  286    3 35.0 89.0 0
    1 3284  200   21 45.0 84.0 1
    1 1006   98   54 64.0 75.0 1
    1  327   93   46 65.0 77.0 1
    1 2236   10    7 87.0 88.0 1
    1  542  230    0 41.0 90.0 0
    1 1681  320   65 32.0 72.0 1
    1 3212  151  111 53.0 61.0 1
    1 1975   81    0 68.0 90.0 1
    1 1093   81    0 68.0 90.0 1
    1 2314  333  308 31.0 33.0 1
    1 2378  115   43 60.0 78.0 1
    1  560  125    0 58.0 90.0 1
    1 3349  333   89 31.0 66.0 1
    1 3492   25    0 83.0 90.0 1
    1  619   93   46 65.0 77.0 1
    1 1355  320    0 32.0 90.0 1
    1  709  222    0 42.0 90.0 0
    1 1023  174   57 49.0 74.0 1
    1 2225  207    0 44.0 90.0 1
    1 2226   28    0 82.0 90.0 1
    1 1632  120   69 59.0 71.0 1
    1  773  135   89 56.0 66.0 1
    1  859   93   21 65.0 84.0 1
    1  570   93   65 65.0 72.0 1
    1 3520   32    0 81.0 90.0 1
    1 2409   39    0 79.0 90.0 1
    1 3317   81    0 68.0 90.0 1
    1 3166  247  111 39.0 61.0 1
    1  473  135    0 56.0 90.0 1
    1 3161  247   14 39.0 86.0 1
    1 1217  346    3 30.0 89.0 1
    1 3204  222    0 42.0 90.0 1
    1  671  140    0 55.0 90.0 1
    1 2150  346   89 30.0 66.0 1
    1  594  115    0 60.0 90.0 1
    1 3500  106   32 62.0 81.0 1
    1 2025  187   77 47.0 69.0 1
    1 2288  168   25 50.0 83.0 1
    1 2886   39    0 79.0 90.0 1
    1 1261  308  180 33.0 48.0 1
    1 2863  106  102 62.0 63.0 1
    1 1983  187   21 47.0 84.0 1
    1  632   25    0 83.0 90.0 1
    1  796  180    0 48.0 90.0 1
    1 2102  193  135 46.0 56.0 1
    1  757  111   73 61.0 70.0 1
    1 1807   54   25 75.0 83.0 1
    1  365   35    0 80.0 90.0 1
    1 1832   98   61 64.0 73.0 1
    1  321  115    0 60.0 90.0 1
    1 3479   73   10 70.0 87.0 1
    1 2078   81   81 68.0 68.0 1
    1 3322  286   73 35.0 70.0 1
    1 2629  115   89 60.0 66.0 1
    1 3393  214    0 43.0 90.0 1
    1 1350  125   14 58.0 86.0 1
    1 2635  256    0 38.0 90.0 1
    1 1876   17    0 85.0 90.0 1
    1 2497  286    0 35.0 90.0 1
    1  593  140  102 55.0 63.0 1
    1 1984   93    0 65.0 90.0 1
    1  669  180   93 48.0 65.0 1
    1  502   77   73 69.0 70.0 1
    1 3298  187    0 47.0 90.0 1
    1  544  106   98 62.0 64.0 1
    1  509   98   73 64.0 70.0 1
    1  690  140   14 55.0 86.0 1
    1 3186  115    0 60.0 90.0 1
    1 2405  135  135 56.0 56.0 1
    1 1605  247  214 39.0 43.0 1
    1  538   85   21 67.0 84.0 0
    1 2965  187    0 47.0 90.0 1
    1  343  120   50 59.0 76.0 1
    1 1776   43    0 78.0 90.0 1
    1 1710   73   10 70.0 87.0 1
    1 1854  135   73 56.0 70.0 1
    1 2336  297  187 34.0 47.0 1
    1 1671  230   39 41.0 79.0 1
    1  778   81    0 68.0 90.0 0
    1 1708  222  125 42.0 58.0 0
    1  383  174    0 49.0 90.0 1
    1 1057  120   73 59.0 70.0 1
    1 1387  168    0 50.0 90.0 1
    1  748   50    0 76.0 90.0 0
    1 2011  275  214 36.0 43.0 1
    1 3573  222    0 42.0 90.0 1
    1 1390  238   69 40.0 71.0 1
    1 1003  286    0 35.0 90.0 1
    1 3184   61   21 73.0 84.0 1
    1  628  102    0 63.0 90.0 1
    1 3121  275    0 36.0 90.0 0
    1 1695   32    0 81.0 90.0 1
    1 3300  156  135 52.0 56.0 1
    1 2688  320   46 32.0 77.0 1
    1 2997   50   39 76.0 79.0 1
    1 1273  151   73 53.0 70.0 1
    1 2270  308    0 33.0 90.0 0
    1 1855  140    0 55.0 90.0 1
    1  406   89    0 66.0 90.0 1
    1 1937  115   14 60.0 86.0 1
    1 1926  120    0 59.0 90.0 1
    1 3252  238  120 40.0 59.0 1
    1  895  193    0 46.0 90.0 0
    1 3225   54   10 75.0 87.0 1
    1  724   17    0 85.0 90.0 1
    1 3033  207   50 44.0 76.0 1
    1 1114  120   77 59.0 69.0 1
    1 1206   77    0 69.0 90.0 1
    1 1869  140    0 55.0 90.0 1
    1 3484   39    0 79.0 90.0 1
    1 2033  238  207 40.0 44.0 1
    1 2016  187    0 47.0 90.0 1
    1 2466  222    0 42.0 90.0 1
    1 2760  275   85 36.0 67.0 0
    1 3022   77    0 69.0 90.0 1
    1  471  130    0 57.0 90.0 1
    1 1689  135  115 56.0 60.0 1
    1 2117  308    0 33.0 90.0 1
    1 1886   98    0 64.0 90.0 0
    1 2263   54    0 75.0 90.0 1
    1 2523  275  125 36.0 58.0 1
    1 3398   69    0 71.0 90.0 1
    1 3389  256    0 38.0 90.0 1
    1 3569   93   17 65.0 85.0 1
    1  938  207    0 44.0 90.0 1
    1 2923  256   93 38.0 65.0 0
    1 1687  145    0 54.0 90.0 1
    1 1079  265    7 37.0 88.0 1
    1 1077   54    0 75.0 90.0 1
    1 3055  297   65 34.0 72.0 1
    1  606  106    0 62.0 90.0 1
    1 3023   81   46 68.0 77.0 1
    1 3011  145   85 54.0 67.0 1
    1 2895  130   85 57.0 67.0 1
    1 1830  125    0 58.0 90.0 1
    1  792  275    0 36.0 90.0 1
    1 1224  230   69 41.0 71.0 1
    1 2848  230  151 41.0 53.0 1
    1 2879  222    0 42.0 90.0 1
    1 1424  222   35 42.0 80.0 1
    1 1156  308    7 33.0 88.0 1
    1 2444   50    0 76.0 90.0 1
    1  736  111   28 61.0 82.0 1
    1 3482   81   81 68.0 68.0 1
    1 2958  151  111 53.0 61.0 0
    1 2966  346  286 30.0 35.0 1
    1 2781  346    0 30.0 90.0 1
    1 2695  156    0 52.0 90.0 1
    1 3312  187   35 47.0 80.0 1
    1 2058  247    0 39.0 90.0 1
    1 1504   61   43 73.0 78.0 1
    1 3565  275  256 36.0 38.0 1
    1 2139  265    0 37.0 90.0 1
    1 2947  333    0 31.0 90.0 1
    1 3051  180   50 48.0 76.0 0
    1 1037  286   14 35.0 86.0 1
    1 1003  247   21 39.0 84.0 1
    1 1474  115   69 60.0 71.0 0
    1  907  214  207 43.0 44.0 1
    1 1420  297    0 34.0 90.0 1
    1 1619  151   89 53.0 66.0 1
    1  929  111   77 61.0 69.0 1
    1 3453  162    0 51.0 90.0 1
    1 3407  238    7 40.0 88.0 1
    1 1777  174  135 49.0 56.0 0
    1 1829  174   43 49.0 78.0 1
    1 2470  275    0 36.0 90.0 1
    1 2434  275  193 36.0 46.0 1
    1  841  193  156 46.0 52.0 1
    1 1181  275    0 36.0 90.0 1
    1 1487   25    0 83.0 90.0 1
    1 3489  346    0 30.0 90.0 1
    0 2335  346   85 30.0 67.0 1
    1  420   54    3 75.0 89.0 1
    1  337  106    0 62.0 90.0 0
    1 3211  333   65 31.0 72.0 1
    1 2438  111   14 61.0 86.0 1
    1 1248  256   21 38.0 84.0 1
    1 3229  320    0 32.0 90.0 1
    1  692  256   69 38.0 71.0 1
    1  385   89   43 66.0 78.0 1
    1  643  308    0 33.0 90.0 1
    1 1331  333    0 31.0 90.0 1
    1 1195  120   73 59.0 70.0 1
    1 1095  135    3 56.0 89.0 1
    1 3585  140    0 55.0 90.0 1
    1  495  207   39 44.0 79.0 1
    1 1104  151   10 53.0 87.0 1
    1 2514  230  106 41.0 62.0 1
    1 2861   89    0 66.0 90.0 1
    1 3471  168   46 50.0 77.0 1
    1 1806  180  156 48.0 52.0 1
    1 1858   65    0 72.0 90.0 1
    1 2249   93   14 65.0 86.0 1
    1 1546  286    0 35.0 90.0 1
    1 1509  222    0 42.0 90.0 1
    1 1157  106    0 62.0 90.0 1
    1 3294  308   81 33.0 68.0 1
    1  385  151   14 53.0 86.0 1
    1 3578  156   85 52.0 67.0 1
    2  788  174   81 49.0 68.0 0
    1 2827  174    0 49.0 90.0 1
    1 2009  174  130 49.0 57.0 1
    1 1448  222   93 42.0 65.0 1
    1 2726   73    0 70.0 90.0 1
    1  959  333   35 31.0 80.0 1
    1 1462   54    0 75.0 90.0 1
    1 2564   85   10 67.0 87.0 1
    1  754  130   69 57.0 71.0 1
    1 3199   50    0 76.0 90.0 1
    1 1900  145  120 54.0 59.0 1
    1  771  214   65 43.0 72.0 1
    1 2274  320    0 32.0 90.0 1
    1  962  145   73 54.0 70.0 1
    1 1281  106    0 62.0 90.0 1
    1 2421  162   93 51.0 65.0 0
    1 1347   43    0 78.0 90.0 1
    1 2869  168   73 50.0 70.0 1
    1  518   25   17 83.0 85.0 1
    1 2798  308    0 33.0 90.0 1
    1 3467   32    0 81.0 90.0 1
    1 3326  256    3 38.0 89.0 1
    1  472  115  111 60.0 61.0 1
    1 3508  286    0 35.0 90.0 1
    1 2019  275    0 36.0 90.0 1
    1 2768  187    0 47.0 90.0 1
    1 3064   77    0 69.0 90.0 1
    1 2827  111   54 61.0 75.0 1
    1  996  102   25 63.0 83.0 1
    1 3049    7    0 88.0 90.0 1
    1 3419  125    0 58.0 90.0 0
    1 2500  333   54 31.0 75.0 0
    1  423  115    0 60.0 90.0 1
    1 2525  333    0 31.0 90.0 1
    1 2910  130    0 57.0 90.0 1
    1 1212  238  135 40.0 56.0 1
    1 1825  256  207 38.0 44.0 1
    1  990  346    0 30.0 90.0 1
    1 2430  187    0 47.0 90.0 1
    1 1692  265  222 37.0 42.0 1
    1 3330  151    0 53.0 90.0 1
    1  499   46    0 77.0 90.0 1
    1  552  106    0 62.0 90.0 1
    1  738  222    0 42.0 90.0 0
    0 1550  230   32 41.0 81.0 1
    1 1379  265  247 37.0 39.0 1
    1 2275  115    0 60.0 90.0 1
    1 3543  102    0 63.0 90.0 1
    1 3190  297   21 34.0 84.0 1
    1 3397  247    3 39.0 89.0 1
    1 1721  275  102 36.0 63.0 1
    1  973  256    0 38.0 90.0 1
    1 2893  214  115 43.0 60.0 1
    1 3292  247   57 39.0 74.0 1
    1  558  125   77 58.0 69.0 1
    1 3414  238    3 40.0 89.0 1
    1 2758  214  174 43.0 49.0 1
    1 2838  140    0 55.0 90.0 1
    1 1772  265  207 37.0 44.0 1
    2 1419   93    0 65.0 90.0 1
    1 2207  247  140 39.0 55.0 1
    1 2297  256   85 38.0 67.0 0
    1 2210  297   61 34.0 73.0 1
    1  838   14    0 86.0 90.0 1
    1 2133   89   43 66.0 78.0 1
    1 1823  168    0 50.0 90.0 1
    1 2583  207   50 44.0 76.0 1
    1  804  168    0 50.0 90.0 1
    1  315   69   32 71.0 81.0 1
    1 2128   93   43 65.0 78.0 1
    1 1243  200   93 45.0 65.0 1
    1 1060  115    0 60.0 90.0 1
    1 2056  230  120 41.0 59.0 1
    1 3141  115    0 60.0 90.0 1
    1 2548   21   17 84.0 85.0 1
    1 1213  265  247 37.0 39.0 0
    1 3564   43    0 78.0 90.0 1
    1  943   17    3 85.0 89.0 1
    1 2046   50    0 76.0 90.0 1
    1 3440  125    0 58.0 90.0 1
    1 1358  297   73 34.0 70.0 1
    1  356  156    0 52.0 90.0 1
    1  445    3    0 89.0 90.0 1
    1  367  145   35 54.0 80.0 1
    1  414   93    0 65.0 90.0 1
    1 1814  207   21 44.0 84.0 1
    1 2708   73   10 70.0 87.0 1
    1 3599  125    0 58.0 90.0 1
    1 1448   85    0 67.0 90.0 1
    1 2163   57   43 74.0 78.0 0
    1 3041  135   25 56.0 83.0 1
    1 2919   73   57 70.0 74.0 1
