 400 400 400 127
    1 1943   58   11 60.0 84.0 1
    1 2066   81   38 51.0 69.0 1
    1 2882  115    0 41.0 90.0 0
    1 1565    5    0 87.0 90.0 1
    1  742  138    0 36.0 90.0 1
    1 3394  133   81 37.0 51.0 1
    1 1554   36    0 70.0 90.0 1
    1 3391  115   19 41.0 79.0 1
    1 3175  173   21 30.0 78.0 1
    1 1086  148   55 34.0 61.0 0
    1 2692   49    0 64.0 90.0 0
    1 3199   40   14 68.0 82.0 1
    1 1152  128   60 38.0 59.0 1
    1 1461  107    0 43.0 90.0 1
    1 2955   25    0 76.0 90.0 0
    1  704   32    0 72.0 90.0 1
    1 2870  166   36 31.0 70.0 1
    1 2241   51   14 63.0 82.0 1
    1 1538   90   12 48.0 83.0 1
    1 1325   93   32 47.0 72.0 1
    1 2187   12    0 83.0 90.0 1
    1  841   19    0 79.0 90.0 1
    1 1879    2    0 89.0 90.0 0
    1 2754   19   14 79.0 82.0 1
    1  712   21    0 78.0 90.0 1
    1 1981  115    0 41.0 90.0 1
    1 1906  123   73 39.0 54.0 1
    1 1604   53   12 62.0 83.0 1
    1 3424   40    7 68.0 86.0 0
    1 3463   31    0 73.0 90.0 1
    1 2884  128   29 38.0 74.0 1
    1 1183   97   78 46.0 52.0 1
    1 2501   31    0 73.0 90.0 1
    1 3240  128    0 38.0 90.0 1
    1 3456  100   19 45.0 79.0 0
    1 2264   90    0 48.0 90.0 0
    1  411  128    0 38.0 90.0 1
    1 1144   60   27 59.0 75.0 1
    1 1473  123    5 39.0 87.0 1
    1 1476   60   12 59.0 83.0 1
    1 2814  143   38 35.0 69.0 1
    1 3299  166    7 31.0 86.0 1
    1 3158  104   65 44.0 57.0 1
    1 2088  154   49 33.0 64.0 1
    1  878   55    0 61.0 90.0 1
    1  708   90    0 48.0 90.0 1
    1  869   58   42 60.0 67.0 1
    1 2621   90   36 48.0 70.0 1
    1 3578   55    3 61.0 88.0 1
    1 1347   47   25 65.0 76.0 1
    1 3403   45    0 66.0 90.0 1
    1 1713   47    0 65.0 90.0 0
    1 3279  100   49 45.0 64.0 1
    1 1206  119   27 40.0 75.0 1
    1 3277  133   12 37.0 83.0 1
    1 3234   67    5 56.0 87.0 1
    1 1513   93    0 47.0 90.0 1
    1 3180  104    5 44.0 87.0 1
    1 3569   97    0 46.0 90.0 0
    1 2370   27    0 75.0 90.0 1
    1 2070  148  133 34.0 37.0 1
    1 1345  154   81 33.0 51.0 1
    1  687   36   23 70.0 77.0 1
    1 2589   60    0 59.0 90.0 1
    1 3268   75   45 53.0 66.0 1
    1 3342    5    0 87.0 90.0 1
    1 1060   60   38 59.0 69.0 1
    1  908  154  143 33.0 35.0 1
    1  863   62    0 58.0 90.0 1
    1  373   84    7 50.0 86.0 1
    1  331   19    9 79.0 85.0 1
    1  318   87   65 49.0 57.0 1
    1 2925   38    0 69.0 90.0 1
    1 1245   40    0 68.0 90.0 1
    1 2976  111    2 42.0 89.0 1
    1 2460  133    9 37.0 85.0 1
    1 2900   40   34 68.0 71.0 1
    1 3133  123   75 39.0 53.0 1
    1 2890   97   32 46.0 72.0 1
    1 1093   93   47 47.0 65.0 1
    1 1354  143    9 35.0 85.0 1
    1 3537  143  123 35.0 39.0 0
    1 1561   67   29 56.0 74.0 1
    1 1071   32   23 72.0 77.0 1
    1  458   55    0 61.0 90.0 1
    1 1068   62   53 58.0 62.0 1
    1 1467   45    0 66.0 90.0 1
    1 3094   51    3 63.0 88.0 1
    1 1258  123   70 39.0 55.0 1
    1 3003   62   42 58.0 67.0 1
    1 1141  133   32 37.0 72.0 1
    1 2730   60    7 59.0 86.0 1
    1  310  104   21 44.0 78.0 1
    1 1816  128    0 38.0 90.0 1
    1  653   73   31 54.0 73.0 1
    1 1245  138   18 36.0 80.0 1
    1 3381  154   75 33.0 53.0 1
    1 2959   78    0 52.0 90.0 1
    1 2659  154    0 33.0 90.0 1
    1 2962   16   12 81.0 83.0 0
    1 1082   81   47 51.0 65.0 1
    1 3376   70   36 55.0 70.0 1
    1 1803   58    5 60.0 87.0 0
    1 1684   11    0 84.0 90.0 1
    1 3558   73    0 54.0 90.0 1
    1  716   75   55 53.0 61.0 1
    1 3117  111   93 42.0 47.0 1
    1 2612   60   16 59.0 81.0 1
    1 3081    3    0 88.0 90.0 1
    1  318   90   31 48.0 73.0 0
    1 2836   78    0 52.0 90.0 1
    1  337   93   32 47.0 72.0 1
    1  593   27    7 75.0 86.0 1
    1 2034   84   62 50.0 58.0 0
    1 1785   58   19 60.0 79.0 1
    1 2807   49   31 64.0 73.0 1
    1 1059  160   21 32.0 78.0 1
    1  688  138    0 36.0 90.0 1
    1 2692  119   16 40.0 81.0 1
    1 3075   73   11 54.0 84.0 1
    1 1453   93    0 47.0 90.0 1
    1 2507  133   65 37.0 57.0 1
    1 1865  138   87 36.0 49.0 1
    1 1650   78    0 52.0 90.0 1
    1 1117  123   31 39.0 73.0 1
    1 3211  143   16 35.0 81.0 1
    1 3365   90   73 48.0 54.0 1
    1 2553   90   27 48.0 75.0 1
    1  645  160    0 32.0 90.0 1
    1  943  160   40 32.0 68.0 1
    1 1787   87   21 49.0 78.0 1
    1 3075   84   40 50.0 68.0 1
    1 1800   58   25 60.0 76.0 0
    1 3427  104   32 44.0 72.0 1
    1 1963   12    7 83.0 86.0 1
    1  579   78   49 52.0 64.0 1
    1  413   62    2 58.0 89.0 1
    1 2950   40    0 68.0 90.0 1
    1 3297   31    0 73.0 90.0 0
    1 1100   21    0 78.0 90.0 1
    1  734   81    7 51.0 86.0 1
    1 3153  160  148 32.0 34.0 1
    1 3323   65   53 57.0 62.0 1
    1 2189  104   21 44.0 78.0 1
    1 2157  148    0 34.0 90.0 1
    1 3136   40   16 68.0 81.0 1
    1 3284   53    0 62.0 90.0 1
    1  964   87   58 49.0 60.0 0
    1 3276  123   29 39.0 74.0 1
    1 2572   58    0 60.0 90.0 1
    1 3172   49   49 64.0 64.0 1
    1 2902  119   18 40.0 80.0 1
    1 3039  143    3 35.0 88.0 1
    1 3557    5    0 87.0 90.0 1
    1 2363  107    7 43.0 86.0 1
    1 2109   67   36 56.0 70.0 1
    1 3381   31    0 73.0 90.0 1
    1  657    2    2 89.0 89.0 1
    1 2733  104    0 44.0 90.0 1
    1 2883  123    0 39.0 90.0 1
    1 1312   29    0 74.0 90.0 1
    1 3297  138    0 36.0 90.0 1
    1 2471  128    0 38.0 90.0 1
    1  575  154   55 33.0 61.0 1
    1 2341   81    2 51.0 89.0 1
    1  330  133    0 37.0 90.0 1
    1 2106  123   78 39.0 52.0 1
    1 3373  115   16 41.0 81.0 1
    1 2482   58    0 60.0 90.0 1
    1 2597   60   29 59.0 74.0 1
    1 1160   19   16 79.0 81.0 1
    1 1494   84    5 50.0 87.0 1
    1 2448   31    0 73.0 90.0 1
    1 1190  173  123 30.0 39.0 1
    1  857  115    0 41.0 90.0 1
    1  820  173    7 30.0 86.0 0
    1 2970  119    0 40.0 90.0 1
    1 1781  154   62 33.0 58.0 1
    1  422  100   55 45.0 61.0 1
    1 3229    7    0 86.0 90.0 1
    1 2768   58   53 60.0 62.0 1
    1 2686   70   29 55.0 74.0 1
    1 3259  128  119 38.0 40.0 1
    1 1613  148   87 34.0 49.0 1
    1 1603   42    9 67.0 85.0 1
    1  360   75   53 53.0 62.0 1
    1 3339   78    0 52.0 90.0 1
    1 1832  107   53 43.0 62.0 1
    1 3596   32   21 72.0 78.0 1
    1 2044  154    7 33.0 86.0 1
    1 2854  119    0 40.0 90.0 1
    1 2218   78   38 52.0 69.0 0
    1 3577  148   18 34.0 80.0 1
    1 3151  115   53 41.0 62.0 1
    1 2343   42    0 67.0 90.0 1
    1  456  173    0 30.0 90.0 1
    1 2448   87   58 49.0 60.0 0
    1 2541   45   36 66.0 70.0 1
    1 2296   31   16 73.0 81.0 1
    1 3562   70    0 55.0 90.0 0
    1 3496   34    0 71.0 90.0 1
    1 1847   47    0 65.0 90.0 1
    1  828  104   75 44.0 53.0 0
    1 1396  166  100 31.0 45.0 1
    1 1601   81    5 51.0 87.0 1
    1 2207  128   31 38.0 73.0 1
    1 1370  173    0 30.0 90.0 1
    1 3283   78    0 52.0 90.0 1
    1 2701  148   25 34.0 76.0 1
    1 2339   84   49 50.0 64.0 1
    1  618  128   73 38.0 54.0 1
    1 1805  119  100 40.0 45.0 1
    1 1213   73   27 54.0 75.0 0
    1  766   38    0 69.0 90.0 1
    1 2915   97    5 46.0 87.0 1
    1 2265   87   29 49.0 74.0 1
    1 2172   19    2 79.0 89.0 1
    1  523   70   21 55.0 78.0 1
    1 2503   25    0 76.0 90.0 1
    1  398  154    5 33.0 87.0 0
    1 2851  100    2 45.0 89.0 1
    1  803   16    0 81.0 90.0 0
    1 3090   16    0 81.0 90.0 1
    1 2172   49    0 64.0 90.0 1
    1 3401   47   27 65.0 75.0 1
    1 1470   51    3 63.0 88.0 1
    1 2985   73    0 54.0 90.0 1
    1  498   32    0 72.0 90.0 1
    1  989   29    0 74.0 90.0 1
    1 1433   23    0 77.0 90.0 1
    1 1444  111   84 42.0 50.0 1
    1  841   18    5 80.0 87.0 1
    1 2257  119    5 40.0 87.0 1
    1 1021  154  104 33.0 44.0 1
    1 2145   40    0 68.0 90.0 1
    1 1468   11    0 84.0 90.0 1
    1 2142   73   23 54.0 77.0 1
    1 1786  128    0 38.0 90.0 1
    1 2499  160    0 32.0 90.0 1
    1  705  115   36 41.0 70.0 1
    1 3143   11    0 84.0 90.0 1
    1 1261  123    0 39.0 90.0 0
    1 1049   87    0 49.0 90.0 1
    1 3417   47    5 65.0 87.0 1
    1 1077   65   21 57.0 78.0 1
    1 1104   87   67 49.0 56.0 1
    1 2732   58    9 60.0 85.0 0
    1  796   32    0 72.0 90.0 1
    1 1452   38    0 69.0 90.0 1
    1 2282   14   12 82.0 83.0 1
    1 3184  128    0 38.0 90.0 1
    1 1352  160   51 32.0 63.0 1
    1 2909   45    0 66.0 90.0 0
    1 2855  173   45 30.0 66.0 1
    1 2554   93    9 47.0 85.0 1
    1 1427   12    3 83.0 88.0 1
    1  512   84   58 50.0 60.0 1
    1 3464  111   16 42.0 81.0 1
    1 2326  115   75 41.0 53.0 1
    1 1014   29    0 74.0 90.0 1
    1 3154  100   84 45.0 50.0 1
    1  468  107   78 43.0 52.0 1
    1 1773   78    0 52.0 90.0 1
    1 1284   73   67 54.0 56.0 1
    1 1055  128   29 38.0 74.0 1
    1 1431   27   16 75.0 81.0 1
    1 3554   47    0 65.0 90.0 0
    1 2943   49    0 64.0 90.0 1
    1 1378   58   45 60.0 66.0 1
    1 3528   49    5 64.0 87.0 1
    1 2291  143   34 35.0 71.0 1
    1 2438   40   25 68.0 76.0 1
    1 3086   84   29 50.0 74.0 1
    1 1326   51    0 63.0 90.0 0
    1 2771   58   31 60.0 73.0 1
    1 3483   58    0 60.0 90.0 1
    1 1009   40    0 68.0 90.0 1
    1  520  173   36 30.0 70.0 1
    1 2257   29    0 74.0 90.0 1
    1  570   70   14 55.0 82.0 1
    1 2148   53    0 62.0 90.0 1
    1  611   75    0 53.0 90.0 1
    1  903   67    0 56.0 90.0 1
    1  459  138   67 36.0 56.0 1
    1 2593  107    0 43.0 90.0 1
    1 3545   49   38 64.0 69.0 1
    1  393   12    0 83.0 90.0 1
    1 1847   58   47 60.0 65.0 1
    1  953   21   11 78.0 84.0 1
    1 2170   47    5 65.0 87.0 1
    1  361  119    0 40.0 90.0 0
    1 1410   49    0 64.0 90.0 1
    1 3077   42    0 67.0 90.0 1
    1  797  173   27 30.0 75.0 1
    1  308   47    0 65.0 90.0 0
    1 3126   21   21 78.0 78.0 1
    1 1365   97   78 46.0 52.0 1
    1 1162   51    0 63.0 90.0 0
    1 1212   32    0 72.0 90.0 1
    1 3086  107   93 43.0 47.0 1
    1 1252   53   42 62.0 67.0 1
    1 2633   58    0 60.0 90.0 1
    1 3347  111    0 42.0 90.0 1
    1 3563   87   73 49.0 54.0 1
    1 2722   34   21 71.0 78.0 0
    1  503  166   84 31.0 50.0 1
    1 2315  160   27 32.0 75.0 1
    1 1813   81   34 51.0 71.0 1
    1 1990   53    0 62.0 90.0 1
    1 1334   27    0 75.0 90.0 1
    1 2285  123   65 39.0 57.0 1
    1 3383   65   65 57.0 57.0 0
    1 3403  160   32 32.0 72.0 1
    1 1400  143   32 35.0 72.0 1
    1  472   65   42 57.0 67.0 1
    1 1746   70   23 55.0 77.0 1
    1  715  154   55 33.0 61.0 1
    1  911   18    0 80.0 90.0 1
    1 1355  128   93 38.0 47.0 1
    1 2140   31    0 73.0 90.0 0
    1  774  133    7 37.0 86.0 1
    1 3155  148   40 34.0 68.0 1
    1 3362  143    0 35.0 90.0 1
    1 3356  104   97 44.0 46.0 1
    1 1905  154   29 33.0 74.0 1
    1 2332   19    0 79.0 90.0 1
    1 2257   81   14 51.0 82.0 0
    1  772  148   84 34.0 50.0 1
    1 1937   42    0 67.0 90.0 0
    1 2509   32   27 72.0 75.0 1
    1 2302   34    0 71.0 90.0 1
    1 1950  148    0 34.0 90.0 1
    1  590   65    5 57.0 87.0 1
    1 3580   34   29 71.0 74.0 1
    1  950   25    0 76.0 90.0 1
    1 1752   70    0 55.0 90.0 1
    1 2928   14    0 82.0 90.0 1
    1 3228   70   67 55.0 56.0 1
    1 2793   70   67 55.0 56.0 1
    1 2627  111   90 42.0 48.0 1
    1 1108  107   45 43.0 66.0 1
    1  445   67    0 56.0 90.0 1
    1  921  160   19 32.0 79.0 1
    1 1604   38   11 69.0 84.0 0
    1 2156   60    0 59.0 90.0 1
    1 3130  123   60 39.0 59.0 1
    1 2991   97   58 46.0 60.0 1
    1 2915  143    0 35.0 90.0 1
    1 3572  119    0 40.0 90.0 1
    1 1850  128    0 38.0 90.0 1
    1 3278   51    5 63.0 87.0 1
    1 1051  160  143 32.0 35.0 1
    1 1279   62   29 58.0 74.0 0
    1 1223  148   23 34.0 77.0 1
    1  871   67    2 56.0 89.0 1
    1  572   25    0 76.0 90.0 1
    1  387    7    0 86.0 90.0 0
    1 1582   93   55 47.0 61.0 1
    1 1488   90   75 48.0 53.0 1
    1  602   75   16 53.0 81.0 1
    1 1140   78   27 52.0 75.0 1
    1 3488   67    0 56.0 90.0 1
    1 1128  119   65 40.0 57.0 1
    1 3291  160   19 32.0 79.0 1
    1 2039  123   93 39.0 47.0 1
    1  340    2    0 89.0 90.0 1
    1 2113   51   32 63.0 72.0 1
    1 3410   93   31 47.0 73.0 1
    1 2173   70    0 55.0 90.0 1
    1 2224   29    0 74.0 90.0 1
    1  362   29    0 74.0 90.0 1
    1 3451  148   47 34.0 65.0 0
    1 1516    5    3 87.0 88.0 1
    1  828  123    0 39.0 90.0 1
    1 3135   27    0 75.0 90.0 1
    1 2857  123    0 39.0 90.0 1
    1  516  143   18 35.0 80.0 0
    1 2289   45    0 66.0 90.0 1
    1 2866  119   34 40.0 71.0 1
    1 2868  166    7 31.0 86.0 1
    1 1971   62   31 58.0 73.0 1
    1 1058  115   12 41.0 83.0 1
    1 1444  160   67 32.0 56.0 1
    1 1219  100   58 45.0 60.0 1
    1 2238  104   38 44.0 69.0 1
    1 1536   67    0 56.0 90.0 1
    1 3247  100   16 45.0 81.0 1
    1 2596   47    0 65.0 90.0 1
    1 2449  107   29 43.0 74.0 1
    1 2162  100    0 45.0 90.0 1
    1  549  107   67 43.0 56.0 1
    1  362  128   21 38.0 78.0 1
    1 2044   67   29 56.0 74.0 1
    1  424   45   45 66.0 66.0 1
    1  310   60   23 59.0 77.0 1
    1  948   62   62 58.0 58.0 1
    1  745   84   38 50.0 69.0 1
    1 2867   23    0 77.0 90.0 1
    1 3388   97   25 46.0 76.0 1
    1  834   16    9 81.0 85.0 1
