 400 400 400 127
    1 1276   11    0 84.0 90.0 1
    1 1750   42   19 67.0 79.0 1
    1 3549   75    0 53.0 90.0 1
    1 3287   87    3 49.0 88.0 1
    1 1922  100    0 45.0 90.0 1
    1  590   84   62 50.0 58.0 1
    1 2628   60    0 59.0 90.0 1
    1  433    9    0 85.0 90.0 1
    1 1273   62    0 58.0 90.0 1
    1  523  115   70 41.0 55.0 1
    1 2882  128  107 38.0 43.0 1
    1 1521  154    0 33.0 90.0 1
    1 2083   90   87 48.0 49.0 1
    1 2396   78    0 52.0 90.0 1
    2 3225   75   21 53.0 78.0 1
    1 1808   45    0 66.0 90.0 1
    1  696   67   23 56.0 77.0 1
    1 3149  123    0 39.0 90.0 1
    1  886  133    9 37.0 85.0 1
    1  451   51    0 63.0 90.0 1
    1 1069   18    0 80.0 90.0 1
    1 2628  119   12 40.0 83.0 1
    1 2542  111    0 42.0 90.0 1
    1 1389   60   38 59.0 69.0 0
    1 1571   70    7 55.0 86.0 1
    1 1570  166  115 31.0 41.0 1
    1 3352   14   11 82.0 84.0 1
    1 2941   62    0 58.0 90.0 1
    1 1493  128  123 38.0 39.0 1
    1  435  128    0 38.0 90.0 1
    1 2012  115    0 41.0 90.0 1
    1  636   27    0 75.0 90.0 1
    1  972  154   90 33.0 48.0 1
    1 3061   51    0 63.0 90.0 1
    1 1940   93   40 47.0 68.0 1
    1 1308   19    0 79.0 90.0 1
    1  644   40    0 68.0 90.0 1
    1 2630  148  123 34.0 39.0 1
    1 3087   78   11 52.0 84.0 1
    1 1121   84    0 50.0 90.0 1
    1 3323   58    0 60.0 90.0 0
    1  410  138    0 36.0 90.0 1
    1 2618   31    0 73.0 90.0 0
    1 3501  133    0 37.0 90.0 1
    1 2901  154  104 33.0 44.0 1
    1 1360   84   75 50.0 53.0 1
    1 3504  148   81 34.0 51.0 1
    1 2966  148    3 34.0 88.0 1
    1  308   19    0 79.0 90.0 1
    1 1890   32   19 72.0 79.0 1
    1  700   38   29 69.0 74.0 1
    1 3569   47   32 65.0 72.0 1
    1 1448  115    5 41.0 87.0 1
    1 1748   42   32 67.0 72.0 1
    1  336  115   16 41.0 81.0 0
    1 2448   78    0 52.0 90.0 1
    1 1198  173    0 30.0 90.0 1
    1 1048   21    0 78.0 90.0 1
    1 2434  138   97 36.0 46.0 0
    1  602   73    0 54.0 90.0 1
    1  999   25    0 76.0 90.0 1
    1 2212  128    9 38.0 85.0 1
    1  365  143   18 35.0 80.0 1
    1 3150  154   55 33.0 61.0 1
    1 1340   65    0 57.0 90.0 1
    1 3397  107   11 43.0 84.0 0
    1 3271  123    0 39.0 90.0 1
    1 3133  148   12 34.0 83.0 1
    1  528   45   19 66.0 79.0 1
    1 2256  160   45 32.0 66.0 1
    1 1060   29   14 74.0 82.0 1
    1 3237   78   40 52.0 68.0 1
    0 1099   67    0 56.0 90.0 1
    1 2134   18    0 80.0 90.0 1
    1 2743  138   25 36.0 76.0 0
    1 1691  148   78 34.0 52.0 1
    1 1416   90   14 48.0 82.0 1
    1 3557  154   19 33.0 79.0 1
    1 2037  166   25 31.0 76.0 1
    1  676   42   34 67.0 71.0 1
    1 3565  148   78 34.0 52.0 1
    1  903   75   36 53.0 70.0 1
    1 2672   11    0 84.0 90.0 1
    1 1347   21   18 78.0 80.0 1
    1 2506    3    0 88.0 90.0 1
    1 2426   84   62 50.0 58.0 1
    1 2893  138    7 36.0 86.0 1
    1  636  133   40 37.0 68.0 1
    1 3558   81    0 51.0 90.0 1
    1 2846   97    0 46.0 90.0 1
    1 2927  123    0 39.0 90.0 1
    1 2622  143   19 35.0 79.0 1
    1 1455  119   31 40.0 73.0 0
    1  836  148   84 34.0 50.0 1
    1  591  148   18 34.0 80.0 1
    1 1026   47   34 65.0 71.0 1
    1 3258   62    0 58.0 90.0 1
    1 2929   84    0 50.0 90.0 1
    1 1701   70   60 55.0 59.0 1
    1 3437   60   42 59.0 67.0 1
    1 1277  173    0 30.0 90.0 0
    1  443   58    0 60.0 90.0 1
    1 1573   36    0 70.0 90.0 0
    0  853   67    0 56.0 90.0 1
    1 1732   14    0 82.0 90.0 1
    1  333  128    0 38.0 90.0 1
    1 3254   32   16 72.0 81.0 1
    1 3230  128   42 38.0 67.0 1
    1 2117   40    0 68.0 90.0 1
    1 1388  173   19 30.0 79.0 1
    1  991   12    0 83.0 90.0 1
    1 1363   47   21 65.0 78.0 1
    1 3039   70   34 55.0 71.0 1
    1 3513  104   78 44.0 52.0 1
    1 2152  123    0 39.0 90.0 1
    1 1151   42    7 67.0 86.0 1
    0 1683  115   40 41.0 68.0 1
    1 3534  138   97 36.0 46.0 1
    1 1453   73   36 54.0 70.0 1
    1 1988  115   21 41.0 78.0 1
    1 3249   84    7 50.0 86.0 0
    1 3587  154    0 33.0 90.0 1
    1 3237  107    0 43.0 90.0 1
    1 2358   70   55 55.0 61.0 1
    1 2048   55    0 61.0 90.0 1
    1  469   55    0 61.0 90.0 1
    1 2373  138    0 36.0 90.0 1
    1 3392   47    0 65.0 90.0 1
    1 3285  143   65 35.0 57.0 1
    1 1304  154   53 33.0 62.0 1
    1 3215   67   38 56.0 69.0 1
    1 1555   67    0 56.0 90.0 1
    1 3432  115   97 41.0 46.0 1
    1 1103  111   29 42.0 74.0 1
    1 2656  138   38 36.0 69.0 1
    1  830   34   32 71.0 72.0 1
    1 2467   45    0 66.0 90.0 1
    1 3515   25    0 76.0 90.0 1
    1 3279  138   31 36.0 73.0 1
    2  777   73    5 54.0 87.0 1
    1 3273  166  100 31.0 45.0 1
    1 1158  173    0 30.0 90.0 1
    1 1898   62   38 58.0 69.0 1
    1  496   55   11 61.0 84.0 0
    1  938   97    0 46.0 90.0 1
    1  502   97   34 46.0 71.0 1
    1 1235   55   32 61.0 72.0 1
    1  959   51    2 63.0 89.0 1
    1 1243  173    0 30.0 90.0 1
    1 3450  160   70 32.0 55.0 1
    1 1689  166    7 31.0 86.0 1
    1  643   32    0 72.0 90.0 1
    1 2010    9    0 85.0 90.0 1
    1  892   62   60 58.0 59.0 1
    2 2798  100   42 45.0 67.0 1
    1 2321   75    0 53.0 90.0 1
    0 3094  143    0 35.0 90.0 1
    1 3588   53   51 62.0 63.0 1
    1 3528  133   84 37.0 50.0 1
    2 3259  160   47 32.0 65.0 1
    1  730   58    3 60.0 88.0 1
    1 1892   53    7 62.0 86.0 1
    1 2046   70    0 55.0 90.0 1
    1 1391   75    0 53.0 90.0 1
    1 2782  138    3 36.0 88.0 1
    1 2268   67    0 56.0 90.0 1
    1 1631  115    7 41.0 86.0 1
    1 1279   60   38 59.0 69.0 1
    1 1042  133    7 37.0 86.0 1
    1 2070   45    0 66.0 90.0 0
    1 3089   55   31 61.0 73.0 1
    1 3269   65    0 57.0 90.0 1
    1 2111   81   45 51.0 66.0 1
    1 1317   73   16 54.0 81.0 1
    1 2009   84    0 50.0 90.0 1
    1 1523  166    0 31.0 90.0 1
    1 2049  138  123 36.0 39.0 1
    1 1827  123    7 39.0 86.0 1
    1 3403  160   31 32.0 73.0 1
    1 2907   84    0 50.0 90.0 1
    1 1793   40   21 68.0 78.0 1
    1 1646   60   42 59.0 67.0 1
    1 2075  123   62 39.0 58.0 1
    1 1351   29   21 74.0 78.0 1
    1  618   55   32 61.0 72.0 1
    1  418   81   49 51.0 64.0 1
    1 1339   75   58 53.0 60.0 1
    1 3165   31   27 73.0 75.0 1
    1 2553  143   87 35.0 49.0 1
    1 2868  143    0 35.0 90.0 0
    1 1219   58   49 60.0 64.0 0
    1 1271  119    0 40.0 90.0 1
    1 1540   87    0 49.0 90.0 1
    1 2910  148   38 34.0 69.0 0
    1  647   23    0 77.0 90.0 0
    0 1590  119    0 40.0 90.0 1
    1 1531  128    0 38.0 90.0 1
    1 1046   38   36 69.0 70.0 1
    0 1511   65   29 57.0 74.0 1
    1 1147   87   73 49.0 54.0 1
    1 3260   47   23 65.0 77.0 1
    1 1390   38   25 69.0 76.0 1
    1 2994  104    0 44.0 90.0 1
    1 3006  123   53 39.0 62.0 1
    1 3327   84   25 50.0 76.0 1
    1 1781   75    0 53.0 90.0 1
    1 3038   36    0 70.0 90.0 1
    1 1222  143    0 35.0 90.0 0
    2 2867  119   51 40.0 63.0 1
    1 1696   16    0 81.0 90.0 1
    0 2581   14    7 82.0 86.0 1
    1 2859  138   19 36.0 79.0 1
    1 2752    3    0 88.0 90.0 1
    1  433   93    0 47.0 90.0 1
    1 3139  160   51 32.0 63.0 1
    1 2942   73    0 54.0 90.0 1
    1  679   55   12 61.0 83.0 1
    1  793  123   97 39.0 46.0 1
    1 1718   78   36 52.0 70.0 1
    1 1511  104   58 44.0 60.0 1
    1  917   27    0 75.0 90.0 1
    1 1408   60   11 59.0 84.0 0
    1 1281  107    0 43.0 90.0 1
    1 1342  111   58 42.0 60.0 1
    1 1054   65   60 57.0 59.0 1
    1 3564   75   42 53.0 67.0 1
    1  980   67    5 56.0 87.0 1
    1 1661  138   81 36.0 51.0 1
    1 2749  100   84 45.0 50.0 1
    1 1488   60    0 59.0 90.0 1
    1  391  166   27 31.0 75.0 1
    1 2606  138  107 36.0 43.0 0
    1 1355  143   31 35.0 73.0 0
    1  670  128   11 38.0 84.0 1
    1 3431    2    0 89.0 90.0 1
    1 1523   36    0 70.0 90.0 1
    1 2728  100    0 45.0 90.0 1
    1 2149  115   34 41.0 71.0 1
    1 1755  143   31 35.0 73.0 1
    1 2416   73   31 54.0 73.0 1
    1 2984   21    0 78.0 90.0 1
    1 1116    7    0 86.0 90.0 1
    1 2402   81    9 51.0 85.0 1
    1 1841  148   23 34.0 77.0 1
    1  696  133    0 37.0 90.0 1
    1 1984  173    0 30.0 90.0 1
    1  575  166   27 31.0 75.0 1
    1  686   93   65 47.0 57.0 1
    1 2431   65    5 57.0 87.0 1
    1 3561   87   65 49.0 57.0 1
    1 1961   34    5 71.0 87.0 1
    1 3490   25   11 76.0 84.0 1
    1  843  104   55 44.0 61.0 1
    1  789   12    9 83.0 85.0 1
    1 3172  107    0 43.0 90.0 1
    1 2878   49   25 64.0 76.0 1
    1 1452   62    7 58.0 86.0 1
    1 3350   65    0 57.0 90.0 1
    1 2190  166    0 31.0 90.0 0
    1 1316    3    0 88.0 90.0 1
    1  435   75   55 53.0 61.0 1
    1 2083   31    0 73.0 90.0 1
    1 2139   62    0 58.0 90.0 1
    1 2661  111   58 42.0 60.0 1
    1 3258   36    0 70.0 90.0 0
    1 3293   70   14 55.0 82.0 1
    1 2829   47   45 65.0 66.0 1
    1 1190   49    7 64.0 86.0 1
    1 2549   87    0 49.0 90.0 1
    1 1582   45   36 66.0 70.0 0
    1 3121  107    0 43.0 90.0 1
    1 3450   27   21 75.0 78.0 1
    1  643  100    0 45.0 90.0 1
    1 2296  123    0 39.0 90.0 1
    1 2237   97   36 46.0 70.0 1
    1  848   75   42 53.0 67.0 1
    1 2030   45   36 66.0 70.0 1
    1 2782   97    0 46.0 90.0 1
    1  769   67   11 56.0 84.0 1
    1  993  119   81 40.0 51.0 1
    1 2132    7    0 86.0 90.0 1
    1  478  123    0 39.0 90.0 1
    1 3096  104  104 44.0 44.0 1
    1  900  100   55 45.0 61.0 1
    1 2344   16    0 81.0 90.0 1
    1  407   21   11 78.0 84.0 1
    1 2894    7    5 86.0 87.0 1
    1 1934   14    0 82.0 90.0 1
    1  745   12    0 83.0 90.0 1
    1 1217   16    0 81.0 90.0 1
    1  355   90    0 48.0 90.0 1
    1 3286  166    0 31.0 90.0 1
    1  857   58    0 60.0 90.0 1
    1 1404  166    0 31.0 90.0 1
    1 3168   36   27 70.0 75.0 1
    1 1432   31    0 73.0 90.0 0
    1 3426   27    7 75.0 86.0 1
    0  623   73    0 54.0 90.0 1
    1 2784  100   18 45.0 80.0 1
    1  326   81   75 51.0 53.0 1
    1 1294  133    0 37.0 90.0 1
    1 1526  173    0 30.0 90.0 0
    1 2007   21   18 78.0 80.0 1
    0 3105   34    3 71.0 88.0 1
    1 3292  107   45 43.0 66.0 1
    1  995  143   38 35.0 69.0 1
    1 1252  100    0 45.0 90.0 1
    1 3531  154  148 33.0 34.0 0
    1 1700   93    5 47.0 87.0 1
    1  312   70    0 55.0 90.0 1
    2 3406  133    0 37.0 90.0 1
    1 1295   60    0 59.0 90.0 1
    1 2687  148   25 34.0 76.0 1
    1 2793  128    7 38.0 86.0 1
    1 1827  166   51 31.0 63.0 1
    1  787  160    0 32.0 90.0 1
    1 1954   23    0 77.0 90.0 1
    1 1380   81   53 51.0 62.0 1
    1 1584  104   93 44.0 47.0 1
    1  456   25    3 76.0 88.0 1
    1 1862  128   32 38.0 72.0 1
    1 2156  123  119 39.0 40.0 1
    1  663   25   16 76.0 81.0 1
    1  475  100   49 45.0 64.0 1
    1  589   75   18 53.0 80.0 1
    2 3281  119   49 40.0 64.0 1
    1 2065   60    3 59.0 88.0 1
    1 1858   62    0 58.0 90.0 0
    2 1200   25   21 76.0 78.0 1
    1  600   67   38 56.0 69.0 1
    1 2215   75    5 53.0 87.0 1
    1 2257  104   55 44.0 61.0 0
    1 2869   70   32 55.0 72.0 1
    1 1186  133   55 37.0 61.0 1
    1 2156   23    0 77.0 90.0 1
    1 3576  160   78 32.0 52.0 1
    1 1572   90   90 48.0 48.0 1
    1 3516    3    0 88.0 90.0 1
    1 2343  133   34 37.0 71.0 1
    0 1881   97   62 46.0 58.0 0
    1 1013   93    0 47.0 90.0 1
    1  542  111    0 42.0 90.0 1
    1 2148   53   31 62.0 73.0 1
    1 1515   14    7 82.0 86.0 1
    0 2024   51    0 63.0 90.0 1
    1 1610  160   55 32.0 61.0 1
    1 2376   58   58 60.0 60.0 1
    1 1249   97   25 46.0 76.0 1
    1 2097  128   12 38.0 83.0 1
    2 2128  128   51 38.0 63.0 1
    1 1347  160    9 32.0 85.0 1
    1 2538   49    0 64.0 90.0 1
    1 2301   62    0 58.0 90.0 1
    1 1197  133   49 37.0 64.0 1
    1 2255   55    0 61.0 90.0 1
    1  355   93    0 47.0 90.0 1
    1 3277   62    7 58.0 86.0 1
    1 2325   90   53 48.0 62.0 1
    1 2854   97   27 46.0 75.0 1
    1 2660  166    0 31.0 90.0 1
    1 1238  160   67 32.0 56.0 0
    1 2215   90   18 48.0 80.0 1
    1 1956    2    0 89.0 90.0 1
    1 2527   62    0 58.0 90.0 1
    1 1265  128    0 38.0 90.0 1
    1 2427  115  107 41.0 43.0 1
    1 1059  143    0 35.0 90.0 1
    1 1112  111   11 42.0 84.0 1
    1 2897   58    0 60.0 90.0 1
    1 2810   58   23 60.0 77.0 1
    1 3342   84    0 50.0 90.0 1
    1 2401   25    0 76.0 90.0 1
    1 1333   78    7 52.0 86.0 1
    1 3055   70   14 55.0 82.0 1
    1 3113    5    0 87.0 90.0 1
    1  474   84    5 50.0 87.0 1
    1 2484   67   11 56.0 84.0 1
    1 2015   38    9 69.0 85.0 0
    1 3402   27   14 75.0 82.0 1
    1 1417   25   19 76.0 79.0 1
    1 1581   55    0 61.0 90.0 1
    1 1051   93    0 47.0 90.0 1
    1  605  115   23 41.0 77.0 1
    1 3448   47   25 65.0 76.0 1
    1  898   81   78 51.0 52.0 1
    1 2908  138  115 36.0 41.0 1
    1 3421  143   49 35.0 64.0 1
    1  815  100   18 45.0 80.0 1
    1 1366   42    0 67.0 90.0 1
    1  308   90   36 48.0 70.0 1
    1 1809  148  148 34.0 34.0 0
    2 1777   53   14 62.0 82.0 1
    1 2089  115   90 41.0 48.0 1
    1  568  123    0 39.0 90.0 1
    1 3012   14    0 82.0 90.0 1
    1 1583  160   19 32.0 79.0 1
    1 2262  166    7 31.0 86.0 1
    1 2146  166   55 31.0 61.0 1
    2 2274  104   38 44.0 69.0 1
    1 3406   62    0 58.0 90.0 1
