 400 400 400 127
    1 1341  160   75 32.0 53.0 1
    1  625   65   34 57.0 71.0 1
    1 1692  100   14 45.0 82.0 1
    1 3467  143   11 35.0 84.0 1
    1 2100   47    0 65.0 90.0 1
    1 2906  148    0 34.0 90.0 0
    1 2226   75   16 53.0 81.0 1
    1  567  111  111 42.0 42.0 1
    1 2279   55    0 61.0 90.0 1
    1  584   25    0 76.0 90.0 1
    1 3025  166    0 31.0 90.0 1
    1 2995   42   16 67.0 81.0 1
    1 2580  104    0 44.0 90.0 0
    1  935  128   47 38.0 65.0 1
    1 3096  148  111 34.0 42.0 0
    1 2102  115   60 41.0 59.0 1
    1 2935   58    0 60.0 90.0 0
    1 2905   19   16 79.0 81.0 0
    1 2230   40    0 68.0 90.0 1
    1 2033  133  111 37.0 42.0 1
    1  606   29    0 74.0 90.0 1
    1 1015  107   25 43.0 76.0 0
    1 2782   81    0 51.0 90.0 1
    1 2855   12    0 83.0 90.0 1
    1 3478  104    7 44.0 86.0 1
    1  304   97    0 46.0 90.0 0
    1 1349   73    0 54.0 90.0 1
    1 1616  173   47 30.0 65.0 1
    0 2672  148    2 34.0 89.0 1
    1 1695   67    0 56.0 90.0 0
    1 2466   75    0 53.0 90.0 1
    1 2785   81   65 51.0 57.0 1
    1 2423   60   18 59.0 80.0 1
    1  590   87    0 49.0 90.0 1
    1 3428  128   90 38.0 48.0 1
    1 1416  154   38 33.0 69.0 1
    1 3062  160   25 32.0 76.0 1
    1 1792  107   25 43.0 76.0 0
    1 3064  166  154 31.0 33.0 1
    1 1914   90   11 48.0 84.0 1
    1 1522   49    9 64.0 85.0 1
    1 1309  123   19 39.0 79.0 1
    1  982   90   49 48.0 64.0 1
    1 3253  123   97 39.0 46.0 1
    1 1762   60    0 59.0 90.0 1
    1 2049   81   11 51.0 84.0 1
    1 1530   21    0 78.0 90.0 1
    1  648  100   47 45.0 65.0 1
    1 3599   87    0 49.0 90.0 1
    1 1174  166   67 31.0 56.0 1
    1 2913  128   73 38.0 54.0 1
    1 2868   93   84 47.0 50.0 1
    1 1460   49    7 64.0 86.0 1
    1 1392  123   93 39.0 47.0 0
    1 2087  100    0 45.0 90.0 1
    1 2073   84   45 50.0 66.0 1
    1 2740  115   97 41.0 46.0 1
    1 2117  123   18 39.0 80.0 1
    1 2240  123    0 39.0 90.0 1
    1 1585   21    0 78.0 90.0 1
    1  911   90   47 48.0 65.0 1
    1 1351  133    3 37.0 88.0 1
    1 1952   70   65 55.0 57.0 0
    1 2366   75   31 53.0 73.0 1
    1 2686   55   53 61.0 62.0 1
    1 2670   78   70 52.0 55.0 1
    1 1555   36   25 70.0 76.0 0
    1 3391   53    0 62.0 90.0 1
    1 2881   93   21 47.0 78.0 1
    1 2093   58    0 60.0 90.0 0
    1 2590   32    0 72.0 90.0 1
    1 3275  119   38 40.0 69.0 1
    1 2951  128   62 38.0 58.0 1
    0 1027  111   62 42.0 58.0 1
    1 3542  111  100 42.0 45.0 1
    1  515    5    5 87.0 87.0 1
    1  347  100   25 45.0 76.0 1
    1 3505   58    0 60.0 90.0 1
    1 2473   42   29 67.0 74.0 1
    1 2479   27   18 75.0 80.0 1
    1  405  119   12 40.0 83.0 1
    1  885   23    9 77.0 85.0 1
    1 2187  166    0 31.0 90.0 1
    1 2374   93   87 47.0 49.0 1
    1 2566   14    0 82.0 90.0 0
    1 1917   27    0 75.0 90.0 1
    1 2439   36   23 70.0 77.0 1
    1 2941  133    0 37.0 90.0 1
    1 1424   31   16 73.0 81.0 1
    1  330   60    0 59.0 90.0 0
    1 1954   78    7 52.0 86.0 1
    1 1832  160   75 32.0 53.0 1
    1 1307   12    0 83.0 90.0 1
    1 2687   27    0 75.0 90.0 1
    1 1653   47    0 65.0 90.0 1
    1 2151  104  100 44.0 45.0 1
    1 1420   78   75 52.0 53.0 0
    1 1543  160    0 32.0 90.0 1
    1 3137   27    0 75.0 90.0 1
    1  838  115    3 41.0 88.0 1
    1 3367    3    0 88.0 90.0 1
    1 2150  100    9 45.0 85.0 1
    1  400  138   40 36.0 68.0 1
    1 1166   78    0 52.0 90.0 1
    1 2533   93   40 47.0 68.0 1
    1 1346   42    0 67.0 90.0 1
    1  690  104    3 44.0 88.0 1
    1 1505  133   23 37.0 77.0 1
    1 2215   81   14 51.0 82.0 1
    1 3187    7    5 86.0 87.0 1
    1 1463  154    0 33.0 90.0 1
    1  621   31   11 73.0 84.0 1
    1  500    9    2 85.0 89.0 1
    1 2549   65    0 57.0 90.0 1
    1 2541   62   27 58.0 75.0 0
    1 3450   21    0 78.0 90.0 1
    1  393   38    0 69.0 90.0 1
    1  740   93   27 47.0 75.0 1
    1  694  115   27 41.0 75.0 1
    1 1431   11    5 84.0 87.0 1
    1 2854  111    0 42.0 90.0 1
    1 1311   23    0 77.0 90.0 1
    1 1294   97   84 46.0 50.0 1
    1 3518   27   18 75.0 80.0 1
    1 1694  160  115 32.0 41.0 1
    0 2033   23   21 77.0 78.0 1
    1 3171   97    3 46.0 88.0 1
    1 2193   53   16 62.0 81.0 1
    1 3559  154  115 33.0 41.0 1
    1  357  104   36 44.0 70.0 1
    1  443   78   53 52.0 62.0 1
    1  427  138    0 36.0 90.0 1
    1 1847   97   51 46.0 63.0 1
    1  681   47    3 65.0 88.0 1
    1 2250  115    0 41.0 90.0 1
    1 2119  104   93 44.0 47.0 1
    1 2755   75   45 53.0 66.0 0
    1 1097  107  104 43.0 44.0 0
    1  521  128    7 38.0 86.0 1
    1  655   78   25 52.0 76.0 1
    1 1613   73   29 54.0 74.0 1
    1 1960   65    0 57.0 90.0 1
    1 1515  154    0 33.0 90.0 1
    1 3031  123   18 39.0 80.0 1
    1 3190  154  104 33.0 44.0 1
    1  929   97   67 46.0 56.0 1
    1 3421  128   53 38.0 62.0 1
    1  407   65   58 57.0 60.0 1
    1 3504   16    7 81.0 86.0 1
    1 3249   29    0 74.0 90.0 1
    1 1166  148   36 34.0 70.0 1
    1  395   14   12 82.0 83.0 1
    1 2351  154    3 33.0 88.0 1
    1 2290   93    0 47.0 90.0 1
    1 1102   40    0 68.0 90.0 1
    1  993  133   87 37.0 49.0 1
    1 1630   58    0 60.0 90.0 1
    1  559   51   12 63.0 83.0 1
    1  327   51   29 63.0 74.0 0
    1 1591   38    3 69.0 88.0 1
    1 1392   67    0 56.0 90.0 1
    1 1221  104   40 44.0 68.0 1
    1 1065  104    0 44.0 90.0 1
    1 1261   31    0 73.0 90.0 1
    1 3099   67   23 56.0 77.0 1
    1  815   93   42 47.0 67.0 1
    1 3543   25    0 76.0 90.0 1
    1 3524   90    0 48.0 90.0 1
    1 3053   27    3 75.0 88.0 1
    1 1301  133  111 37.0 42.0 1
    1 2248   23   19 77.0 79.0 1
    1 1771    2    0 89.0 90.0 1
    1  318   27   11 75.0 84.0 0
    1 1882   78    0 52.0 90.0 1
    1  510   81   58 51.0 60.0 1
    1  307   70   45 55.0 66.0 1
    1 2947  123    0 39.0 90.0 1
    1 1013   93   34 47.0 71.0 1
    1 2621  173   49 30.0 64.0 0
    1 2455  154    3 33.0 88.0 1
    1 2563  154    0 33.0 90.0 0
    1 3151   81   29 51.0 74.0 1
    1 2643   31    0 73.0 90.0 1
    1  880  143   23 35.0 77.0 1
    1 2590  107   60 43.0 59.0 1
    1 2011  123    2 39.0 89.0 1
    1 3338    9    0 85.0 90.0 0
    2 1221   53    0 62.0 90.0 1
    1  318   16    0 81.0 90.0 1
    1  525   55   51 61.0 63.0 1
    1 2765   97    0 46.0 90.0 0
    1 3228  166    0 31.0 90.0 1
    1 1481   45    7 66.0 86.0 1
    1 2526  107   84 43.0 50.0 1
    1 1350  148    0 34.0 90.0 1
    1 1325  166   18 31.0 80.0 1
    1 1945  173    0 30.0 90.0 1
    1 2233    2    0 89.0 90.0 1
    1  312   27    0 75.0 90.0 1
    1 2007   53   23 62.0 77.0 1
    1  991    9    0 85.0 90.0 1
    1  724   25    0 76.0 90.0 1
    1 1958   32   16 72.0 81.0 1
    1 3130  148    0 34.0 90.0 1
    1 1890   49   47 64.0 65.0 1
    1 1589   36   29 70.0 74.0 1
    1 3100  133   36 37.0 70.0 1
    1 1194   73   31 54.0 73.0 1
    1 1449   67    0 56.0 90.0 1
    1 3235  133   25 37.0 76.0 0
    1 2804  104   16 44.0 81.0 1
    1 2807   60   12 59.0 83.0 1
    1 3332   42    0 67.0 90.0 1
    1 2642   73   14 54.0 82.0 1
    1 1460   62   29 58.0 74.0 1
    1 3373  166    0 31.0 90.0 1
    1 2392   60   19 59.0 79.0 1
    1 2554   78    0 52.0 90.0 1
    1 1921    9    9 85.0 85.0 1
    1 1884  104   62 44.0 58.0 1
    1  395  123   73 39.0 54.0 1
    1 1029  154  100 33.0 45.0 0
    1 2533   97   55 46.0 61.0 1
    1 2206  100   78 45.0 52.0 1
    1  393  166    0 31.0 90.0 1
    1 2466   75   38 53.0 69.0 0
    1 1806   36   21 70.0 78.0 1
    1 3215   51    0 63.0 90.0 1
    1 2396   11    9 84.0 85.0 1
    1 2707  173    0 30.0 90.0 1
    1 1540   38    7 69.0 86.0 1
    1 1430   78    0 52.0 90.0 1
    1 3359   51    0 63.0 90.0 1
    1 2315  154   14 33.0 82.0 1
    1 3284  115    0 41.0 90.0 1
    1  344  119   31 40.0 73.0 1
    1 2204  115   21 41.0 78.0 1
    1 1321  119    0 40.0 90.0 1
    1 1857  154    0 33.0 90.0 1
    1 1838   45    0 66.0 90.0 1
    1 3014  173  111 30.0 42.0 1
    1 2716   84    0 50.0 90.0 1
    1 2375   84    9 50.0 85.0 1
    1 1336   11    0 84.0 90.0 1
    1 2950  128   60 38.0 59.0 1
    1  469   58   23 60.0 77.0 1
    2 3002   93    7 47.0 86.0 1
    1 2457  133   27 37.0 75.0 1
    1 1275  143    0 35.0 90.0 1
    2 2026    7    0 86.0 90.0 1
    1 2339  160   97 32.0 46.0 0
    1  581   84    2 50.0 89.0 1
    1  472   38    0 69.0 90.0 1
    1 3485  154   87 33.0 49.0 1
    1 2856  154    0 33.0 90.0 1
    1 1424   62    2 58.0 89.0 1
    1 3252  111   90 42.0 48.0 1
    1 3345   55   36 61.0 70.0 1
    1 2710   11    0 84.0 90.0 1
    1 3213   84    9 50.0 85.0 1
    1  401  138    0 36.0 90.0 1
    1  363   87    0 49.0 90.0 1
    1 2958   42    0 67.0 90.0 1
    1 1132  123   29 39.0 74.0 0
    1 3228  111   78 42.0 52.0 1
    1 1628  154   90 33.0 48.0 1
    1 2342  123    0 39.0 90.0 1
    1  409  173    0 30.0 90.0 1
    1 2228   14    7 82.0 86.0 1
    1 1711  166   78 31.0 52.0 1
    1 2441   31   18 73.0 80.0 1
    1 2658  148   32 34.0 72.0 1
    1 3576   78   21 52.0 78.0 0
    1  888   87    0 49.0 90.0 1
    1 2891   93   45 47.0 66.0 0
    1 1011  128    0 38.0 90.0 1
    1 1333  138   70 36.0 55.0 1
    1 1495   29    0 74.0 90.0 1
    1 1095  166    9 31.0 85.0 1
    1 2338  119   90 40.0 48.0 1
    1 2447   97   65 46.0 57.0 0
    1  892   40   12 68.0 83.0 1
    1 1305   42    0 67.0 90.0 1
    1 3077   36    0 70.0 90.0 1
    1  577    2    0 89.0 90.0 1
    1 1201   58    0 60.0 90.0 1
    1 2178  107    0 43.0 90.0 1
    1 1090  128    0 38.0 90.0 1
    1 2300   93   29 47.0 74.0 1
    1 2605  138  133 36.0 37.0 1
    1 3216  100   12 45.0 83.0 1
    1 1866   90    2 48.0 89.0 1
    1 2191   73   34 54.0 71.0 1
    1 2598   11    0 84.0 90.0 1
    1  771   25    0 76.0 90.0 1
    0 3508  173  111 30.0 42.0 1
    1 2864   81   12 51.0 83.0 1
    1 2317   16    3 81.0 88.0 1
    1 1648  133  123 37.0 39.0 0
    1 2064   81   34 51.0 71.0 1
    1 2959   97    0 46.0 90.0 1
    1 3523  148   16 34.0 81.0 1
    1 1177  100   58 45.0 60.0 1
    1 2289   31   21 73.0 78.0 1
    1 1956  100    0 45.0 90.0 1
    1 1837    7    5 86.0 87.0 1
    1  856   75    0 53.0 90.0 1
    1 1714   53    0 62.0 90.0 1
    1  817   38    0 69.0 90.0 1
    1  824   32   19 72.0 79.0 1
    1  692  133  115 37.0 41.0 1
    1 3354   81   14 51.0 82.0 1
    1 3350  100   93 45.0 47.0 0
    1 2094  119   49 40.0 64.0 1
    1 2327  133    0 37.0 90.0 1
    1  848    3    3 88.0 88.0 0
    1 2136   87   87 49.0 49.0 1
    1 1094   60   42 59.0 67.0 1
    1  342   49    2 64.0 89.0 1
    1 2314   60    5 59.0 87.0 1
    1 2488   29    0 74.0 90.0 1
    1 3287   16    0 81.0 90.0 1
    1 3480   27    0 75.0 90.0 0
    1 2752  115   23 41.0 77.0 1
    1  741  115    2 41.0 89.0 1
    1  490   73   14 54.0 82.0 1
    1 1440  111   14 42.0 82.0 1
    1 2262   78   16 52.0 81.0 1
    1 2574  111   93 42.0 47.0 1
    1 3275  173   87 30.0 49.0 1
    1 2099   93    0 47.0 90.0 1
    1  592   75   25 53.0 76.0 1
    1 2248   40    0 68.0 90.0 1
    1 2974  115   78 41.0 52.0 1
    1 1611   29    0 74.0 90.0 1
    1 1064   65   62 57.0 58.0 1
    1 2147   25    0 76.0 90.0 1
    1 3030   12    0 83.0 90.0 1
    1 2475   62   42 58.0 67.0 1
    1 1251   51    0 63.0 90.0 1
    1 1378   55   31 61.0 73.0 1
    1 3428   18    0 80.0 90.0 1
    1 2821  143   47 35.0 65.0 1
    1  921   87   58 49.0 60.0 1
    1 1891   14   12 82.0 83.0 1
    1  484   73   70 54.0 55.0 1
    1 1917   40    0 68.0 90.0 1
    1 3246   65   21 57.0 78.0 1
    1  660   70   42 55.0 67.0 1
    1 1923    3    0 88.0 90.0 1
    1 2343   36   18 70.0 80.0 1
    1 2803   62    0 58.0 90.0 1
    1 1134   49   19 64.0 79.0 1
    1 3539   84    9 50.0 85.0 1
    1 1492  160   75 32.0 53.0 1
    1 1287  133    0 37.0 90.0 1
    1 1772   31   29 73.0 74.0 1
    1  434   62   25 58.0 76.0 1
    1 1100   93   38 47.0 69.0 1
    1 2519  128    0 38.0 90.0 1
    1 2408   40    0 68.0 90.0 0
    1 1698   97   29 46.0 74.0 1
    0  931   67   65 56.0 57.0 1
    1 3288  138   51 36.0 63.0 1
    1 3563   45    9 66.0 85.0 1
    1 1762   90   75 48.0 53.0 1
    1 2384  166  115 31.0 41.0 1
    1 3500   36    5 70.0 87.0 1
    1 2594  160  154 32.0 33.0 1
    1 1401   11   11 84.0 84.0 1
    1 2743  173   31 30.0 73.0 0
    1 2711   87   14 49.0 82.0 1
    2 2413   87   60 49.0 59.0 1
    1 1164  107   21 43.0 78.0 0
    1 2757  160   21 32.0 78.0 1
    1 1071   47    0 65.0 90.0 1
    1 1459   78   34 52.0 71.0 1
    1  611   78   14 52.0 82.0 0
    1 1408   38    0 69.0 90.0 1
    1 1430   97   62 46.0 58.0 1
    1 1264  143  128 35.0 38.0 1
    1  636   97   14 46.0 82.0 1
    1 2123  115  104 41.0 44.0 1
    1 3538   29    0 74.0 90.0 1
    1 2689  128  115 38.0 41.0 1
    1 1565   51   40 63.0 68.0 1
    1 2952   93   25 47.0 76.0 1
    1 1300   19    0 79.0 90.0 1
    1 1314  128    0 38.0 90.0 1
    1 1467   62    0 58.0 90.0 1
    1 1382   70   58 55.0 60.0 1
    1  348   29    0 74.0 90.0 1
    1 2463   55   29 61.0 74.0 0
    1 2590  160   14 32.0 82.0 1
    1 2410   27   21 75.0 78.0 1
    1 1623  138   40 36.0 68.0 1
    1 2189   53    0 62.0 90.0 1
    1 1870  154   65 33.0 57.0 1
    2 1706   51    0 63.0 90.0 0
    1 1753   32   27 72.0 75.0 1
