 400 400 400 127
    1 2539   62    0 58.0 90.0 1
    1 2730   36   23 70.0 77.0 0
    1  344   47   42 65.0 67.0 1
    1 2027   62   21 58.0 78.0 1
    1  413   53   21 62.0 78.0 1
    1 2970   97    0 46.0 90.0 1
    1 1652  143  128 35.0 38.0 1
    1 3137   32    0 72.0 90.0 0
    1 2900  104   25 44.0 76.0 1
    1  680   60    0 59.0 90.0 1
    1 2810   93   40 47.0 68.0 1
    1 2805  128   25 38.0 76.0 1
    1 1360   70   14 55.0 82.0 1
    1 1225  138  115 36.0 41.0 1
    1 1233  133    0 37.0 90.0 1
    1  454  123   25 39.0 76.0 0
    1 2026  119   70 40.0 55.0 1
    1 1422   87    0 49.0 90.0 1
    1 1347   29    7 74.0 86.0 1
    1  907  107   90 43.0 48.0 1
    1 1904  148    5 34.0 87.0 1
    1  765   38    0 69.0 90.0 1
    1 1598  133    5 37.0 87.0 1
    1 2827   62   34 58.0 71.0 1
    1 1518   75   12 53.0 83.0 1
    1  313   78    3 52.0 88.0 1
    1 3370  111    0 42.0 90.0 1
    1 1796   42    3 67.0 88.0 1
    1 1134   81   31 51.0 73.0 1
    1 3130  154  148 33.0 34.0 1
    1 1668   11    0 84.0 90.0 1
    1 1688   78    0 52.0 90.0 1
    1 3464   70    3 55.0 88.0 1
    1 1234   93   29 47.0 74.0 1
    1 1739   31   21 73.0 78.0 1
    1  339   90    0 48.0 90.0 1
    1 1049   58    0 60.0 90.0 1
    1 2291   31   14 73.0 82.0 1
    1 1207   14    0 82.0 90.0 1
    1  544   27    0 75.0 90.0 1
    1 1817   34    0 71.0 90.0 0
    1 1983   67    0 56.0 90.0 1
    1 2161  143    7 35.0 86.0 1
    1 3030  128  119 38.0 40.0 1
    1  762   29    0 74.0 90.0 1
    1 3292   60   23 59.0 77.0 1
    1 1591  128    0 38.0 90.0 1
    1 3410   97   34 46.0 71.0 1
    1 1236   75   40 53.0 68.0 1
    1 2865  133   78 37.0 52.0 1
    1  609  166    2 31.0 89.0 1
    1 1597  123   40 39.0 68.0 1
    1 2552   19    0 79.0 90.0 1
    1 2538  143    0 35.0 90.0 1
    1  461   12    0 83.0 90.0 1
    1  660  111   45 42.0 66.0 1
    1 2970  100   25 45.0 76.0 1
    1 1417  100   51 45.0 63.0 1
    1 1279   73   47 54.0 65.0 1
    1  522   38    0 69.0 90.0 1
    1 1035  154    9 33.0 85.0 1
    1  464   97    0 46.0 90.0 1
    1  473   27    3 75.0 88.0 1
    1 3526    3    0 88.0 90.0 1
    1 3261   23    0 77.0 90.0 1
    1 3343  119   60 40.0 59.0 1
    1 1476   47    0 65.0 90.0 1
    1 2692    2    0 89.0 90.0 1
    1  875   58   45 60.0 66.0 1
    1 1321   55   12 61.0 83.0 1
    1  818   51   16 63.0 81.0 1
    1 1371  148   16 34.0 81.0 1
    1 2643   36    0 70.0 90.0 1
    2 1353  115    0 41.0 90.0 1
    1  432   36    2 70.0 89.0 1
    1 2085  138   70 36.0 55.0 1
    1 3482   49   47 64.0 65.0 1
    1  701  115   67 41.0 56.0 1
    1 2099   51   27 63.0 75.0 1
    1 2487   14   12 82.0 83.0 1
    1 3056   70   19 55.0 79.0 1
    1 1931   87   55 49.0 61.0 1
    1 1221   87   47 49.0 65.0 1
    1  947   27   19 75.0 79.0 1
    1 2708   90   36 48.0 70.0 1
    1 1816   16    9 81.0 85.0 1
    1 2555  166   62 31.0 58.0 1
    1 1666   23    9 77.0 85.0 1
    1 1310  128    0 38.0 90.0 1
    1  646   62   12 58.0 83.0 1
    1 2162   40    0 68.0 90.0 1
    1 2209  123    0 39.0 90.0 0
    1 3552  138   90 36.0 48.0 1
    1 3460   49   38 64.0 69.0 1
    1  647   70   21 55.0 78.0 1
    1 3138  143    2 35.0 89.0 1
    1 2939   67   42 56.0 67.0 1
    1  552   12    0 83.0 90.0 1
    1 1353  104   65 44.0 57.0 1
    1 3458  111    0 42.0 90.0 1
    1 1245   73   51 54.0 63.0 1
    1 3208   62    0 58.0 90.0 1
    1  505   58    0 60.0 90.0 1
    1 3329   51   14 63.0 82.0 1
    1 3482  115   87 41.0 49.0 1
    1 3153  123  107 39.0 43.0 1
    1 1742   70    2 55.0 89.0 1
    1 1909   19   18 79.0 80.0 1
    1 2700   47   45 65.0 66.0 1
    1 2159  148  143 34.0 35.0 1
    1 3435   67   23 56.0 77.0 1
    1 3031  123   90 39.0 48.0 1
    1 2638  173    0 30.0 90.0 1
    1 2782   29   18 74.0 80.0 1
    1 3421  166  104 31.0 44.0 1
    1  639  100    0 45.0 90.0 1
    1 3548    5    0 87.0 90.0 1
    1 1887  133   87 37.0 49.0 1
    1 3363  100    0 45.0 90.0 1
    1 3453   73    9 54.0 85.0 1
    1 1040   55    7 61.0 86.0 0
    1 1207   78   55 52.0 61.0 1
    1  307  107    0 43.0 90.0 1
    1  571  123   11 39.0 84.0 1
    1 2943  119   19 40.0 79.0 1
    1 2316   58    9 60.0 85.0 1
    1 2896  100    0 45.0 90.0 1
    1 1251   16    0 81.0 90.0 1
    1 3399   62    0 58.0 90.0 1
    1 2575   19    0 79.0 90.0 1
    1 2828  148    0 34.0 90.0 1
    1  831   53   38 62.0 69.0 1
    1 3315  143   29 35.0 74.0 1
    1 1892   21   12 78.0 83.0 1
    1 2514   36   25 70.0 76.0 1
    1 2681   65    0 57.0 90.0 1
    1 1807   90    0 48.0 90.0 1
    1 3371   14    0 82.0 90.0 1
    1  360   65    0 57.0 90.0 1
    1 3307  154    0 33.0 90.0 1
    1 2684   19    0 79.0 90.0 1
    1  355   45    0 66.0 90.0 1
    1  505  107    0 43.0 90.0 1
    1 3349  143   29 35.0 74.0 1
    1 2554  119   75 40.0 53.0 1
    1 2267   90    0 48.0 90.0 0
    1 1235  115   73 41.0 54.0 0
    1 1317   12    9 83.0 85.0 1
    1  932  148    0 34.0 90.0 1
    1 2714   87   55 49.0 61.0 1
    1  656  123   73 39.0 54.0 0
    1 3594  107   31 43.0 73.0 1
    1 3513  148   32 34.0 72.0 1
    1 1496   31    0 73.0 90.0 1
    1  573  133   84 37.0 50.0 1
    1 3563  111   34 42.0 71.0 1
    1 1070  138    0 36.0 90.0 0
    1 2368   31    0 73.0 90.0 1
    1 2560  119   90 40.0 48.0 1
    1 2009  119   12 40.0 83.0 1
    1  987   75   40 53.0 68.0 1
    1 3282   16    0 81.0 90.0 1
    1 3069   65   34 57.0 71.0 1
    1  359   87   60 49.0 59.0 1
    1 2453   31    0 73.0 90.0 1
    1 3598   25    0 76.0 90.0 1
    1 2724  143   62 35.0 58.0 1
    1 1910   32   12 72.0 83.0 1
    1  708  143   36 35.0 70.0 1
    1 3048   45   38 66.0 69.0 1
    1 1374  148   60 34.0 59.0 1
    1 2555  166  128 31.0 38.0 1
    1  452   53   42 62.0 67.0 1
    1 3533   55   23 61.0 77.0 1
    1  357  143    0 35.0 90.0 1
    1 3018  160    0 32.0 90.0 1
    1 2226  154   78 33.0 52.0 1
    1 3296  107   12 43.0 83.0 1
    1 1533  119   38 40.0 69.0 1
    1  686   75    0 53.0 90.0 1
    1 1734  133   14 37.0 82.0 1
    1 3208  100   25 45.0 76.0 1
    1 2224  160   97 32.0 46.0 1
    1 1932   90   84 48.0 50.0 1
    1 1596  119   47 40.0 65.0 1
    1  409   81    0 51.0 90.0 0
    1 2963   73    0 54.0 90.0 1
    1 2310   11    0 84.0 90.0 1
    1 1819  119    0 40.0 90.0 1
    1 1082   47   19 65.0 79.0 0
    1 3548   11    0 84.0 90.0 1
    1 3043  138  133 36.0 37.0 1
    1  310   34   14 71.0 82.0 1
    1 2121   70    0 55.0 90.0 1
    1 3454   93    0 47.0 90.0 1
    1 1890  138   70 36.0 55.0 1
    1 1906  111   27 42.0 75.0 1
    1 1309   87    0 49.0 90.0 0
    1  442   31   25 73.0 76.0 1
    1 2019   31   18 73.0 80.0 1
    1  434   67    3 56.0 88.0 1
    1 2604   36   32 70.0 72.0 1
    1 2183   90   65 48.0 57.0 1
    1  428   62   47 58.0 65.0 1
    1 1196    2    0 89.0 90.0 1
    1 2140  138   45 36.0 66.0 1
    1  339  154    0 33.0 90.0 1
    1  899   84    0 50.0 90.0 1
    1 1787  100   38 45.0 69.0 0
    1 2495  166   97 31.0 46.0 1
    1  787   16   16 81.0 81.0 1
    1 2658  143    0 35.0 90.0 1
    1  795   12    0 83.0 90.0 1
    1 1183  104    0 44.0 90.0 1
    1 2805    9    2 85.0 89.0 1
    1  755  166    0 31.0 90.0 1
    1 1851  128   90 38.0 48.0 1
    1 3311  123   75 39.0 53.0 1
    1  311   73    0 54.0 90.0 1
    1 2127   21   14 78.0 82.0 1
    1 1704   97   53 46.0 62.0 1
    1 1229   27   27 75.0 75.0 1
    1 2858   67   27 56.0 75.0 1
    1 3097   78    0 52.0 90.0 1
    1 1508   45    0 66.0 90.0 1
    1 2215  154  123 33.0 39.0 1
    1 1695  111    0 42.0 90.0 1
    1  561  148  119 34.0 40.0 1
    1 1778   53   31 62.0 73.0 1
    1 2012  173  100 30.0 45.0 1
    1 2593  143   62 35.0 58.0 1
    1 3509   78    0 52.0 90.0 1
    1 1133   58   16 60.0 81.0 1
    1  811   49   47 64.0 65.0 1
    1 3278   34    0 71.0 90.0 1
    1 2691   87   14 49.0 82.0 1
    1 1133  128   70 38.0 55.0 0
    1 1450   90   34 48.0 71.0 1
    1 2195  115   45 41.0 66.0 1
    1  873    3    0 88.0 90.0 1
    1  596  100    0 45.0 90.0 1
    1 1482  143    0 35.0 90.0 1
    1 2018   18    0 80.0 90.0 1
    1 2912  143   65 35.0 57.0 1
    1 3565   25    0 76.0 90.0 1
    1 3155   31   18 73.0 80.0 1
    1 2681  128   87 38.0 49.0 1
    1 2355  160   97 32.0 46.0 1
    1  447  111    9 42.0 85.0 1
    1 1133   32    0 72.0 90.0 1
    1 2556  160  111 32.0 42.0 1
    1 2164  128   58 38.0 60.0 1
    1 1793  104    0 44.0 90.0 1
    1 3002  100   49 45.0 64.0 1
    1 1998  123   31 39.0 73.0 0
    1  484   60   25 59.0 76.0 1
    1 3170   25    0 76.0 90.0 1
    1 1992   40    7 68.0 86.0 1
    1 3403   73   60 54.0 59.0 1
    1  388   75    0 53.0 90.0 1
    1  678   67    0 56.0 90.0 0
    1 2920  160    0 32.0 90.0 0
    1  823   81   18 51.0 80.0 1
    1 2041   90   78 48.0 52.0 1
    1 3267   93   47 47.0 65.0 0
    1 1753  160   27 32.0 75.0 1
    1 2725   40    5 68.0 87.0 1
    0 3026   32    0 72.0 90.0 1
    1 1105    2    0 89.0 90.0 1
    1 2265   75    0 53.0 90.0 1
    1 2112   21    0 78.0 90.0 1
    1 2473   51   45 63.0 66.0 1
    1 3549  154    0 33.0 90.0 0
    1  461   60   53 59.0 62.0 1
    1  898  100   29 45.0 74.0 1
    1 1087   84   36 50.0 70.0 1
    1 2795  104   27 44.0 75.0 1
    1 2972  115   70 41.0 55.0 1
    1 3244  173  154 30.0 33.0 1
    1 1431   58   49 60.0 64.0 1
    1 1529   93   42 47.0 67.0 1
    1 3255  133  128 37.0 38.0 1
    1  381   70    0 55.0 90.0 1
    1  762   84    0 50.0 90.0 1
    1 1257  138    0 36.0 90.0 1
    1 2354   67   55 56.0 61.0 1
    1 1392   87   67 49.0 56.0 1
    1 2956   97    0 46.0 90.0 1
    1 3002   73   16 54.0 81.0 1
    1 2622  100    0 45.0 90.0 1
    1  739   97    0 46.0 90.0 1
    1 2334   38   32 69.0 72.0 1
    1 1681   70   34 55.0 71.0 1
    1 2945  123   21 39.0 78.0 1
    1  476  143    0 35.0 90.0 1
    1 1954  104   65 44.0 57.0 1
    1 3325   84    3 50.0 88.0 0
    1  705   70   12 55.0 83.0 1
    1 2061  160   49 32.0 64.0 1
    1 3143  148   21 34.0 78.0 1
    1 1906  111   23 42.0 77.0 1
    1  438   49   16 64.0 81.0 1
    1  825   27   19 75.0 79.0 0
    1  776  111    0 42.0 90.0 1
    1  654  154   51 33.0 63.0 0
    1 3509  154  104 33.0 44.0 1
    1 1827   16    0 81.0 90.0 1
    1 1992  154   12 33.0 83.0 0
    1 2811   78    0 52.0 90.0 1
    1 2498   14   11 82.0 84.0 1
    1 1906  160    0 32.0 90.0 1
    1 1461    2    0 89.0 90.0 1
    1  321   25    0 76.0 90.0 1
    1  323   58   27 60.0 75.0 1
    1 2930    7    0 86.0 90.0 1
    1 1535  138   21 36.0 78.0 0
    1 1258   40    2 68.0 89.0 1
    1  986  111   47 42.0 65.0 1
    1 1656   14    0 82.0 90.0 0
    1 2104   75   73 53.0 54.0 0
    1 3395  154   29 33.0 74.0 1
    1 1050   67    2 56.0 89.0 0
    1 1143   42   42 67.0 67.0 1
    1 3470  143    0 35.0 90.0 1
    1 1718  115   23 41.0 77.0 1
    1 2244    9    0 85.0 90.0 1
    1 1857   38   16 69.0 81.0 1
    1 1964  173    0 30.0 90.0 1
    1 1254  143   90 35.0 48.0 1
    1 2205    9    0 85.0 90.0 0
    1 2798  173   84 30.0 50.0 1
    1  625   51    0 63.0 90.0 1
    1 2128  119  111 40.0 42.0 0
    1 3278  166    0 31.0 90.0 1
    1 2272   31   18 73.0 80.0 1
    1 2873  104   25 44.0 76.0 1
    1 2280  115   75 41.0 53.0 1
    1 1389   62   19 58.0 79.0 1
    1 1356  148   29 34.0 74.0 1
    1 1784  128   81 38.0 51.0 1
    1  958   81    0 51.0 90.0 1
    1  443   90    9 48.0 85.0 0
    1 2395  107   90 43.0 48.0 1
    1 1684  166  143 31.0 35.0 0
    1 1952   21    0 78.0 90.0 1
    1 3464   25   21 76.0 78.0 1
    1 1849   90   29 48.0 74.0 1
    1  620   29    0 74.0 90.0 1
    1 3220  107   38 43.0 69.0 1
    1 1321   32    0 72.0 90.0 1
    1 1598   78   38 52.0 69.0 1
    1 3481   47    3 65.0 88.0 1
    1  497   93    0 47.0 90.0 1
    1 3409  166    0 31.0 90.0 1
    1 1953   87   23 49.0 77.0 1
    1 2034   31    0 73.0 90.0 1
    1 1283  173   47 30.0 65.0 1
    1  776   38    0 69.0 90.0 1
    1  340   47    2 65.0 89.0 1
    1  698  138   16 36.0 81.0 1
    1 3110   78    0 52.0 90.0 1
    1  810  143  107 35.0 43.0 1
    1 3128   55   47 61.0 65.0 1
    1 1056   62   34 58.0 71.0 1
    1 1976   31   12 73.0 83.0 1
    1 2796   27    0 75.0 90.0 1
    1 2442  104   29 44.0 74.0 1
    1 1280   60    5 59.0 87.0 1
    1 2012  148   75 34.0 53.0 1
    1 1098   45    7 66.0 86.0 1
    1 2309   87    0 49.0 90.0 1
    1 2809   78   29 52.0 74.0 1
    1 2897   84   49 50.0 64.0 1
    1 3125   65    0 57.0 90.0 0
    1  599   36    5 70.0 87.0 1
    1 2514   60    0 59.0 90.0 1
    1  782   40    0 68.0 90.0 1
    1 2628   75    0 53.0 90.0 1
    1 3292   14    0 82.0 90.0 1
    1 3575  154   19 33.0 79.0 0
    1 3010   90   16 48.0 81.0 1
    1 2519   70    0 55.0 90.0 0
    1 3546   51    0 63.0 90.0 1
    1 2078   97    0 46.0 90.0 0
    1  581  133   93 37.0 47.0 1
    1 3053    7    0 86.0 90.0 1
    1 1661   81    0 51.0 90.0 0
    1 2574  154   47 33.0 65.0 1
    1 1036    7    0 86.0 90.0 1
    1 2301  115    0 41.0 90.0 1
    1 2217   55   11 61.0 84.0 1
    1 3453  166   58 31.0 60.0 1
    1 1881  104   58 44.0 60.0 1
    1 1458  166   31 31.0 73.0 1
    1  669   16    0 81.0 90.0 1
    1 2569   62    2 58.0 89.0 1
    1 1336   62   38 58.0 69.0 1
    1 3108   12    0 83.0 90.0 1
    1 3398   12    0 83.0 90.0 1
    1 1971  104    7 44.0 86.0 1
