 400 400 400 127
    1 2683  173    0 30.0 90.0 1
    1 2411    5    5 87.0 87.0 1
    1 1136   67    0 56.0 90.0 1
    1 3373   36    0 70.0 90.0 0
    1 3468   14    5 82.0 87.0 1
    1  315   23    0 77.0 90.0 1
    1 3520  166    0 31.0 90.0 1
    1 2763  154   27 33.0 75.0 1
    1 3181  111   18 42.0 80.0 1
    1 2023    2    0 89.0 90.0 0
    1 2591  160   18 32.0 80.0 1
    1 2658   67    0 56.0 90.0 1
    1 3003   97    0 46.0 90.0 1
    1  856  148    0 34.0 90.0 1
    1 2125   93   34 47.0 71.0 1
    1  817  133   67 37.0 56.0 1
    1 3248  115   51 41.0 63.0 1
    1 1574   27    0 75.0 90.0 1
    1 3057   67    0 56.0 90.0 1
    1  492   38   11 69.0 84.0 1
    1  874   81   65 51.0 57.0 1
    1 2569   51   32 63.0 72.0 0
    1 2791   49    3 64.0 88.0 1
    1  949   51   29 63.0 74.0 1
    1 1529   47   18 65.0 80.0 1
    1  941   81   40 51.0 68.0 1
    1  555  138    0 36.0 90.0 1
    1  489   36   18 70.0 80.0 1
    1  938   75    0 53.0 90.0 0
    1  662  166   49 31.0 64.0 1
    1 2553   18    0 80.0 90.0 1
    1 2320  160   65 32.0 57.0 1
    1 1040  115    0 41.0 90.0 1
    1 2990  115   84 41.0 50.0 1
    1 1932   32    5 72.0 87.0 1
    2 1013  119   55 40.0 61.0 1
    1 1873  138   27 36.0 75.0 1
    1 2396   45    0 66.0 90.0 0
    1  664   87    0 49.0 90.0 1
    1 3278   90   29 48.0 74.0 1
    1 2482  119   97 40.0 46.0 1
    1 1039  128   65 38.0 57.0 0
    1 3008  107   73 43.0 54.0 1
    1 2242   16    3 81.0 88.0 1
    0 1075    7    0 86.0 90.0 1
    1 3193  154    3 33.0 88.0 1
    1 1577   90   67 48.0 56.0 0
    1 1422  166   70 31.0 55.0 1
    1  579   93   27 47.0 75.0 1
    1 1741  119   47 40.0 65.0 1
    1 2386  138  100 36.0 45.0 1
    1  546  111   47 42.0 65.0 1
    1  946   42    0 67.0 90.0 1
    1 2865   65   32 57.0 72.0 1
    1 2229   11    2 84.0 89.0 1
    1 1310  173    0 30.0 90.0 0
    1 2978   97   47 46.0 65.0 1
    1 3511   58   18 60.0 80.0 1
    1 2147   11    0 84.0 90.0 1
    1  997  154   42 33.0 67.0 1
    1 2960  154   70 33.0 55.0 1
    1  953  123   29 39.0 74.0 1
    1 3197   87    0 49.0 90.0 1
    1 1693   73   31 54.0 73.0 1
    1  798   87   42 49.0 67.0 1
    1 1078   67   60 56.0 59.0 1
    1  459   58    0 60.0 90.0 1
    1 1618   70   60 55.0 59.0 1
    1  389   12    0 83.0 90.0 1
    1 2860   87   73 49.0 54.0 1
    1 1338  160   75 32.0 53.0 1
    1 1996    9    3 85.0 88.0 1
    1 1331   75    0 53.0 90.0 1
    1 2190   40   27 68.0 75.0 0
    1 2886  100   60 45.0 59.0 0
    1 3043  111    0 42.0 90.0 1
    1 3026   93    0 47.0 90.0 1
    1 3544    3    0 88.0 90.0 1
    1 3464  160   29 32.0 74.0 0
    1 2164   62   38 58.0 69.0 1
    1 1762  143   93 35.0 47.0 1
    1 3068   81   70 51.0 55.0 1
    1  510  107   12 43.0 83.0 1
    1 3011   78   29 52.0 74.0 1
    1 1083   81   12 51.0 83.0 1
    1 1730   32    0 72.0 90.0 1
    1 2370  133   78 37.0 52.0 1
    1 2534  100    0 45.0 90.0 1
    1 3024  138  100 36.0 45.0 1
    1 2097  107    0 43.0 90.0 1
    1 1427  119    0 40.0 90.0 1
    1  444  128   29 38.0 74.0 1
    1 2703  166    0 31.0 90.0 1
    1 1098   49    0 64.0 90.0 1
    1 2654  160  128 32.0 38.0 1
    1 2562   40   23 68.0 77.0 1
    1 2066   25   12 76.0 83.0 1
    1 2051   97   93 46.0 47.0 1
    1 1759  148  128 34.0 38.0 1
    1 3293   93    7 47.0 86.0 1
    1 1682   47    0 65.0 90.0 1
    1 3310   12    0 83.0 90.0 1
    1 2294   73    0 54.0 90.0 1
    1 2203  173   29 30.0 74.0 1
    0 2166  123   78 39.0 52.0 1
    1 2369   70   21 55.0 78.0 1
    1  815   78   47 52.0 65.0 1
    1 1283  128   18 38.0 80.0 1
    1 1901   11    0 84.0 90.0 1
    1 1256  100   42 45.0 67.0 1
    1 2241  123   19 39.0 79.0 1
    1 2892   38   36 69.0 70.0 1
    0 2226   60    0 59.0 90.0 1
    1 3015   78   18 52.0 80.0 1
    1 2454  111  100 42.0 45.0 1
    1 3109   32    0 72.0 90.0 1
    1 1809   90    0 48.0 90.0 1
    1  311   29    0 74.0 90.0 1
    1 2590  166   19 31.0 79.0 1
    1 3047   38    3 69.0 88.0 1
    1 2311   53    7 62.0 86.0 1
    1 3203  173   55 30.0 61.0 1
    1 1057  173    0 30.0 90.0 1
    2  960   73   29 54.0 74.0 1
    1  583   53    0 62.0 90.0 1
    1 2105   25    9 76.0 85.0 1
    1 3249    2    0 89.0 90.0 1
    1 1773   73    0 54.0 90.0 0
    1  606   23   23 77.0 77.0 1
    1 2389   47   21 65.0 78.0 0
    1 2584   84   23 50.0 77.0 1
    1  635  166    0 31.0 90.0 1
    1 1418   36    0 70.0 90.0 1
    1  967   73    0 54.0 90.0 1
    1  758   55    3 61.0 88.0 1
    1  484  100   58 45.0 60.0 1
    1  706   16    5 81.0 87.0 1
    1 3024  143    0 35.0 90.0 1
    1  439  133   45 37.0 66.0 1
    1 3474  128   14 38.0 82.0 1
    1 2471   18    2 80.0 89.0 1
    1 2396   84   55 50.0 61.0 1
    1 3151  133   12 37.0 83.0 1
    1  728  111   18 42.0 80.0 1
    1 3408   90   38 48.0 69.0 1
    1 1364   78    7 52.0 86.0 1
    1 3592  166    5 31.0 87.0 1
    1  919   55   19 61.0 79.0 1
    0 3417   70    0 55.0 90.0 1
    1  569   18    7 80.0 86.0 0
    1 1667   12    0 83.0 90.0 1
    1 3150  133    0 37.0 90.0 1
    1  522   73   53 54.0 62.0 1
    1  694   58    5 60.0 87.0 1
    1  817   70    0 55.0 90.0 1
    1 2995   75   21 53.0 78.0 1
    1  728  166    5 31.0 87.0 1
    1 2361   93   21 47.0 78.0 1
    1 2551    2    0 89.0 90.0 1
    1 2949   60    2 59.0 89.0 1
    1 3192    3    0 88.0 90.0 1
    1 2069   45   23 66.0 77.0 1
    1  973   75    9 53.0 85.0 1
    1  675   38   29 69.0 74.0 1
    1 1021  154    7 33.0 86.0 1
    1  520  173   21 30.0 78.0 1
    1 3494   62   58 58.0 60.0 1
    1 3189   65   62 57.0 58.0 0
    1 3325   51    0 63.0 90.0 1
    1 2721   90   16 48.0 81.0 1
    1 3115   29    0 74.0 90.0 1
    1 2892  173   70 30.0 55.0 1
    1  469   36    0 70.0 90.0 1
    1 2039  100   49 45.0 64.0 1
    1  805  119   75 40.0 53.0 1
    0  470  166    9 31.0 85.0 1
    1 2454   27    0 75.0 90.0 1
    1  613   47    0 65.0 90.0 1
    1 3054   84   36 50.0 70.0 1
    1 2541  173   31 30.0 73.0 1
    1  868  173    0 30.0 90.0 1
    1 1992  154    0 33.0 90.0 1
    1 3063  111   55 42.0 61.0 1
    2  908   87   73 49.0 54.0 1
    1 2441   67    0 56.0 90.0 1
    1 2760   67    0 56.0 90.0 0
    1  855  104   16 44.0 81.0 1
    1 1902  100   36 45.0 70.0 1
    1 3295   58    3 60.0 88.0 1
    1 3560   31    0 73.0 90.0 1
    1 1040   90   29 48.0 74.0 1
    1 2929  154   60 33.0 59.0 1
    1 3417   36    0 70.0 90.0 1
    1 3392   87   73 49.0 54.0 1
    1 1767   78   42 52.0 67.0 0
    1 3290   21    0 78.0 90.0 0
    1 3255   87   78 49.0 52.0 1
    1 1535  104   65 44.0 57.0 1
    1  987   40    0 68.0 90.0 1
    1 1939  123   23 39.0 77.0 1
    1 2669   84   36 50.0 70.0 1
    1  781   55    0 61.0 90.0 1
    1  655   27   21 75.0 78.0 1
    1 1919   42    0 67.0 90.0 1
    1 2620    5    0 87.0 90.0 1
    1 2458  115   11 41.0 84.0 0
    1 2987   36   34 70.0 71.0 0
    2 1097   78    0 52.0 90.0 0
    1  567   51   32 63.0 72.0 1
    1 2321   90   84 48.0 50.0 1
    2 2011   78   31 52.0 73.0 1
    1 2929   23    0 77.0 90.0 1
    1  346    9    0 85.0 90.0 1
    1 3056   47   36 65.0 70.0 1
    1 3012   58    0 60.0 90.0 1
    1  758  111   75 42.0 53.0 1
    1 3403  166   93 31.0 47.0 1
    0 1397  111   34 42.0 71.0 0
    1 2916   29    0 74.0 90.0 1
    1 3411  173   11 30.0 84.0 1
    1 2249   93   49 47.0 64.0 1
    1 1663   31    0 73.0 90.0 0
    1 3313   25   21 76.0 78.0 1
    1 3088   38    0 69.0 90.0 1
    1 2813  107   29 43.0 74.0 0
    2 1958   11    0 84.0 90.0 1
    1 2249   75   21 53.0 78.0 1
    1  369   58    0 60.0 90.0 1
    1 2464   27   23 75.0 77.0 1
    1 2816  128  111 38.0 42.0 0
    1 2212  173   34 30.0 71.0 1
    1 3591   97   21 46.0 78.0 1
    1  847   55   19 61.0 79.0 0
    1  467   75   45 53.0 66.0 1
    1  659   90   14 48.0 82.0 1
    1 1622   60    0 59.0 90.0 0
    0 1774    9    0 85.0 90.0 1
    1 2966   19    0 79.0 90.0 1
    1 1516  148   65 34.0 57.0 1
    1  727    3    2 88.0 89.0 1
    1 1122   90   12 48.0 83.0 1
    1 2281  148   73 34.0 54.0 1
    1 1379    9    0 85.0 90.0 1
    1 1025  104    0 44.0 90.0 1
    1 1129   19    0 79.0 90.0 1
    1 2691   25    0 76.0 90.0 1
    1 2255   49   47 64.0 65.0 1
    1 2198  133   11 37.0 84.0 1
    1 3191  128   58 38.0 60.0 1
    1 1063  123    0 39.0 90.0 1
    1 1000  119   60 40.0 59.0 1
    1 1939   23    0 77.0 90.0 0
    1 1973   14    0 82.0 90.0 1
    1  768   81   42 51.0 67.0 1
    1 2888   73   12 54.0 83.0 1
    1 1317   81   19 51.0 79.0 1
    1 2291  104   67 44.0 56.0 1
    1  710   81   19 51.0 79.0 0
    1 3161  143  104 35.0 44.0 1
    1 3274   32    2 72.0 89.0 1
    1 3129  166   81 31.0 51.0 1
    1 1891  173  104 30.0 44.0 1
    1 3290   60    0 59.0 90.0 1
    1  566   14    0 82.0 90.0 1
    1 1232   62    0 58.0 90.0 1
    1 2635   27   12 75.0 83.0 1
    1 3446   38   12 69.0 83.0 1
    1 2540   70    0 55.0 90.0 1
    1  649  148  107 34.0 43.0 1
    1 2944   49    0 64.0 90.0 1
    1 2154  107   14 43.0 82.0 1
    1 1879   47    0 65.0 90.0 1
    1 2787   75    0 53.0 90.0 1
    1 1685  154   29 33.0 74.0 1
    1  311   73    0 54.0 90.0 1
    1 1356   16    0 81.0 90.0 1
    1 2875  123    0 39.0 90.0 1
    1 3452   29   19 74.0 79.0 1
    1 2410   97    0 46.0 90.0 1
    1 2107  173  100 30.0 45.0 1
    1 2278  160  119 32.0 40.0 1
    1 1386   65    5 57.0 87.0 1
    1 2325  143   84 35.0 50.0 1
    1 2433   53   12 62.0 83.0 1
    1 3459  100    9 45.0 85.0 1
    1 2807  104    0 44.0 90.0 1
    1 3265    5    0 87.0 90.0 0
    1 2384   93   87 47.0 49.0 1
    1 2582   11    0 84.0 90.0 1
    1 2656  119   90 40.0 48.0 1
    1 2631  160    5 32.0 87.0 1
    1 2940  154    0 33.0 90.0 1
    1  684  154   73 33.0 54.0 0
    1 2129   55    7 61.0 86.0 1
    1 1142  119   58 40.0 60.0 1
    1 3294   93   87 47.0 49.0 1
    1 1287   31    0 73.0 90.0 1
    1 1318   49   27 64.0 75.0 1
    1  961   87    0 49.0 90.0 1
    1 3461   58    0 60.0 90.0 1
    1 2983  138   11 36.0 84.0 1
    1 1492   47    0 65.0 90.0 1
    1 2144  166   78 31.0 52.0 1
    1 2917   60    0 59.0 90.0 1
    1 3595   58    0 60.0 90.0 1
    1  623   40    9 68.0 85.0 1
    1 3317  173   40 30.0 68.0 1
    1 1241   87   49 49.0 64.0 1
    1 1865    9    7 85.0 86.0 1
    1  386   58    0 60.0 90.0 0
    1 3133  100   75 45.0 53.0 1
    1 1711  100    0 45.0 90.0 1
    1  308   29    0 74.0 90.0 1
    1 3363  166   58 31.0 60.0 1
    1 2484  115   19 41.0 79.0 1
    1 3032   60    0 59.0 90.0 1
    1 3053   90    0 48.0 90.0 1
    1 1971    3    2 88.0 89.0 1
    1  736   62    0 58.0 90.0 1
    1 3346  138    0 36.0 90.0 1
    1 2619  104  104 44.0 44.0 1
    1 2596  115   40 41.0 68.0 1
    1  661   36    0 70.0 90.0 1
    1 3162   62    0 58.0 90.0 1
    1 2314   65    5 57.0 87.0 0
    1 2211   97   18 46.0 80.0 1
    1  510   42   27 67.0 75.0 0
    2 2554   97   47 46.0 65.0 1
    1 2453  111    0 42.0 90.0 1
    1  322   32   25 72.0 76.0 1
    1 3098    7    0 86.0 90.0 1
    1 1025  143   38 35.0 69.0 1
    1  437  107    0 43.0 90.0 1
    1 2260   65    0 57.0 90.0 1
    1 1419  133   14 37.0 82.0 0
    1 3081  148  100 34.0 45.0 1
    1 1935   27    0 75.0 90.0 1
    1 3445  111   12 42.0 83.0 1
    1 3038   38    0 69.0 90.0 1
    1 2872  111    0 42.0 90.0 1
    1 1276   55    0 61.0 90.0 1
    1 1023   70    0 55.0 90.0 1
    1 3302   51   45 63.0 66.0 1
    1 1053    7    0 86.0 90.0 1
    0 2511  138    0 36.0 90.0 0
    1  838    3    2 88.0 89.0 1
    1 3359   62    2 58.0 89.0 1
    1 2354   21   18 78.0 80.0 1
    1 1674   93    0 47.0 90.0 1
    1 3140  173  133 30.0 37.0 1
    1  963   34    0 71.0 90.0 1
    1 3124  128    0 38.0 90.0 1
    1 2767  166    9 31.0 85.0 1
    1 2414  111  100 42.0 45.0 1
    1 2554  100   73 45.0 54.0 1
    1 1248  143    0 35.0 90.0 1
    1 2887   75    0 53.0 90.0 1
    1 1145  115   62 41.0 58.0 1
    1  940   65    0 57.0 90.0 1
    2 3149   16   12 81.0 83.0 1
    1 1152   38    0 69.0 90.0 1
    1  886  143   32 35.0 72.0 1
    1 2772  111  100 42.0 45.0 0
    1  454   62    0 58.0 90.0 0
    1 3339   84   65 50.0 57.0 1
    1  861   60   53 59.0 62.0 0
    1 1900   21    0 78.0 90.0 1
    1 2563   36    0 70.0 90.0 1
    1 2380   14    0 82.0 90.0 1
    1 2852   81   25 51.0 76.0 1
    1 1501   42   38 67.0 69.0 1
    1  408  111    0 42.0 90.0 1
    1 1016   81    0 51.0 90.0 0
    1 2169   97   32 46.0 72.0 0
    1 1075    2    0 89.0 90.0 1
    1 3212  104    0 44.0 90.0 0
    1 3376  123   87 39.0 49.0 1
    1  784   70    0 55.0 90.0 1
    1 2781    2    0 89.0 90.0 1
    1 2504  160    0 32.0 90.0 1
    1 1964   23    0 77.0 90.0 1
    1 2210  133   70 37.0 55.0 1
    1 1035  123    0 39.0 90.0 1
    1 2270  107   49 43.0 64.0 1
    1 3195   16    0 81.0 90.0 1
    1 1059  154    5 33.0 87.0 1
    1 1159    9    2 85.0 89.0 1
    1  338   38    3 69.0 88.0 1
    1 3201   87   31 49.0 73.0 1
    1 2084   58    0 60.0 90.0 1
    1 1245   62   45 58.0 66.0 1
    1 2517  166   12 31.0 83.0 1
    1 1900  148  119 34.0 40.0 1
    1  347   53   51 62.0 63.0 1
    1 1375   38    0 69.0 90.0 1
    1 2400   36   36 70.0 70.0 1
    1 1284  107   27 43.0 75.0 0
    1 2293  138  138 36.0 36.0 1
    1  309   51   47 63.0 65.0 1
    1  653  107   23 43.0 77.0 1
