 400 400 400 127
    1 3419  166    0 31.0 90.0 1
    1 2876  173    0 30.0 90.0 1
    1  754  173    9 30.0 85.0 1
    1 2274  128    0 38.0 90.0 1
    1 2129  154    0 33.0 90.0 0
    1 2310  166  100 31.0 45.0 0
    1 3057  173  107 30.0 43.0 0
    1 2796   67   67 56.0 56.0 1
    1 1950   90   25 48.0 76.0 0
    1  785  100    2 45.0 89.0 1
    1 2938  166   14 31.0 82.0 1
    1 3477  148   93 34.0 47.0 1
    1 1640   21    0 78.0 90.0 0
    1 1327   62    2 58.0 89.0 0
    1  812   97    0 46.0 90.0 1
    1 2579  143   32 35.0 72.0 1
    1  428    3    0 88.0 90.0 1
    1 3207   90    5 48.0 87.0 0
    1 1941  138    0 36.0 90.0 1
    1 2786  138   45 36.0 66.0 1
    1 2957  148   18 34.0 80.0 1
    1 3345  128   81 38.0 51.0 1
    1 2235   65    0 57.0 90.0 1
    1 2617   18    0 80.0 90.0 1
    1 3038  166  143 31.0 35.0 1
    1 2240   60   12 59.0 83.0 1
    1 3558   87    0 49.0 90.0 1
    1 2709  133   49 37.0 64.0 1
    1  810   62   51 58.0 63.0 1
    1 2025   90   14 48.0 82.0 1
    1 2972   62    0 58.0 90.0 1
    1 2532    5    0 87.0 90.0 1
    1 3158   87   67 49.0 56.0 1
    1 2171   60   16 59.0 81.0 1
    1 1839   14    2 82.0 89.0 0
    1 2207  107    0 43.0 90.0 1
    1 1639   47    0 65.0 90.0 1
    1 1637  166    2 31.0 89.0 1
    1 1528  115   31 41.0 73.0 1
    1 3267  111   31 42.0 73.0 1
    1 1307   78   16 52.0 81.0 1
    1 1645   34   21 71.0 78.0 1
    1 2381  173   14 30.0 82.0 1
    1 2104   42    0 67.0 90.0 1
    1  910   70    0 55.0 90.0 1
    1 3205   97   47 46.0 65.0 1
    1 2188   65   65 57.0 57.0 0
    1 2803  123   11 39.0 84.0 1
    1 1971  123   73 39.0 54.0 1
    1 1362   67   38 56.0 69.0 1
    1  471   97    0 46.0 90.0 1
    1  490   78   34 52.0 71.0 1
    1  691   58   42 60.0 67.0 1
    1 1190   81   14 51.0 82.0 1
    1  881   45   25 66.0 76.0 1
    1 1350   87   84 49.0 50.0 0
    1 2948   14    3 82.0 88.0 1
    1 1025    3    0 88.0 90.0 1
    1 2682  143    0 35.0 90.0 1
    1 1676  123   70 39.0 55.0 1
    1 2512   49    0 64.0 90.0 1
    1  653   53   14 62.0 82.0 0
    1 1929   12    0 83.0 90.0 1
    1  866   73   14 54.0 82.0 1
    1 3577   84    0 50.0 90.0 1
    1 1905    2    0 89.0 90.0 0
    1 3071   93    0 47.0 90.0 1
    1 2743    9    0 85.0 90.0 1
    1  717   81    2 51.0 89.0 1
    1  718  133    0 37.0 90.0 1
    1  877   32    0 72.0 90.0 1
    1  351  123   23 39.0 77.0 1
    1 3437  160   47 32.0 65.0 0
    1 1791   31   14 73.0 82.0 1
    1  791  119    0 40.0 90.0 1
    1 2456   53   14 62.0 82.0 0
    1 2136   47    5 65.0 87.0 1
    1 3207   87    0 49.0 90.0 1
    1 2961  119   55 40.0 61.0 1
    1 1050   38    0 69.0 90.0 1
    1 1024   32    0 72.0 90.0 1
    1 2846   87   81 49.0 51.0 1
    1 1261    5    0 87.0 90.0 0
    1 3443  123   11 39.0 84.0 0
    1 3148  119   11 40.0 84.0 1
    1 3330   42    0 67.0 90.0 1
    1 1268  173  173 30.0 30.0 1
    1 3415  104    9 44.0 85.0 1
    1 2696  123   16 39.0 81.0 1
    1  774   34   27 71.0 75.0 1
    1  365  154    5 33.0 87.0 1
    1 1222  104   51 44.0 63.0 1
    1 1003  115   21 41.0 78.0 1
    1 1690  104    5 44.0 87.0 1
    1  598   31    0 73.0 90.0 1
    1 1169  104    0 44.0 90.0 1
    1  885   18    2 80.0 89.0 1
    1 2154   93    9 47.0 85.0 1
    1 1208   53    0 62.0 90.0 1
    1 1465  138   14 36.0 82.0 1
    1 2245  166    0 31.0 90.0 1
    1  874   81    0 51.0 90.0 1
    1 3352   21   11 78.0 84.0 1
    1 3103   14    0 82.0 90.0 1
    1 3147  166   87 31.0 49.0 1
    1  948  100   12 45.0 83.0 0
    1 1037   97   45 46.0 66.0 1
    1 3542  115  100 41.0 45.0 1
    1 2711  107   32 43.0 72.0 1
    1 1055  138    0 36.0 90.0 1
    1 2342   75   31 53.0 73.0 1
    1 2329  115   29 41.0 74.0 1
    1 1634    2    0 89.0 90.0 1
    1 2938   55   18 61.0 80.0 1
    1  452   87   58 49.0 60.0 1
    1 2584   38    0 69.0 90.0 1
    1 2729  128   14 38.0 82.0 1
    1 2823  107   60 43.0 59.0 1
    1 2055  115   60 41.0 59.0 1
    1 1475   58   36 60.0 70.0 1
    1 3575    7    0 86.0 90.0 1
    1 3348   42    0 67.0 90.0 1
    1 2194   51    0 63.0 90.0 1
    1 3114   31    0 73.0 90.0 1
    1  841  115    0 41.0 90.0 1
    1 1960   60   55 59.0 61.0 0
    1 1779  173    0 30.0 90.0 1
    1 1167   84   21 50.0 78.0 1
    1 2154  138    0 36.0 90.0 1
    1 1949  133   65 37.0 57.0 1
    1 1178   21    0 78.0 90.0 1
    1 3505   40   14 68.0 82.0 1
    1 2513   90   60 48.0 59.0 1
    1 3217   49   21 64.0 78.0 1
    1 2966   23   21 77.0 78.0 1
    1 2195  123    0 39.0 90.0 1
    1 1575  111    0 42.0 90.0 1
    1 1168   51    0 63.0 90.0 1
    1 3567  138   93 36.0 47.0 1
    1 2394   58   55 60.0 61.0 1
    1  765   11    0 84.0 90.0 1
    1 1316  173   78 30.0 52.0 1
    1 3007  143   87 35.0 49.0 1
    1  979  143    0 35.0 90.0 1
    1 2233   32    0 72.0 90.0 1
    1 2880   55   32 61.0 72.0 1
    1 3064   58   40 60.0 68.0 1
    1 2674   42    0 67.0 90.0 0
    1 1342   23    0 77.0 90.0 1
    1  433   51    0 63.0 90.0 1
    1 2456  138   40 36.0 68.0 1
    1 1496  173   70 30.0 55.0 1
    1 3179  104   31 44.0 73.0 1
    1 2691   97   51 46.0 63.0 0
    1 3015  111    0 42.0 90.0 1
    1 3239   97    0 46.0 90.0 1
    1 2410   90   32 48.0 72.0 1
    1 2494   60   29 59.0 74.0 1
    1 2310  111  111 42.0 42.0 1
    1 1432   81    0 51.0 90.0 1
    1  619  119   40 40.0 68.0 1
    1 1806   53    7 62.0 86.0 1
    1 3597   49    0 64.0 90.0 1
    1 3254   97    0 46.0 90.0 1
    1 1519   73    0 54.0 90.0 1
    1 1390   32    7 72.0 86.0 1
    1 3385  104   12 44.0 83.0 1
    1  757  100   29 45.0 74.0 1
    1 3419   90   18 48.0 80.0 1
    1 3426   38   23 69.0 77.0 1
    1 1895  104    0 44.0 90.0 0
    1 1109   19    0 79.0 90.0 1
    1 1678  133    0 37.0 90.0 1
    1 2050   29    0 74.0 90.0 1
    1 1571   14   14 82.0 82.0 1
    1  463  107    0 43.0 90.0 1
    1 2913  119   32 40.0 72.0 1
    1 3545   67    0 56.0 90.0 0
    1  512  166   45 31.0 66.0 1
    1 2563  128   19 38.0 79.0 1
    1 2542  123   60 39.0 59.0 1
    1 1706  111    0 42.0 90.0 1
    1  568   32    9 72.0 85.0 1
    1  467   97   11 46.0 84.0 1
    1 1098   81   45 51.0 66.0 0
    1 1338   47    0 65.0 90.0 1
    1 2794  143   23 35.0 77.0 1
    1 2719  166  104 31.0 44.0 1
    1  692  111   36 42.0 70.0 1
    1 1850   14    2 82.0 89.0 1
    1 2868   93   84 47.0 50.0 1
    1  991   55   16 61.0 81.0 1
    1 1013  133    0 37.0 90.0 1
    1 1525   60   12 59.0 83.0 1
    1 3123  104    0 44.0 90.0 1
    1  815  160   27 32.0 75.0 1
    1 1133   55   32 61.0 72.0 0
    1 2857   55   47 61.0 65.0 1
    1 2712    9    0 85.0 90.0 1
    1 3417   42    0 67.0 90.0 1
    1  837   12    0 83.0 90.0 1
    1 2125   32    0 72.0 90.0 1
    1 1798   40   16 68.0 81.0 1
    1 1597   93    9 47.0 85.0 1
    1 1659    3    0 88.0 90.0 1
    1 2170  123    0 39.0 90.0 1
    1 2547   87    0 49.0 90.0 1
    1  908   45    0 66.0 90.0 1
    1  529   93   65 47.0 57.0 1
    1  990   51    0 63.0 90.0 1
    1 3092  128   67 38.0 56.0 1
    1  532   45   36 66.0 70.0 1
    1 3537   16    0 81.0 90.0 1
    1 2982   42   19 67.0 79.0 1
    1  377  111   12 42.0 83.0 1
    1 1176   51    0 63.0 90.0 1
    1 2846    7    0 86.0 90.0 1
    1 1780   87   75 49.0 53.0 1
    1 1356  104  100 44.0 45.0 1
    1 1909   31   16 73.0 81.0 0
    1 1103  111    5 42.0 87.0 0
    1 2553  119   67 40.0 56.0 1
    1  345   67    0 56.0 90.0 1
    1 3535   49   16 64.0 81.0 1
    1 2823   70   19 55.0 79.0 0
    1 1292  119    0 40.0 90.0 1
    1  766  148  128 34.0 38.0 1
    1 1453  143   29 35.0 74.0 1
    1  506   47   16 65.0 81.0 1
    1 1559   16    0 81.0 90.0 1
    1 2385   70    3 55.0 88.0 1
    1 1053   87    7 49.0 86.0 1
    1 1837  166   34 31.0 71.0 1
    1 1364   65   40 57.0 68.0 1
    1 2102  115   75 41.0 53.0 1
    1 2423  128   67 38.0 56.0 1
    1  559   70   51 55.0 63.0 1
    1 1125   47    0 65.0 90.0 1
    1 3450  148  104 34.0 44.0 1
    1 2173   73   73 54.0 54.0 1
    1 2288   34   14 71.0 82.0 1
    1 1202  123    0 39.0 90.0 1
    1 3397    2    0 89.0 90.0 1
    1 3187  104   81 44.0 51.0 1
    1 2292   75    0 53.0 90.0 1
    1 1716   12    7 83.0 86.0 1
    1 2335   97   58 46.0 60.0 1
    1 3368   31    0 73.0 90.0 1
    1 1846   14    0 82.0 90.0 1
    1 1618   45    3 66.0 88.0 1
    1 2996   97   65 46.0 57.0 1
    1 2716   75   31 53.0 73.0 1
    1  468   93   19 47.0 79.0 1
    1 2070  104   49 44.0 64.0 1
    1 1562   84   70 50.0 55.0 1
    1 2538   97   58 46.0 60.0 1
    1 3022  123    0 39.0 90.0 1
    1 1750    3    0 88.0 90.0 1
    1 1819  115   42 41.0 67.0 1
    1 2144   47   14 65.0 82.0 1
    1 1809  119   21 40.0 78.0 1
    1  783  111    7 42.0 86.0 1
    1 1740  148   73 34.0 54.0 1
    1 3188  100   14 45.0 82.0 1
    1 2953   38   38 69.0 69.0 1
    1 3029   81    0 51.0 90.0 1
    1 1920  128    9 38.0 85.0 0
    1 1067   23    0 77.0 90.0 0
    1 2773  166   40 31.0 68.0 1
    1 3062   29   14 74.0 82.0 1
    1 1756  160   11 32.0 84.0 1
    1 2834  160  115 32.0 41.0 1
    1 1302    5    0 87.0 90.0 1
    1 1863   73   16 54.0 81.0 1
    1 1938  160  128 32.0 38.0 0
    1 1286   62   25 58.0 76.0 1
    1  976    7    3 86.0 88.0 1
    1 1607   78    0 52.0 90.0 1
    1 1874   49   29 64.0 74.0 1
    1 2282    9    0 85.0 90.0 0
    1 2527   93   55 47.0 61.0 1
    1  764  123    0 39.0 90.0 1
    1 2703  107  107 43.0 43.0 1
    1  802  148   42 34.0 67.0 1
    1  408   81    0 51.0 90.0 1
    1 2035   42   11 67.0 84.0 1
    1  680   51   42 63.0 67.0 1
    1 1616   65    0 57.0 90.0 0
    1 3477  133   62 37.0 58.0 1
    1 3101   78    0 52.0 90.0 1
    1 3359  173    0 30.0 90.0 1
    1 3499   45    0 66.0 90.0 1
    1 2180   97    0 46.0 90.0 1
    1 2123  104   60 44.0 59.0 1
    1 3377   90    0 48.0 90.0 1
    1 2231  119   53 40.0 62.0 1
    1  848   62    0 58.0 90.0 1
    1 1091   27    0 75.0 90.0 1
    1 3320  133  107 37.0 43.0 1
    1 1642  111   29 42.0 74.0 1
    1 2637   45    7 66.0 86.0 1
    1 2360   81   42 51.0 67.0 0
    1 3495  104    0 44.0 90.0 1
    1 1538  107   65 43.0 57.0 0
    1  542   58   51 60.0 63.0 1
    1 2255  128   90 38.0 48.0 1
    1 1683  111   87 42.0 49.0 1
    1 2918  111   14 42.0 82.0 1
    1 1351   93   14 47.0 82.0 1
    1 1722  148  138 34.0 36.0 1
    1 1532  133   53 37.0 62.0 1
    1 1680   55    2 61.0 89.0 1
    1  883  138   60 36.0 59.0 1
    1 1130   70    0 55.0 90.0 1
    1 1446   81   40 51.0 68.0 1
    1 1682   90   29 48.0 74.0 1
    1 3319   84   55 50.0 61.0 1
    1 1820   23   16 77.0 81.0 1
    1 3041   38   23 69.0 77.0 0
    1 2357  100   16 45.0 81.0 1
    1  714  100    0 45.0 90.0 1
    1 3473   75   40 53.0 68.0 1
    1  324   75    0 53.0 90.0 1
    1 1585  173    7 30.0 86.0 1
    1  774   84   67 50.0 56.0 1
    1  544  166   49 31.0 64.0 1
    1 2792  107   34 43.0 71.0 1
    1 2956   73   70 54.0 55.0 1
    1 1196  104   11 44.0 84.0 1
    1 2665  143   18 35.0 80.0 1
    1 1021   75    0 53.0 90.0 1
    1 3378   21    7 78.0 86.0 0
    1 3184  143    0 35.0 90.0 1
    1  504   75    0 53.0 90.0 1
    1  920   81    9 51.0 85.0 0
    1 1155  143  111 35.0 42.0 1
    1 2748   58    2 60.0 89.0 1
    1  636   62    0 58.0 90.0 1
    1 2191   34    0 71.0 90.0 1
    1  590  138    0 36.0 90.0 1
    1  965   87   16 49.0 81.0 0
    1 3541  100    0 45.0 90.0 1
    1 1607   55   36 61.0 70.0 1
    1  797  148   32 34.0 72.0 0
    1  442  166    9 31.0 85.0 1
    1  682  160    5 32.0 87.0 0
    1 3382    5    0 87.0 90.0 1
    1 3364  104   14 44.0 82.0 1
    1 2677   60    0 59.0 90.0 1
    1 1642   58    9 60.0 85.0 1
    1 2266  173    0 30.0 90.0 0
    1 2530  128    0 38.0 90.0 1
    1 1888   81    0 51.0 90.0 1
    1  408   73   19 54.0 79.0 1
    1 1406   90   60 48.0 59.0 1
    1 2946   51    0 63.0 90.0 0
    1 1608   38    7 69.0 86.0 1
    1 2168  166   27 31.0 75.0 1
    1 3204   62   19 58.0 79.0 1
    1 1295   73    0 54.0 90.0 1
    1 3488   93   11 47.0 84.0 1
    1 3273   21    0 78.0 90.0 1
    1 1878  173   25 30.0 76.0 1
    1 2024   67    0 56.0 90.0 1
    1  676   40    0 68.0 90.0 1
    1 3459   73   70 54.0 55.0 1
    1 3290   73   31 54.0 73.0 1
    1 2813   42    0 67.0 90.0 1
    1 2457  107    5 43.0 87.0 1
    1  963   65   19 57.0 79.0 1
    1 2066   67    0 56.0 90.0 1
    1 1030   78   47 52.0 65.0 1
    1 2264   36    0 70.0 90.0 1
    1 3409   60   36 59.0 70.0 1
    1 1717   45   19 66.0 79.0 1
    1  617   49   11 64.0 84.0 0
    1 1692  111   65 42.0 57.0 1
    1 1264  138    0 36.0 90.0 1
    1 2373   53   31 62.0 73.0 1
    1 1219   78   58 52.0 60.0 1
    1  875   58    0 60.0 90.0 1
    1 1429   93   19 47.0 79.0 1
    1 3365  111   45 42.0 66.0 1
    1 3134   90   27 48.0 75.0 1
    1 1810  143  111 35.0 42.0 1
    1 3202  143    0 35.0 90.0 1
    1 1878  160    0 32.0 90.0 1
    1 3484   84   75 50.0 53.0 1
    1  490   29    0 74.0 90.0 1
    1 2075   70    9 55.0 85.0 1
    1  654   27    0 75.0 90.0 1
    1 1647  123   16 39.0 81.0 1
    1  730   87   42 49.0 67.0 1
    1 1320  128   81 38.0 51.0 1
    1 1589  138    0 36.0 90.0 1
    1  612   23    0 77.0 90.0 1
    1  993   93    0 47.0 90.0 0
    1  374  100    0 45.0 90.0 1
    1 1736   75   53 53.0 62.0 1
    1 2278   18    0 80.0 90.0 1
