 400 400 400 127
    1  638   90   60 48.0 59.0 1
    1 3265  123   78 39.0 52.0 1
    1 2308   49   47 64.0 65.0 1
    1 3229   81    0 51.0 90.0 0
    1  697  138    0 36.0 90.0 1
    1 3268  100   65 45.0 57.0 1
    1 2475   84   29 50.0 74.0 1
    1 2845  107   97 43.0 46.0 1
    1 2084   31    7 73.0 86.0 1
    1 3598   29    2 74.0 89.0 1
    1 1743  111   67 42.0 56.0 1
    1 3208  173  111 30.0 42.0 0
    1  684   23    2 77.0 89.0 1
    1  642  123  104 39.0 44.0 0
    1 2605   49   32 64.0 72.0 1
    1 2029  100   67 45.0 56.0 1
    1 1936  119    0 40.0 90.0 1
    1 1672  160   97 32.0 46.0 1
    1 2846  115  115 41.0 41.0 1
    1  661  166   18 31.0 80.0 1
    1 1751  119  107 40.0 43.0 1
    1 2177   97    0 46.0 90.0 0
    1 2657   51    0 63.0 90.0 1
    1  326  104    0 44.0 90.0 1
    1 2273   97   29 46.0 74.0 1
    1 1559    7    2 86.0 89.0 1
    1  851  160    0 32.0 90.0 1
    1 3524   84    0 50.0 90.0 1
    1 1365   97    0 46.0 90.0 1
    1 3496  104   27 44.0 75.0 1
    1  311   75   19 53.0 79.0 1
    1 2377   84   70 50.0 55.0 1
    1  653   34   18 71.0 80.0 1
    1  328   42   23 67.0 77.0 1
    1  922   51    0 63.0 90.0 1
    1 1392   55   21 61.0 78.0 1
    1 2194   65    0 57.0 90.0 1
    1  552   58    2 60.0 89.0 1
    1  510   40   25 68.0 76.0 1
    1 1836  166    5 31.0 87.0 1
    1  577   47    0 65.0 90.0 1
    1 2770  160   11 32.0 84.0 1
    1  306   45   18 66.0 80.0 0
    1 3140   62   31 58.0 73.0 1
    1 1348   51   14 63.0 82.0 1
    1 2390   58   55 60.0 61.0 1
    1 1216   87    0 49.0 90.0 1
    1 2756   81   25 51.0 76.0 1
    1 1298  173  154 30.0 33.0 1
    1  965  107   45 43.0 66.0 1
    1 3260   42    0 67.0 90.0 1
    1 2128   55   36 61.0 70.0 1
    1 3464  133   42 37.0 67.0 0
    1 1230   90    0 48.0 90.0 1
    1 3564   97    0 46.0 90.0 1
    1 2343   67   32 56.0 72.0 1
    1 2916   14    0 82.0 90.0 1
    1  927  123    0 39.0 90.0 1
    1  785   93    3 47.0 88.0 1
    1  696   73   27 54.0 75.0 1
    1  640   34   21 71.0 78.0 1
    1 2614  160  119 32.0 40.0 1
    1 3457  119   31 40.0 73.0 1
    1 2401  148    0 34.0 90.0 1
    1 2017   67   40 56.0 68.0 1
    1 2040   14   12 82.0 83.0 1
    1 1832  100   25 45.0 76.0 1
    1 3528   81   23 51.0 77.0 1
    1 1679   31    9 73.0 85.0 1
    1  595   36   16 70.0 81.0 1
    1 3209  148   40 34.0 68.0 1
    1 1281   53   14 62.0 82.0 0
    1  666   78   31 52.0 73.0 1
    1 3435   65    0 57.0 90.0 0
    1 1929   73    3 54.0 88.0 1
    1 2078  148   45 34.0 66.0 1
    1 1001  138   70 36.0 55.0 1
    1  318  119    0 40.0 90.0 1
    1  326   84    0 50.0 90.0 1
    1 3200  115   58 41.0 60.0 1
    1 1792   75   51 53.0 63.0 1
    1  992  115   36 41.0 70.0 1
    1  602   47   11 65.0 84.0 1
    1 3342   11   11 84.0 84.0 1
    1  433   60    0 59.0 90.0 1
    1 1397   40    0 68.0 90.0 1
    1  333   51   32 63.0 72.0 1
    1 3576  115    0 41.0 90.0 1
    1  698    3    0 88.0 90.0 1
    1 3524   93    7 47.0 86.0 1
    1 1149  100   62 45.0 58.0 1
    1  538  115   27 41.0 75.0 0
    1 2551   49   14 64.0 82.0 1
    1 2685   18    0 80.0 90.0 1
    1  977   31   12 73.0 83.0 1
    1 3017   78    2 52.0 89.0 0
    1  512   47    0 65.0 90.0 1
    1 2061   34    0 71.0 90.0 1
    1 1706   67    0 56.0 90.0 1
    1 2626   90    0 48.0 90.0 1
    1 1757   51   25 63.0 76.0 1
    1 3324  154   81 33.0 51.0 1
    1 2460  173   23 30.0 77.0 1
    1 2510   42    0 67.0 90.0 1
    1 3457   18    0 80.0 90.0 1
    1 2027  115   45 41.0 66.0 1
    1 1194   78   18 52.0 80.0 1
    1 3569  107   51 43.0 63.0 1
    1 1137  138    0 36.0 90.0 1
    1 2449    5    0 87.0 90.0 1
    1 3183  160   84 32.0 50.0 0
    1  783   58    7 60.0 86.0 1
    1 3215  138  107 36.0 43.0 1
    1 1890  138   14 36.0 82.0 1
    1 3599  100   93 45.0 47.0 1
    1 1733   38   16 69.0 81.0 0
    1 1073   32   29 72.0 74.0 1
    1 3311   51    2 63.0 89.0 1
    1 3481   11    0 84.0 90.0 1
    1 2057   11    0 84.0 90.0 1
    1 3496   97   38 46.0 69.0 1
    1 2846   90   67 48.0 56.0 1
    1  611   45   25 66.0 76.0 1
    1 3242  138   73 36.0 54.0 1
    1 2596   42    0 67.0 90.0 1
    1  923  107   11 43.0 84.0 1
    1  830    9    5 85.0 87.0 1
    1 3090   27    0 75.0 90.0 1
    1 2586  166   27 31.0 75.0 1
    1 2283   49   38 64.0 69.0 1
    1 1941   93   87 47.0 49.0 1
    1  534   65   11 57.0 84.0 1
    1 1836  128   55 38.0 61.0 0
    1 2320   65   60 57.0 59.0 1
    1  498   55   25 61.0 76.0 1
    1 1652   58    9 60.0 85.0 1
    1 2674  160   53 32.0 62.0 1
    1 1949   40    0 68.0 90.0 1
    1 1966   38    0 69.0 90.0 1
    1 1593   29    0 74.0 90.0 1
    1  676   47    0 65.0 90.0 1
    1 1876   23    7 77.0 86.0 0
    1 2203   23    7 77.0 86.0 1
    1  340  115    0 41.0 90.0 1
    1  322  128    0 38.0 90.0 1
    1 1779   90   84 48.0 50.0 1
    1 1909  166   42 31.0 67.0 1
    1 1927  107   11 43.0 84.0 1
    1  727  119   40 40.0 68.0 1
    1 3301   49   31 64.0 73.0 1
    1 2366   67   18 56.0 80.0 1
    1  642  107   11 43.0 84.0 1
    1  915   49   42 64.0 67.0 1
    1  838   31    5 73.0 87.0 1
    1 2243  123   21 39.0 78.0 1
    1  568  148   40 34.0 68.0 0
    1 3023   53   36 62.0 70.0 1
    1 1379  133   58 37.0 60.0 1
    1 1279   55   55 61.0 61.0 1
    1 1149  160   27 32.0 75.0 1
    1 2493  138   27 36.0 75.0 1
    1 1480   31    0 73.0 90.0 1
    1 2138   53    0 62.0 90.0 1
    1 1530   70   19 55.0 79.0 1
    1 1918   58    0 60.0 90.0 1
    1  652  119   45 40.0 66.0 1
    1 2803  148   73 34.0 54.0 1
    1 2738   87   45 49.0 66.0 1
    1 1180  138   16 36.0 81.0 0
    1 3277  133   38 37.0 69.0 1
    1  572  119    0 40.0 90.0 1
    1 1937   25   23 76.0 77.0 1
    1 2589   60    0 59.0 90.0 1
    1  838  143   32 35.0 72.0 1
    1 1354   93    0 47.0 90.0 1
    1 2868  173  123 30.0 39.0 1
    1  970  166    0 31.0 90.0 1
    1 3338   36   23 70.0 77.0 1
    1 1387  138   93 36.0 47.0 1
    1 1141  128   27 38.0 75.0 1
    1 2659   93    0 47.0 90.0 1
    1 1961  115    5 41.0 87.0 1
    1 2699  166  138 31.0 36.0 1
    1 2517  128   32 38.0 72.0 1
    1  693  133  107 37.0 43.0 1
    1 3283   45   27 66.0 75.0 0
    1  427   29    0 74.0 90.0 1
    1 3559    5    0 87.0 90.0 1
    1 1464  115   29 41.0 74.0 1
    1 1041  143    2 35.0 89.0 0
    1 1780   78   25 52.0 76.0 0
    1 2259   84    0 50.0 90.0 1
    1 2396   25   16 76.0 81.0 1
    1  734   21    0 78.0 90.0 1
    1 2324  143   67 35.0 56.0 1
    1  535  128   55 38.0 61.0 1
    1 2341   87   29 49.0 74.0 1
    1  841   90    3 48.0 88.0 1
    1 1322   84    5 50.0 87.0 1
    1  379   73   51 54.0 63.0 1
    1 2607   53   47 62.0 65.0 1
    1 1447   31   11 73.0 84.0 1
    1 2085  166   36 31.0 70.0 1
    1 2395   32    0 72.0 90.0 1
    1 1130   11    0 84.0 90.0 1
    1 3208  133   75 37.0 53.0 1
    1 3502  128   34 38.0 71.0 1
    1 1710  115   40 41.0 68.0 1
    1  908   51    0 63.0 90.0 1
    1 2014  133    0 37.0 90.0 1
    1 1416   38    0 69.0 90.0 1
    1 3544  104    0 44.0 90.0 1
    1  973   32   18 72.0 80.0 1
    1 1724   65   60 57.0 59.0 1
    1 3430   78    0 52.0 90.0 1
    1 2625   70   42 55.0 67.0 1
    1 1984  119   58 40.0 60.0 1
    1 2759  166  100 31.0 45.0 1
    1  884   97   38 46.0 69.0 1
    1  736   18    0 80.0 90.0 1
    1  520   87   40 49.0 68.0 1
    1 1665  138    5 36.0 87.0 1
    1 2629   78   65 52.0 57.0 1
    1 1830   87   73 49.0 54.0 1
    1 1297   90    2 48.0 89.0 1
    1 1210   47   23 65.0 77.0 0
    1 1136   55   16 61.0 81.0 1
    1 1242   93   14 47.0 82.0 1
    1 3253  111   18 42.0 80.0 1
    1 3001  100    0 45.0 90.0 1
    1 2324   27    9 75.0 85.0 1
    1 2162  111   53 42.0 62.0 0
    1  968   42    5 67.0 87.0 1
    1 3133   67   25 56.0 76.0 1
    1  855   90    0 48.0 90.0 1
    1  820   47   18 65.0 80.0 1
    1  474  104   29 44.0 74.0 1
    1 1119  143   65 35.0 57.0 1
    1 2523   19   12 79.0 83.0 1
    1 2924  143   11 35.0 84.0 1
    1  779  123    0 39.0 90.0 1
    1 3237   60    0 59.0 90.0 1
    1 2751   11    0 84.0 90.0 0
    1 3427   11    0 84.0 90.0 1
    1 1637   87   16 49.0 81.0 1
    1  398  148   12 34.0 83.0 1
    1 1286   53    0 62.0 90.0 1
    1 2391   36    0 70.0 90.0 1
    1  868   62    0 58.0 90.0 1
    1 2460  148   29 34.0 74.0 1
    1 1344   32    9 72.0 85.0 1
    1 1981   60   40 59.0 68.0 1
    1 2571   67   11 56.0 84.0 1
    1  698  148   49 34.0 64.0 1
    1 1946  138   78 36.0 52.0 1
    1 2831   70   31 55.0 73.0 1
    1  350   27   18 75.0 80.0 0
    1 1985  138   81 36.0 51.0 1
    1 2647   49    0 64.0 90.0 1
    1 2984   29    0 74.0 90.0 0
    1 3157   67    0 56.0 90.0 1
    1 1529   73   34 54.0 71.0 1
    1 1935  111    3 42.0 88.0 1
    1  322  115   34 41.0 71.0 1
    1 1704  143  100 35.0 45.0 1
    1 1988   67    0 56.0 90.0 0
    1  631  166  119 31.0 40.0 0
    1  428    9    0 85.0 90.0 1
    1 2231   62   19 58.0 79.0 1
    1 1347  143    0 35.0 90.0 1
    1 2947   93    2 47.0 89.0 1
    1 2724   49    0 64.0 90.0 1
    1 3543  138   53 36.0 62.0 1
    1 1268   73    0 54.0 90.0 1
    1 2335   90    2 48.0 89.0 1
    1  379   93    5 47.0 87.0 1
    1 2596   93   81 47.0 51.0 0
    1 2892   49    0 64.0 90.0 1
    1 2982  166  148 31.0 34.0 1
    1 2284  160   21 32.0 78.0 1
    1 2072   84   27 50.0 75.0 1
    1 1481   93   23 47.0 77.0 0
    1  624   18    0 80.0 90.0 1
    1  694  173   70 30.0 55.0 1
    1 2974  133   21 37.0 78.0 1
    1  681   36    0 70.0 90.0 1
    1 2209   60    0 59.0 90.0 1
    1 3130   67   32 56.0 72.0 1
    1 2383   42   23 67.0 77.0 1
    1  607   32   21 72.0 78.0 1
    1 2953   58   29 60.0 74.0 1
    1 2623   97   70 46.0 55.0 1
    1 2997   90   70 48.0 55.0 1
    1 1984  128  123 38.0 39.0 1
    1  728  107   32 43.0 72.0 1
    1 2207   49   25 64.0 76.0 1
    1 2405   55   49 61.0 64.0 1
    1 1555  128   12 38.0 83.0 1
    1 1048  115   67 41.0 56.0 1
    1  671  133    0 37.0 90.0 1
    1 3429    3    0 88.0 90.0 1
    1 1131  148   53 34.0 62.0 1
    1 2744   25    9 76.0 85.0 1
    1 1872   47   27 65.0 75.0 1
    1 1038   47    0 65.0 90.0 0
    1 2356  115   53 41.0 62.0 1
    1  394   23    3 77.0 88.0 1
    1 2321   60   31 59.0 73.0 1
    1 2582   29    2 74.0 89.0 1
    1 2527   47   36 65.0 70.0 1
    1 2322  104   51 44.0 63.0 1
    1  542   81    0 51.0 90.0 1
    1 2429   27   18 75.0 80.0 1
    1 3176  123   36 39.0 70.0 0
    1 1611   84   16 50.0 81.0 1
    1 2949   18    0 80.0 90.0 1
    1  625   27    0 75.0 90.0 1
    1 2795   38    0 69.0 90.0 1
    1 3078   27   21 75.0 78.0 1
    1 1316   25    0 76.0 90.0 1
    1 2735  107   75 43.0 53.0 1
    1 1772  123   49 39.0 64.0 1
    1 2380   90    0 48.0 90.0 1
    1  334  111    7 42.0 86.0 1
    1 1658   81    0 51.0 90.0 0
    1 1048  148   18 34.0 80.0 1
    1  679  115   81 41.0 51.0 1
    1 2487   38    0 69.0 90.0 0
    1 3440   97   31 46.0 73.0 1
    1 2225   62    9 58.0 85.0 1
    1 1031   97    0 46.0 90.0 1
    1  812   60   19 59.0 79.0 1
    1 2083    7    0 86.0 90.0 1
    1 2283  143   14 35.0 82.0 1
    1 2303   78   70 52.0 55.0 1
    1 2477   23    3 77.0 88.0 1
    1 3303   53    5 62.0 87.0 1
    1 3510   27    2 75.0 89.0 1
    1 1163   87    5 49.0 87.0 1
    1 1674  133  107 37.0 43.0 1
    1  699   27    0 75.0 90.0 1
    1 1372   73   34 54.0 71.0 0
    1 1581   70   51 55.0 63.0 1
    1 2438    7    0 86.0 90.0 1
    1  478   65   60 57.0 59.0 1
    1 1785   58    0 60.0 90.0 1
    1  784  143   38 35.0 69.0 1
    1  398   60   19 59.0 79.0 1
    1 1464  160    0 32.0 90.0 1
    1 1510   31   29 73.0 74.0 0
    1 2902   93   53 47.0 62.0 1
    1 1166    5    0 87.0 90.0 1
    1 1581  104    0 44.0 90.0 1
    1  769  143    7 35.0 86.0 1
    1 1290   58   18 60.0 80.0 0
    1 1411  173   78 30.0 52.0 1
    1 2972   55   21 61.0 78.0 1
    1 1836   90   12 48.0 83.0 0
    1 2943   40   25 68.0 76.0 1
    1 3244   40    0 68.0 90.0 1
    1  417    9    0 85.0 90.0 0
    1 3020   38    0 69.0 90.0 1
    1 3354   67   55 56.0 61.0 1
    1 2333   14    0 82.0 90.0 1
    1 3281   45   16 66.0 81.0 1
    1 1477  173   47 30.0 65.0 0
    1 1926   38    0 69.0 90.0 1
    1 2628   58    7 60.0 86.0 1
    1 1400  173    0 30.0 90.0 0
    1 2213   12    0 83.0 90.0 1
    1 2252   31    0 73.0 90.0 1
    1 2926   70   51 55.0 63.0 1
    1 2729   60   58 59.0 60.0 1
    1 3501   45    0 66.0 90.0 1
    1 1681   47   32 65.0 72.0 1
    1 1642  104   19 44.0 79.0 1
    1 2555   81    0 51.0 90.0 1
    1 2338   93   70 47.0 55.0 1
    1  374   67   45 56.0 66.0 1
    1 2526   90    0 48.0 90.0 1
    1 1473   84   70 50.0 55.0 1
    1  838  138   49 36.0 64.0 1
    1 1890   19    7 79.0 86.0 1
    1 1931   90   12 48.0 83.0 1
    1 3524   62    9 58.0 85.0 1
    1 3256   62   19 58.0 79.0 1
    1 2997   29   19 74.0 79.0 1
    1 2116   97   73 46.0 54.0 1
    1 1636  160   62 32.0 58.0 1
    1 3370   53    3 62.0 88.0 1
    1  657  154   58 33.0 60.0 1
    1  768   60    0 59.0 90.0 1
    1 1197   11    0 84.0 90.0 1
    1 1597  143    0 35.0 90.0 1
    1  604   55   40 61.0 68.0 1
    1 1934   27    0 75.0 90.0 1
    1 2657   12   11 83.0 84.0 1
    1 3109  166   12 31.0 83.0 1
    1 3132   45    0 66.0 90.0 1
    1 2663   40    0 68.0 90.0 1
