 400 400 400 127
    1 1004  119   78 40.0 52.0 1
    1  426  111    0 42.0 90.0 1
    1 1258   29   21 74.0 78.0 1
    1 2567   19   11 79.0 84.0 1
    1 2622   58    0 60.0 90.0 1
    1 3465  138   73 36.0 54.0 1
    1 2023   49    0 64.0 90.0 1
    1  538  111   87 42.0 49.0 1
    1  704   58    2 60.0 89.0 1
    1 2304  143  115 35.0 41.0 1
    1 1100  154   67 33.0 56.0 1
    1 1564  138    0 36.0 90.0 1
    1 1806   19    0 79.0 90.0 1
    1 2490  133    0 37.0 90.0 1
    1  775  154    0 33.0 90.0 1
    1 2409  173    7 30.0 86.0 1
    1  887   87    7 49.0 86.0 1
    1 3595   45   25 66.0 76.0 1
    1  432  107   16 43.0 81.0 1
    1 2875  138   81 36.0 51.0 1
    1 2124   53   42 62.0 67.0 1
    1  645   62    0 58.0 90.0 1
    1  613   70    0 55.0 90.0 1
    1 2821  128  104 38.0 44.0 1
    1 1139  128   65 38.0 57.0 1
    1 1671   60   60 59.0 59.0 1
    1  434   84    0 50.0 90.0 1
    1 1559   25    0 76.0 90.0 1
    1  607  115    7 41.0 86.0 1
    1 1268  160   47 32.0 65.0 1
    1 3075   27    7 75.0 86.0 1
    1 1947   78    0 52.0 90.0 1
    1 2137   47    3 65.0 88.0 1
    1 3094   42   14 67.0 82.0 1
    1 1284   31    0 73.0 90.0 1
    1 2606   70   18 55.0 80.0 1
    1 2371   40    0 68.0 90.0 0
    1 2689  160  123 32.0 39.0 1
    1 2785   42   40 67.0 68.0 0
    1  893   16    0 81.0 90.0 0
    1 3310   62   58 58.0 60.0 1
    1  344   93    0 47.0 90.0 1
    1 2447   25   16 76.0 81.0 0
    1 2251   34   16 71.0 81.0 1
    1 2263   14    0 82.0 90.0 1
    1 1122  138    0 36.0 90.0 1
    1 1755  123   97 39.0 46.0 1
    1 1677  138   97 36.0 46.0 1
    1  327   34   27 71.0 75.0 1
    1 3299   47    3 65.0 88.0 1
    1 1291  115   97 41.0 46.0 1
    1 1171   18    0 80.0 90.0 1
    1 1189    9    0 85.0 90.0 1
    1 2097  173   25 30.0 76.0 1
    1  682   97   18 46.0 80.0 0
    1 1191   40    9 68.0 85.0 1
    1 2224   62    0 58.0 90.0 1
    1  659    7    0 86.0 90.0 0
    1 3289   73   32 54.0 72.0 1
    1 2269   36   29 70.0 74.0 1
    1 2184   65    0 57.0 90.0 1
    1 2590   62   34 58.0 71.0 1
    1 1559   32    0 72.0 90.0 1
    1  732  173   60 30.0 59.0 1
    1 1727   51    5 63.0 87.0 0
    1 3419  173   21 30.0 78.0 1
    1  347  128    0 38.0 90.0 1
    1  673   97    0 46.0 90.0 1
    1 2485  123    0 39.0 90.0 1
    1 1347  154   23 33.0 77.0 1
    1 2481   36    0 70.0 90.0 1
    1 2270  138   93 36.0 47.0 1
    1  616   49    0 64.0 90.0 1
    1 3584  154   78 33.0 52.0 1
    1 1298   36   12 70.0 83.0 1
    1 1290   90   78 48.0 52.0 1
    1 1323   29   14 74.0 82.0 0
    1 1912   78   18 52.0 80.0 1
    1 3035  138    0 36.0 90.0 1
    1 1795    2    0 89.0 90.0 1
    1  443   60   25 59.0 76.0 1
    1 3235   34    7 71.0 86.0 1
    1 2466   51    0 63.0 90.0 1
    1 3140  160   78 32.0 52.0 1
    1  696   93   73 47.0 54.0 1
    1  428   53    9 62.0 85.0 1
    1 3249   58    0 60.0 90.0 1
    1 1038   97    0 46.0 90.0 1
    1 2935   36   29 70.0 74.0 1
    1  823  154   70 33.0 55.0 1
    1  307  100    0 45.0 90.0 1
    1  795  133    0 37.0 90.0 1
    1 2209   53   27 62.0 75.0 1
    1 3561  160   16 32.0 81.0 1
    1 3472   14    0 82.0 90.0 0
    1 2105   81    0 51.0 90.0 1
    1  856   78    0 52.0 90.0 1
    1 3126   65   51 57.0 63.0 1
    1  506   67   31 56.0 73.0 0
    1 2386  133    0 37.0 90.0 1
    1 3200   49   40 64.0 68.0 1
    1 2543  148   32 34.0 72.0 1
    1 1203   73   65 54.0 57.0 1
    1  484    5    0 87.0 90.0 1
    1 3037   55    0 61.0 90.0 1
    1 2464   70   12 55.0 83.0 1
    1 1201   47    0 65.0 90.0 1
    1 2537   67   14 56.0 82.0 1
    1 3096   55   55 61.0 61.0 1
    1 3546   93   19 47.0 79.0 1
    1 1039   53    9 62.0 85.0 1
    1 2544   23   16 77.0 81.0 1
    1 3334  107   40 43.0 68.0 1
    1 2493   81   36 51.0 70.0 1
    1 2780   42    0 67.0 90.0 1
    1 3226   36   27 70.0 75.0 1
    1 2370   60   29 59.0 74.0 1
    1 1585  138  115 36.0 41.0 1
    1 3402  154  154 33.0 33.0 1
    1 2004  115   23 41.0 77.0 1
    1  374   93   36 47.0 70.0 1
    1 2311   84    0 50.0 90.0 1
    1  730  148  100 34.0 45.0 1
    1 2690   55    0 61.0 90.0 1
    1  746   45    0 66.0 90.0 1
    1 3142   73   51 54.0 63.0 1
    1 1107  148    3 34.0 88.0 1
    1 2543   62   38 58.0 69.0 1
    1 2810  133    0 37.0 90.0 0
    1  847   42   19 67.0 79.0 1
    1 1482    5    0 87.0 90.0 1
    1 2871   78    0 52.0 90.0 1
    1  876  128   40 38.0 68.0 1
    1  717  173   29 30.0 74.0 1
    1 2516   84    0 50.0 90.0 1
    1 2784   42    0 67.0 90.0 1
    1 2241   11    0 84.0 90.0 1
    1 2588  166    3 31.0 88.0 1
    1  815   84   11 50.0 84.0 1
    1 3129   81   55 51.0 61.0 1
    1 2355  133    0 37.0 90.0 1
    1 2340   31    0 73.0 90.0 1
    1 2096  111   32 42.0 72.0 1
    1 2682  107   42 43.0 67.0 1
    1  605  111   53 42.0 62.0 1
    1 2107  100   70 45.0 55.0 1
    1 1615  154    7 33.0 86.0 1
    1 2324  123    2 39.0 89.0 1
    1 3302   38   12 69.0 83.0 1
    1 1841    2    0 89.0 90.0 1
    1 1653   97   19 46.0 79.0 0
    1 1228   93    0 47.0 90.0 0
    1  820   14    0 82.0 90.0 1
    1 2500  154    0 33.0 90.0 1
    1 1724  111    0 42.0 90.0 1
    1 1171   55   36 61.0 70.0 1
    1  441  119   31 40.0 73.0 1
    1 3493   31   23 73.0 77.0 1
    1  983   67   12 56.0 83.0 1
    1 3382   84   65 50.0 57.0 1
    1 1239   60   55 59.0 61.0 1
    1  599  138  115 36.0 41.0 1
    1 1031   60   34 59.0 71.0 1
    1  568   84    0 50.0 90.0 1
    1 1756  115   21 41.0 78.0 1
    1 1389   51    0 63.0 90.0 1
    1 3150   38    3 69.0 88.0 1
    1 1275  148   14 34.0 82.0 1
    1 1784   49    7 64.0 86.0 1
    1 1294   40   25 68.0 76.0 1
    1 1191   87   27 49.0 75.0 1
    1 1807    3    0 88.0 90.0 1
    1 2344  128   14 38.0 82.0 1
    1 3516   65    0 57.0 90.0 1
    1 3272  119    9 40.0 85.0 1
    1 1586  138    0 36.0 90.0 1
    1 1304   84    0 50.0 90.0 1
    1 1802   23   11 77.0 84.0 1
    1 1478  104   65 44.0 57.0 0
    1  753   40    0 68.0 90.0 1
    1  948   97    0 46.0 90.0 1
    1  417   81   49 51.0 64.0 1
    1 2398  148  138 34.0 36.0 1
    1 2822   21    0 78.0 90.0 1
    1 2059   90   65 48.0 57.0 1
    1 2622   12    0 83.0 90.0 0
    1 3500   27    0 75.0 90.0 1
    1  921  107    0 43.0 90.0 1
    1 3323   36   31 70.0 73.0 1
    1  636    9    0 85.0 90.0 1
    1 1406   70    0 55.0 90.0 0
    1 2692    5    0 87.0 90.0 1
    1 1342  160    9 32.0 85.0 1
    1 2099   97    0 46.0 90.0 1
    1 1818  115   40 41.0 68.0 1
    1 1149  123    7 39.0 86.0 1
    1  607   25   19 76.0 79.0 1
    1 1751   93   93 47.0 47.0 1
    1 1235   16    0 81.0 90.0 0
    1 1101  104   60 44.0 59.0 1
    1 1934   87    0 49.0 90.0 1
    1 1064   53    2 62.0 89.0 1
    1 3251   93   53 47.0 62.0 1
    1 2171   67    0 56.0 90.0 0
    1 1141  160    0 32.0 90.0 1
    1  854  154   87 33.0 49.0 1
    1 2809   58   16 60.0 81.0 1
    1  955   29    0 74.0 90.0 1
    1  307  143    0 35.0 90.0 1
    1  650  119   32 40.0 72.0 1
    1 2355  111    0 42.0 90.0 1
    1 2166   47    0 65.0 90.0 1
    1 2013  148  111 34.0 42.0 1
    1  624   81   23 51.0 77.0 1
    1 2554  123    7 39.0 86.0 1
    1 1500   18    0 80.0 90.0 1
    1 2385  123   27 39.0 75.0 1
    1 3585  104   62 44.0 58.0 1
    1 3088  143    0 35.0 90.0 1
    1 3520  119   34 40.0 71.0 1
    1 1504  173    0 30.0 90.0 1
    1  427   70    0 55.0 90.0 1
    1  652  148   58 34.0 60.0 1
    1 3519   67   27 56.0 75.0 1
    1  780  143   21 35.0 78.0 0
    1 2874    3    0 88.0 90.0 1
    1 1060    5    2 87.0 89.0 1
    1 2288    5    0 87.0 90.0 1
    1 1859   42    2 67.0 89.0 0
    1  603  173   58 30.0 60.0 1
    1 1562  160   53 32.0 62.0 1
    1 3334  119   31 40.0 73.0 1
    1 1061   27   23 75.0 77.0 1
    1  384  115   12 41.0 83.0 1
    1 1580  154   90 33.0 48.0 1
    1 1628   65   55 57.0 61.0 0
    1 3350  111   29 42.0 74.0 1
    1 2070   62    0 58.0 90.0 1
    1 2514   62   45 58.0 66.0 1
    1 1130    3    0 88.0 90.0 1
    1 1445  138    9 36.0 85.0 1
    1 2640  160  100 32.0 45.0 1
    1 1881  123    0 39.0 90.0 1
    1 3360  133    0 37.0 90.0 1
    1 2417  138    3 36.0 88.0 1
    1 2871    3    3 88.0 88.0 1
    1 1577  148    0 34.0 90.0 1
    1 2092   38    0 69.0 90.0 1
    1 3241   47   14 65.0 82.0 1
    1 3486    7    0 86.0 90.0 0
    1 2281  154   38 33.0 69.0 1
    1  838   65    0 57.0 90.0 1
    1 2623   73    9 54.0 85.0 1
    1  631    2    0 89.0 90.0 0
    1 1681   97    0 46.0 90.0 0
    1 3278   21    0 78.0 90.0 1
    1  638  148   21 34.0 78.0 1
    1 1855   55   53 61.0 62.0 1
    1 2509  123   97 39.0 46.0 1
    1 3279  123    0 39.0 90.0 1
    1 2569   51    0 63.0 90.0 1
    1 2510  133  123 37.0 39.0 1
    1 3144  111   16 42.0 81.0 1
    1 2304  111   23 42.0 77.0 1
    1 3486  173   34 30.0 71.0 1
    1  944  115    0 41.0 90.0 0
    1 2176   90    0 48.0 90.0 1
    1 1768   51   47 63.0 65.0 1
    1 2532   42    0 67.0 90.0 1
    1 3592   19    0 79.0 90.0 1
    1  927    9    0 85.0 90.0 1
    1  692   90    0 48.0 90.0 1
    1 2070   53   23 62.0 77.0 1
    1 1201  104   27 44.0 75.0 1
    1 3449  107   16 43.0 81.0 0
    1 2109  100   45 45.0 66.0 1
    1 2737  128   11 38.0 84.0 1
    1 1905   70   40 55.0 68.0 1
    1 2609  154  138 33.0 36.0 1
    1 1067  111   73 42.0 54.0 1
    1 2955  166    0 31.0 90.0 1
    1 1136   62    0 58.0 90.0 1
    1  512   45    0 66.0 90.0 1
    1 3453  138   29 36.0 74.0 1
    1  542   65    0 57.0 90.0 1
    1 1435  123   12 39.0 83.0 1
    1 3260   87    5 49.0 87.0 1
    1 2971   67   49 56.0 64.0 1
    1 1709  107    7 43.0 86.0 0
    1  779   70   70 55.0 55.0 1
    1 2670   84   62 50.0 58.0 1
    1 2945   78    0 52.0 90.0 1
    1 1781  148   84 34.0 50.0 1
    1  858   40    0 68.0 90.0 1
    1 3489  138    2 36.0 89.0 1
    1  691   53   31 62.0 73.0 1
    1 1114   36   31 70.0 73.0 1
    1 3208   19    0 79.0 90.0 1
    1 2505  115    0 41.0 90.0 1
    1 1536  119    0 40.0 90.0 1
    1  404   21    0 78.0 90.0 0
    1  997   34    0 71.0 90.0 1
    1 1795   81    0 51.0 90.0 1
    1  382  173    0 30.0 90.0 1
    1 2604   70   12 55.0 83.0 1
    1 1777  154   34 33.0 71.0 0
    1 1845   67   58 56.0 60.0 1
    1 1369   25    0 76.0 90.0 1
    1  902   42    0 67.0 90.0 1
    1 1683  107    0 43.0 90.0 1
    1 1141  107    0 43.0 90.0 1
    1 3127  104    9 44.0 85.0 1
    1 3213  119   58 40.0 60.0 1
    1 2936   97    2 46.0 89.0 1
    1 2055   81    0 51.0 90.0 1
    1 1725  173    0 30.0 90.0 1
    1  763  119   93 40.0 47.0 1
    1 1469   18    0 80.0 90.0 1
    1 1805    9    0 85.0 90.0 0
    1 2639  143  123 35.0 39.0 0
    1  493   65   16 57.0 81.0 1
    1 1352   84   36 50.0 70.0 1
    1 2065  166    0 31.0 90.0 1
    1 2962    7    0 86.0 90.0 1
    1 1162  166  115 31.0 41.0 1
    1 2592  119   84 40.0 50.0 1
    1 1986   42   29 67.0 74.0 1
    1  620   49   23 64.0 77.0 1
    1 3025   19   19 79.0 79.0 1
    1  571   73    0 54.0 90.0 1
    1 3540  173    0 30.0 90.0 1
    1 2560  107   32 43.0 72.0 1
    1 3088  138   90 36.0 48.0 0
    1  747   93   70 47.0 55.0 1
    1  598  128    0 38.0 90.0 1
    1 3116  138   81 36.0 51.0 1
    1 2955   31    0 73.0 90.0 0
    1 3531  143   97 35.0 46.0 1
    1 2888   27    0 75.0 90.0 1
    1 2298   78   51 52.0 63.0 1
    1 1881   16    0 81.0 90.0 1
    1 2208    3    0 88.0 90.0 1
    1 1921   87   14 49.0 82.0 1
    1 1641  123    0 39.0 90.0 0
    1  339   93    0 47.0 90.0 1
    1 1533  111    0 42.0 90.0 1
    1 1426  173  160 30.0 32.0 1
    1 2428   36    2 70.0 89.0 1
    1 1882  107   62 43.0 58.0 1
    1 1355  138   51 36.0 63.0 1
    1 2245   36    7 70.0 86.0 0
    1 2869  133  123 37.0 39.0 1
    1 3008   67    7 56.0 86.0 1
    1  994   45   42 66.0 67.0 1
    1 1298   55   11 61.0 84.0 1
    1  496  173    3 30.0 88.0 1
    1 3566   58    0 60.0 90.0 1
    1 1372  111    0 42.0 90.0 1
    1  403  104   21 44.0 78.0 1
    1 2617  166   32 31.0 72.0 1
    1 1162   53    0 62.0 90.0 1
    1 3522  143    0 35.0 90.0 1
    1 2241   27    0 75.0 90.0 1
    1 2719  154   51 33.0 63.0 1
    1 1054  119  107 40.0 43.0 1
    1 3358   93   55 47.0 61.0 1
    1 1054   60    0 59.0 90.0 1
    1 1258   36   27 70.0 75.0 1
    1 2054   84   53 50.0 62.0 1
    1 1487  133  119 37.0 40.0 1
    1 2643   34   19 71.0 79.0 1
    1 1226   34   29 71.0 74.0 1
    1 2414   58   14 60.0 82.0 1
    1 3131  138   53 36.0 62.0 1
    1 2921   27    0 75.0 90.0 1
    1 1287   84   21 50.0 78.0 1
    1 1450  148    0 34.0 90.0 1
    1 3487   12    0 83.0 90.0 1
    1  697  138    3 36.0 88.0 1
    1 3162   60   51 59.0 63.0 1
    1 2520   62    0 58.0 90.0 1
    1 3053  119   11 40.0 84.0 1
    1 2215   67    0 56.0 90.0 1
    1  457  160    3 32.0 88.0 0
    1  971  133   70 37.0 55.0 1
    1 2321  138   53 36.0 62.0 1
    1 1491   42    0 67.0 90.0 1
    1 1937   60    0 59.0 90.0 1
    1  804   16    0 81.0 90.0 1
    1 1759  128    0 38.0 90.0 1
    1 1685  166   47 31.0 65.0 1
    1 2832   75    0 53.0 90.0 1
    1 2484   58   34 60.0 71.0 1
    1  437  133   38 37.0 69.0 1
    1 1491  154   11 33.0 84.0 1
    1 2487  104   34 44.0 71.0 1
    1 1793   93    0 47.0 90.0 1
    1  750  166   75 31.0 53.0 0
    1 2339  100    5 45.0 87.0 1
    1 3377  173   97 30.0 46.0 1
