 400 400 400 127
    1 1804   78   47 52.0 65.0 1
    1 3393  111   70 42.0 55.0 1
    1 2826  143    0 35.0 90.0 1
    1 3143  138    0 36.0 90.0 1
    1 2428   97    0 46.0 90.0 1
    1  395  154   11 33.0 84.0 1
    1 2257  166   49 31.0 64.0 0
    1 2190   47    0 65.0 90.0 1
    1  573   70    3 55.0 88.0 1
    1  624   31    3 73.0 88.0 1
    1 3032   19    0 79.0 90.0 1
    1 3511   16    9 81.0 85.0 1
    1 1434  160    0 32.0 90.0 1
    1 3117   81   78 51.0 52.0 1
    1 2515   31    2 73.0 89.0 1
    1 2730   19    0 79.0 90.0 1
    1 1409   73   18 54.0 80.0 1
    0 3144   58   16 60.0 81.0 1
    1  997    9    0 85.0 90.0 1
    1 3270  138   12 36.0 83.0 1
    1 3041   58    0 60.0 90.0 0
    1 2318  173  123 30.0 39.0 1
    1  793   47    0 65.0 90.0 1
    1 2532   90    0 48.0 90.0 1
    1 1279   65   29 57.0 74.0 1
    1 1955   93   84 47.0 50.0 1
    1 3322   60   27 59.0 75.0 1
    1 1997  111   67 42.0 56.0 1
    1  432  133    0 37.0 90.0 1
    1  778  133   73 37.0 54.0 1
    1 2631  128   60 38.0 59.0 1
    1 3499   70   31 55.0 73.0 1
    1 1705   65   14 57.0 82.0 1
    1 2607   55   18 61.0 80.0 1
    1 2253  100   38 45.0 69.0 1
    1 3311   29    5 74.0 87.0 0
    1 2121   31    0 73.0 90.0 1
    1 1296  154   25 33.0 76.0 1
    1 1165   78    9 52.0 85.0 1
    1 1969  160   75 32.0 53.0 1
    1 1620  104   42 44.0 67.0 1
    0 3515   84    5 50.0 87.0 1
    1 1519  154    0 33.0 90.0 1
    1 2233  128    3 38.0 88.0 1
    1 2414   97    0 46.0 90.0 1
    1 2556   97   62 46.0 58.0 1
    1 2818   78    0 52.0 90.0 1
    1 2842   25   19 76.0 79.0 1
    1 3418   78   67 52.0 56.0 0
    1 2472   81   14 51.0 82.0 1
    1 2505  138    9 36.0 85.0 1
    1 1524   65   45 57.0 66.0 1
    1 1671   25    0 76.0 90.0 1
    1 2809   67    0 56.0 90.0 1
    1  782   23    0 77.0 90.0 1
    1 2741   58   58 60.0 60.0 1
    1 2974   87   12 49.0 83.0 1
    1 2505    2    0 89.0 90.0 1
    1 3438  173    0 30.0 90.0 1
    2 1911   51   23 63.0 77.0 1
    1 2187  123   75 39.0 53.0 1
    1 2449  111   70 42.0 55.0 1
    1  470   31    9 73.0 85.0 1
    1 2088  160   90 32.0 48.0 1
    1 2523   73   23 54.0 77.0 1
    1 2590  133    0 37.0 90.0 1
    1 3424   75   27 53.0 75.0 1
    1 2121   21    0 78.0 90.0 1
    1 2915  143   29 35.0 74.0 1
    2 2558  148    2 34.0 89.0 1
    1 2749  115    0 41.0 90.0 1
    1 3276  115   11 41.0 84.0 1
    1 1453  148   60 34.0 59.0 1
    1 2910   65    0 57.0 90.0 1
    1 3365   75    0 53.0 90.0 1
    1 3395  143    0 35.0 90.0 1
    1 1493   12    0 83.0 90.0 1
    1 1152   21    9 78.0 85.0 1
    1 1340   31    0 73.0 90.0 1
    1 1304   53   21 62.0 78.0 1
    1 2699   27    0 75.0 90.0 1
    1  435  104   62 44.0 58.0 1
    1 2749  119  111 40.0 42.0 1
    1 1015   19    0 79.0 90.0 1
    1  723   60   40 59.0 68.0 1
    1 1868   70   16 55.0 81.0 0
    1 3498  173    0 30.0 90.0 1
    1  581  123   73 39.0 54.0 1
    1 3168   70    5 55.0 87.0 1
    1 3157  138    0 36.0 90.0 1
    1  379   65   45 57.0 66.0 1
    1 2441   55    0 61.0 90.0 1
    1  642   38    0 69.0 90.0 1
    1 1931  160   58 32.0 60.0 1
    1 1319   45    0 66.0 90.0 1
    1 3449   32    5 72.0 87.0 1
    1 2523   73    2 54.0 89.0 1
    1 3250  160   36 32.0 70.0 1
    1 1473   19    0 79.0 90.0 0
    0 3071   58    0 60.0 90.0 1
    1 2223  138   53 36.0 62.0 0
    0  566  111    0 42.0 90.0 1
    1 2775  100   73 45.0 54.0 1
    1 1401   23    0 77.0 90.0 0
    1 1388  166    0 31.0 90.0 1
    1 2489  143    0 35.0 90.0 1
    1 2196   21    0 78.0 90.0 1
    1 1063  123   75 39.0 53.0 1
    1 2524   73   32 54.0 72.0 1
    2 2244  123   97 39.0 46.0 1
    1 2095   38   31 69.0 73.0 1
    1 2410  104   31 44.0 73.0 1
    1 1831  133    2 37.0 89.0 1
    1  997  138    0 36.0 90.0 1
    1 1381   78   31 52.0 73.0 1
    1 3081   32   27 72.0 75.0 1
    1 1158  104    0 44.0 90.0 1
    1 2901  160    5 32.0 87.0 1
    1 1876   42   27 67.0 75.0 1
    1 2808   18    0 80.0 90.0 1
    1 3420   42    0 67.0 90.0 1
    1 1941  166   16 31.0 81.0 1
    1 2087  128   32 38.0 72.0 1
    1 2153   42    0 67.0 90.0 1
    1 2377   31   12 73.0 83.0 0
    1 2891  123   90 39.0 48.0 1
    1 3433   67    9 56.0 85.0 1
    1 2839  166   87 31.0 49.0 1
    1 2664   81   18 51.0 80.0 1
    1  384   12    0 83.0 90.0 1
    1 1703   27    9 75.0 85.0 1
    0 2452   53    0 62.0 90.0 1
    1 2451   87   27 49.0 75.0 1
    1  409   19    0 79.0 90.0 0
    1 1655  148    0 34.0 90.0 1
    1 2031   14    0 82.0 90.0 0
    1 1767   19   12 79.0 83.0 1
    1  950  128   55 38.0 61.0 0
    2 2881   75   45 53.0 66.0 1
    1 1889   36   16 70.0 81.0 1
    1  675   16    0 81.0 90.0 1
    1 1815   25   23 76.0 77.0 1
    1  334   75    2 53.0 89.0 1
    1 1133  173    0 30.0 90.0 1
    1 2796  173   12 30.0 83.0 1
    1 1106   62   23 58.0 77.0 1
    1 2007  119    0 40.0 90.0 1
    1 1244   87    2 49.0 89.0 1
    1  977   55   23 61.0 77.0 1
    1 2816   70    0 55.0 90.0 1
    1 2538   58    0 60.0 90.0 1
    1 1397  128  123 38.0 39.0 1
    1 1293  133   31 37.0 73.0 1
    1 2483   36    0 70.0 90.0 1
    1 1409   70   55 55.0 61.0 1
    1 3111  133   19 37.0 79.0 1
    1 2357  123  115 39.0 41.0 1
    1 3090   84    0 50.0 90.0 1
    1 1652   70    7 55.0 86.0 1
    1 1477   93   70 47.0 55.0 1
    1 3590   60   47 59.0 65.0 1
    1 1885   34   19 71.0 79.0 1
    1 3468  100   97 45.0 46.0 0
    1 2080   78    0 52.0 90.0 1
    1 2457   49   45 64.0 66.0 1
    1 2770  138    0 36.0 90.0 1
    1  568   31   11 73.0 84.0 0
    1 1940   36    0 70.0 90.0 1
    1 2961  166    0 31.0 90.0 1
    1 1656   73    0 54.0 90.0 1
    1 2814  143   87 35.0 49.0 1
    1 1014  111   62 42.0 58.0 1
    1 3047   31    0 73.0 90.0 1
    1 2476   38    9 69.0 85.0 0
    1 1035   65    0 57.0 90.0 1
    1 2895  133  115 37.0 41.0 1
    1 2966  166  133 31.0 37.0 1
    1 1451  166    0 31.0 90.0 1
    1 3237  119  115 40.0 41.0 1
    1 1325   53   45 62.0 66.0 1
    1 2460   65   29 57.0 74.0 1
    1 3376   25    0 76.0 90.0 1
    1 1250   12    9 83.0 85.0 1
    1  750   90    0 48.0 90.0 1
    1 1292  104    0 44.0 90.0 1
    1  495   84   14 50.0 82.0 1
    1 2555   55    0 61.0 90.0 1
    1 2621  115    3 41.0 88.0 1
    1 1659   75   16 53.0 81.0 1
    1 3544   78    0 52.0 90.0 1
    1 2364   27    0 75.0 90.0 1
    1  897  123    7 39.0 86.0 1
    1 2316  160    7 32.0 86.0 1
    1 3405  138   97 36.0 46.0 1
    1 3116   55    0 61.0 90.0 1
    1 1368   62    0 58.0 90.0 1
    1 2397  160  111 32.0 42.0 1
    1 3328  133  107 37.0 43.0 0
    1  682  119    0 40.0 90.0 1
    1 2548  173    0 30.0 90.0 1
    1 2895  119    3 40.0 88.0 1
    1 1097   49    0 64.0 90.0 0
    2 1972   62    0 58.0 90.0 1
    1 1801   29   16 74.0 81.0 1
    1 3140   60   34 59.0 71.0 1
    1  741  119   55 40.0 61.0 1
    1 2208   45   21 66.0 78.0 1
    1  662   73    0 54.0 90.0 1
    1 2779  100   87 45.0 49.0 1
    1 2495   29   12 74.0 83.0 1
    1 3061   93    0 47.0 90.0 1
    1  708  128   45 38.0 66.0 1
    1 1470   49   16 64.0 81.0 1
    1 1464  154  115 33.0 41.0 1
    1  837  133   21 37.0 78.0 0
    1 3273  100   75 45.0 53.0 1
    1 2043  115   73 41.0 54.0 1
    1 2854  160   29 32.0 74.0 1
    1  954   81   25 51.0 76.0 1
    1 2701   51    0 63.0 90.0 1
    1  747   47    0 65.0 90.0 1
    1  796   73   67 54.0 56.0 0
    1 1383  148    0 34.0 90.0 1
    1 1625   53    0 62.0 90.0 1
    1 2429   90    9 48.0 85.0 1
    1 1675   29    5 74.0 87.0 1
    1 1048    9    0 85.0 90.0 1
    1 3358  138   87 36.0 49.0 1
    1 2368  133   62 37.0 58.0 1
    1 1959   97   14 46.0 82.0 1
    1 2337   84   42 50.0 67.0 0
    1 2227   90   29 48.0 74.0 1
    1 2382   78    0 52.0 90.0 1
    1  576   70    0 55.0 90.0 1
    1 2588  128    0 38.0 90.0 1
    1 1696  160  107 32.0 43.0 1
    1 3218   58    0 60.0 90.0 1
    1 2954  115   29 41.0 74.0 1
    1 3039  119   38 40.0 69.0 1
    1 1627  154   51 33.0 63.0 1
    1 1730   19    0 79.0 90.0 1
    1 3368   87    0 49.0 90.0 1
    1  564  115    0 41.0 90.0 1
    1 1952   12    0 83.0 90.0 1
    1  628  104   40 44.0 68.0 1
    1 1966  154   16 33.0 81.0 1
    1 3564  148   34 34.0 71.0 1
    1 1069   55   49 61.0 64.0 1
    1 1754  148   81 34.0 51.0 1
    1 2244   87    0 49.0 90.0 1
    1 2386   38    0 69.0 90.0 1
    1 2809  133    0 37.0 90.0 0
    1 3482   55   42 61.0 67.0 0
    1 1008   21    0 78.0 90.0 1
    1 1008  119    0 40.0 90.0 1
    1 1795   70   38 55.0 69.0 1
    1 1564  138   75 36.0 53.0 1
    1 3130   55    0 61.0 90.0 1
    1 1976   21    0 78.0 90.0 1
    1 2275  173   18 30.0 80.0 1
    1 1434  173   93 30.0 47.0 1
    1  667  133   67 37.0 56.0 1
    1 2931  143   70 35.0 55.0 1
    1 3231   55   55 61.0 61.0 1
    1 1645   45    0 66.0 90.0 0
    1 1380  115   40 41.0 68.0 1
    1 3567   51    0 63.0 90.0 1
    1  694  166  133 31.0 37.0 1
    1 1989  123   36 39.0 70.0 1
    0 2245  123  115 39.0 41.0 0
    1  589   97    0 46.0 90.0 1
    1 1815  148   47 34.0 65.0 1
    1 2361  173    0 30.0 90.0 1
    1 1735   45   19 66.0 79.0 1
    1 2355   25    0 76.0 90.0 0
    1  704  111   73 42.0 54.0 1
    1 2269  154   90 33.0 48.0 1
    1 2805   87    0 49.0 90.0 1
    1  588   55   29 61.0 74.0 1
    1 2842  173   97 30.0 46.0 1
    1 3136   81   18 51.0 80.0 1
    0 3224  128   81 38.0 51.0 1
    1 1058   97    5 46.0 87.0 1
    1  479  138    0 36.0 90.0 1
    1  613   93   34 47.0 71.0 1
    1 1795  100   65 45.0 57.0 1
    1 2271  143    0 35.0 90.0 1
    1 3541   25    0 76.0 90.0 0
    1 2904   93    0 47.0 90.0 1
    1 3367   45    0 66.0 90.0 1
    1 1393  138    2 36.0 89.0 1
    1 1901   40    9 68.0 85.0 1
    1 2417  111   97 42.0 46.0 0
    1 3278   78   62 52.0 58.0 1
    1  597   67   45 56.0 66.0 1
    1 1044   25   16 76.0 81.0 1
    1 1197   32    0 72.0 90.0 1
    1 3004   62   62 58.0 58.0 1
    1 3346   42    0 67.0 90.0 0
    1 2723   23    9 77.0 85.0 1
    0 1626   29    0 74.0 90.0 1
    2 1067    2    0 89.0 90.0 1
    1 1682   87   70 49.0 55.0 1
    1  351   81    0 51.0 90.0 0
    1 1412   87    0 49.0 90.0 1
    1  620  154   53 33.0 62.0 1
    0  442   36   29 70.0 74.0 0
    1 1700   84    9 50.0 85.0 1
    1 2085  119    0 40.0 90.0 1
    2  486  166    9 31.0 85.0 1
    1 2475    2    0 89.0 90.0 0
    1  314   81    0 51.0 90.0 0
    1 1879   97   29 46.0 74.0 1
    1 1725  173   12 30.0 83.0 1
    1 2499   53    0 62.0 90.0 1
    2  619   84    0 50.0 90.0 1
    1 2775   87   45 49.0 66.0 1
    1 3477   65   53 57.0 62.0 1
    1 3552   87    0 49.0 90.0 1
    1 1729   81   60 51.0 59.0 1
    1 2488   62   45 58.0 66.0 1
    1 2613   78    0 52.0 90.0 1
    1 2551  173  119 30.0 40.0 1
    1 2150  119  119 40.0 40.0 0
    1  756  143   84 35.0 50.0 1
    1 1187  128   55 38.0 61.0 1
    1 2468  128    0 38.0 90.0 1
    1 2924  138   40 36.0 68.0 1
    1  957  173    3 30.0 88.0 1
    1 2793   65   42 57.0 67.0 0
    1 3209   81   53 51.0 62.0 1
    1  411   62   36 58.0 70.0 1
    1  940  148    7 34.0 86.0 1
    1  631   73    0 54.0 90.0 1
    1 1272   18    0 80.0 90.0 1
    1 2066   65    5 57.0 87.0 0
    1  917   14    9 82.0 85.0 0
    1 3339   78   25 52.0 76.0 1
    1 3574    3    0 88.0 90.0 1
    0 2922  148   11 34.0 84.0 1
    2  937   60    9 59.0 85.0 1
    1 2575  100    7 45.0 86.0 1
    1 2843   75   14 53.0 82.0 1
    1  664   65   49 57.0 64.0 1
    1 1275   18    0 80.0 90.0 1
    1  449  119   49 40.0 64.0 1
    1 1716  100    0 45.0 90.0 1
    1 3041  154  104 33.0 44.0 1
    1 1803   81   38 51.0 69.0 1
    1 2361  107   93 43.0 47.0 1
    1 3546   70   34 55.0 71.0 1
    1 2696   53   32 62.0 72.0 1
    1 2128   47   14 65.0 82.0 1
    1 1650   75    0 53.0 90.0 1
    1  918    9    0 85.0 90.0 1
    1 2700  100   58 45.0 60.0 1
    1 1912  173   84 30.0 50.0 0
    1 1881   11    0 84.0 90.0 1
    1  979   84   25 50.0 76.0 1
    1 3599   38   23 69.0 77.0 1
    1 2812  119  100 40.0 45.0 1
    1 3597  111   11 42.0 84.0 1
    1 2831   51    9 63.0 85.0 1
    1  528    5    5 87.0 87.0 1
    1 1724  115   14 41.0 82.0 1
    1 3231   97   84 46.0 50.0 1
    1  472   45    0 66.0 90.0 1
    1  659   23    0 77.0 90.0 1
    1 2766   45   32 66.0 72.0 1
    1 3168   93   11 47.0 84.0 1
    1  865  107   70 43.0 55.0 0
    1 1815   34    0 71.0 90.0 1
    1 3596   38   14 69.0 82.0 1
    1  737   97    0 46.0 90.0 1
    1 1681   42    0 67.0 90.0 1
    1 1045   49   38 64.0 69.0 1
    1  625  138   51 36.0 63.0 1
    1 2241  143   11 35.0 84.0 1
    1 3131   73   55 54.0 61.0 1
    1  921  123    0 39.0 90.0 0
    1  783  154    0 33.0 90.0 1
    1  350  111   53 42.0 62.0 1
    1 3502  148   31 34.0 73.0 1
    1 2550  166   53 31.0 62.0 1
    1 1956   16    3 81.0 88.0 1
    1 3282   53   51 62.0 63.0 1
    1 2325   70    0 55.0 90.0 1
    1 3401  166   55 31.0 61.0 1
    1 2703   84   70 50.0 55.0 1
    1 3029   55   55 61.0 61.0 1
    2 3304  115   34 41.0 71.0 1
    1 2770   23    0 77.0 90.0 1
    1  382   62   25 58.0 76.0 1
    1 1357   42    0 67.0 90.0 1
    1 1719   55   25 61.0 76.0 0
    1 3041  143   42 35.0 67.0 1
    1 1010   55    0 61.0 90.0 1
    1 3569   40    0 68.0 90.0 0
    1 1729  128   11 38.0 84.0 1
    1  717   60   60 59.0 59.0 1
