 400 400 400 128
    1 2467   43    0 78.0 90.0 1
    1 1730   39    0 79.0 90.0 1
    1 2164  230   89 41.0 66.0 0
    1 1782   25   17 83.0 85.0 1
    1 2542  193   46 46.0 77.0 1
    1 1325   50   50 76.0 76.0 0
    1 3189  265  247 37.0 39.0 1
    1 2466  333  320 31.0 32.0 1
    1 1898   89   81 66.0 68.0 0
    1  898  145  120 54.0 59.0 1
    2 2441  238   54 40.0 75.0 1
    1 1030    3    0 89.0 90.0 1
    1  459   39    0 79.0 90.0 1
    1 1390  286  106 35.0 62.0 1
    1  809  135   21 56.0 84.0 1
    1 1670  222    0 42.0 90.0 1
    1 3090   46   28 77.0 82.0 1
    1 2689  135    0 56.0 90.0 1
    1 3098  297   39 34.0 79.0 1
    1 1384  256    0 38.0 90.0 1
    1 1794  115   21 60.0 84.0 1
    1 1211   43    0 78.0 90.0 1
    1 3153  275   43 36.0 78.0 1
    1 1272  102   28 63.0 82.0 1
    1 2119  120   85 59.0 67.0 1
    1 2414  346  156 30.0 52.0 1
    1 3511   89    0 66.0 90.0 1
    1 2785   50   14 76.0 86.0 1
    1 2510  256  238 38.0 40.0 1
    1 3447   85   46 67.0 77.0 1
    1 3054  130    0 57.0 90.0 1
    1 3559  238    0 40.0 90.0 1
    1 1625  214   61 43.0 73.0 1
    1 2252   98   98 64.0 64.0 1
    1 3186   10    0 87.0 90.0 1
    1 2070  156   81 52.0 68.0 1
    1 1883    7    0 88.0 90.0 1
    1 2771  162   17 51.0 85.0 1
    1 1933  120   61 59.0 73.0 1
    1 3475  135  125 56.0 58.0 1
    1 3171  333   93 31.0 65.0 1
    1 1659   85    0 67.0 90.0 1
    1 1834  162   21 51.0 84.0 1
    0  836  286   61 35.0 73.0 1
    1 1033  286  230 35.0 41.0 1
    1 1623   93   57 65.0 74.0 1
    1 1156  151   39 53.0 79.0 1
    1 3426   69    0 71.0 90.0 1
    1 1404  256    0 38.0 90.0 1
    1  431  207    0 44.0 90.0 1
    1 2001   17    0 85.0 90.0 1
    1  450  174   46 49.0 77.0 1
    1 1190  140   73 55.0 70.0 1
    1 2207  214  151 43.0 53.0 1
    1  911  346  106 30.0 62.0 1
    1 2558  346  333 30.0 31.0 1
    1 1374  346  106 30.0 62.0 1
    1  581   98   43 64.0 78.0 1
    1 1872  130   25 57.0 83.0 0
    1  958  222  193 42.0 46.0 1
    1  395   73    3 70.0 89.0 1
    1 3147   46   28 77.0 82.0 1
    1 2939  193  168 46.0 50.0 1
    1 2381  193    0 46.0 90.0 1
    1 2701  156    0 52.0 90.0 1
    1 1141  222  130 42.0 57.0 1
    1 3595  115    0 60.0 90.0 0
    1 3320  333  275 31.0 36.0 1
    1 3085  162   10 51.0 87.0 1
    2 2816  247   32 39.0 81.0 1
    1 3469   43   14 78.0 86.0 1
    1 3406  151    0 53.0 90.0 1
    1 3044  346   61 30.0 73.0 1
    1 1622   28    0 82.0 90.0 1
    1 1763  145  115 54.0 60.0 1
    1 1421  135    0 56.0 90.0 1
    1 1704  151    0 53.0 90.0 1
    1 2475  346    7 30.0 88.0 0
    1 1438  174    0 49.0 90.0 1
    1 1750  346   81 30.0 68.0 1
    1 1471   81    0 68.0 90.0 1
    1 3105  346   25 30.0 83.0 1
    1 2592  333  156 31.0 52.0 1
    0 1502  156   85 52.0 67.0 1
    2 2253  346   21 30.0 84.0 1
    1 3141  180  106 48.0 62.0 1
    1  912  135   46 56.0 77.0 1
    1  981   77    0 69.0 90.0 1
    1 1272  346   17 30.0 85.0 1
    1 2744  333    0 31.0 90.0 1
    1 2613  222   39 42.0 79.0 1
    1 2095  222   17 42.0 85.0 1
    1 3515   57    0 74.0 90.0 1
    1 1298   14    0 86.0 90.0 1
    1 2844  238  214 40.0 43.0 1
    1 1759  333   50 31.0 76.0 1
    1  353   57   14 74.0 86.0 1
    1 1716  151    0 53.0 90.0 1
    1 1701  120    0 59.0 90.0 1
    1 2895  193  162 46.0 51.0 1
    1 2171  120    0 59.0 90.0 1
    1 3178   81    0 68.0 90.0 1
    1 2214   46   32 77.0 81.0 1
    1 2503  120    0 59.0 90.0 1
    1 3600   57    0 74.0 90.0 1
    1 2934  247    0 39.0 90.0 1
    1 2152  151    0 53.0 90.0 1
    1 2454   43   25 78.0 83.0 1
    1 2547  115   54 60.0 75.0 1
    1 2298  120    0 59.0 90.0 1
    1  424  120    0 59.0 90.0 1
    1 1968   65    0 72.0 90.0 1
    1 2322   35    0 80.0 90.0 1
    1  603   39    0 79.0 90.0 1
    1  784  180   57 48.0 74.0 1
    1 2592  130   89 57.0 66.0 1
    1  674  120   14 59.0 86.0 1
    1  666  145  102 54.0 63.0 1
    1 1901  222   43 42.0 78.0 1
    1 2048  174   77 49.0 69.0 1
    1  749   61   61 73.0 73.0 1
    1 1243   43   10 78.0 87.0 0
    1 1781   89   73 66.0 70.0 0
    1  913  125    0 58.0 90.0 0
    1 2537  125   57 58.0 74.0 0
    1 1403   89   89 66.0 66.0 1
    1 1324  286    0 35.0 90.0 1
    1 2563  120   65 59.0 72.0 1
    1 2898  247   28 39.0 82.0 1
    1 1965  265  162 37.0 51.0 1
    1 1046  102    7 63.0 88.0 1
    1 2765  125   57 58.0 74.0 1
    1  951  130   32 57.0 81.0 1
    1 2068   14    0 86.0 90.0 1
    1  732   46    0 77.0 90.0 1
    1  808   50    0 76.0 90.0 1
    1 2980  265    0 37.0 90.0 1
    1 1770  120    0 59.0 90.0 1
    1 2891  135   21 56.0 84.0 0
    1 3399   25    7 83.0 88.0 1
    1 1298  162    0 51.0 90.0 1
    1 1632   54    0 75.0 90.0 1
    1 1559  120    3 59.0 89.0 1
    1 1990  207  162 44.0 51.0 1
    1 3217   50    0 76.0 90.0 0
    1 2436   73   14 70.0 86.0 0
    1  358  156    3 52.0 89.0 0
    1 1771  207   61 44.0 73.0 1
    1 1054  120   35 59.0 80.0 1
    1 1995  151   25 53.0 83.0 1
    1 1000  247   65 39.0 72.0 1
    1 1308  145   46 54.0 77.0 1
    1 1188  106    0 62.0 90.0 1
    1 1267   85    0 67.0 90.0 1
    1 1510   57    0 74.0 90.0 1
    1 2343  156    0 52.0 90.0 1
    1 3208   89    0 66.0 90.0 0
    1 3056  187   65 47.0 72.0 0
    1 1737   61    0 73.0 90.0 0
    1 3162   28    7 82.0 88.0 1
    1 3327  265  200 37.0 45.0 0
    1 3134  168   98 50.0 64.0 1
    1 1511  308  200 33.0 45.0 1
    1 2475  275    0 36.0 90.0 1
    1  951  256  106 38.0 62.0 1
    1 3137  308    0 33.0 90.0 1
    1  487  102   57 63.0 74.0 1
    1  368  125   10 58.0 87.0 1
    1  547   57    0 74.0 90.0 1
    0  441   69   14 71.0 86.0 1
    1 3276  222    0 42.0 90.0 1
    1  947  256  111 38.0 61.0 1
    1 1696   73   46 70.0 77.0 1
    1  854    7    0 88.0 90.0 1
    1 1084  135    0 56.0 90.0 1
    1 1953  333  120 31.0 59.0 0
    1 2800  125    0 58.0 90.0 1
    1 1282  200   21 45.0 84.0 1
    1 2527  130   77 57.0 69.0 0
    1 2833   50    0 76.0 90.0 1
    1 1763  333  102 31.0 63.0 1
    1 2143   57    0 74.0 90.0 1
    1  583   73    0 70.0 90.0 1
    1 1007   61    0 73.0 90.0 1
    1 1565  265   10 37.0 87.0 1
    1  680  308   10 33.0 87.0 1
    1 1636  145   17 54.0 85.0 0
    1  991   46    0 77.0 90.0 1
    1 2517  162    0 51.0 90.0 1
    1 1527  320  125 32.0 58.0 1
    1 2176  180  106 48.0 62.0 1
    1 1531  193   32 46.0 81.0 1
    1 1485  333  265 31.0 37.0 1
    1 1140   61   54 73.0 75.0 1
    1 3424  320  151 32.0 53.0 1
    1  547    3    0 89.0 90.0 1
    1 1288  140    0 55.0 90.0 1
    1  703  102   43 63.0 78.0 1
    1 1089  238   65 40.0 72.0 1
    1 1487  230    0 41.0 90.0 1
    1 1099  187   69 47.0 71.0 1
    1 1439  320  120 32.0 59.0 1
    1  339   28    0 82.0 90.0 1
    1 2050  140   32 55.0 81.0 1
    1 3520  256   61 38.0 73.0 1
    1 2724  145   35 54.0 80.0 1
    1 2604   65   35 72.0 80.0 0
    1  796  207   14 44.0 86.0 1
    1 3114  151   10 53.0 87.0 1
    1 1204  111    3 61.0 89.0 1
    0 3217  120    0 59.0 90.0 1
    1 1925  106    7 62.0 88.0 1
    1 3178  275    0 36.0 90.0 0
    1 2870  151  145 53.0 54.0 0
    1  551  187    3 47.0 89.0 0
    1 3356  156  151 52.0 53.0 1
    1 2109   77   32 69.0 81.0 1
    1 1510  308  106 33.0 62.0 1
    1 1224  187   46 47.0 77.0 1
    1 1028   93   50 65.0 76.0 1
    1 2772  120   32 59.0 81.0 1
    1 1693   77   43 69.0 78.0 1
    1  940  120  106 59.0 62.0 1
    1 3049  115   81 60.0 68.0 0
    1 2163  238    0 40.0 90.0 1
    1 1052  214  156 43.0 52.0 0
    1 2587   25    0 83.0 90.0 1
    1 2865  346  297 30.0 34.0 1
    1 3348  297   17 34.0 85.0 1
    1 1976  156   10 52.0 87.0 1
    1 2835  346  214 30.0 43.0 1
    1  770   98   77 64.0 69.0 1
    1 1451  286  214 35.0 43.0 1
    1 1933  297   77 34.0 69.0 1
    1 1134   32    0 81.0 90.0 1
    1 2649  193   50 46.0 76.0 1
    1 1683  346   73 30.0 70.0 1
    1  673   46   10 77.0 87.0 1
    1 2496  145   65 54.0 72.0 1
    1  446  151   25 53.0 83.0 1
    2 1764   81   77 68.0 69.0 1
    1 2069  222  120 42.0 59.0 1
    1  465  115    3 60.0 89.0 0
    1 2449  115   81 60.0 68.0 1
    1 2933  193   77 46.0 69.0 1
    1 2723  247   32 39.0 81.0 1
    1 3238  115   50 60.0 76.0 1
    1  967  140  130 55.0 57.0 1
    1  955  256    0 38.0 90.0 1
    1 2382   81    0 68.0 90.0 1
    1 3083   43    3 78.0 89.0 1
    1  428  102   10 63.0 87.0 0
    1 2517   21    0 84.0 90.0 1
    1 2657  308   17 33.0 85.0 1
    1 1220  140    0 55.0 90.0 1
    1 2940  286  200 35.0 45.0 1
    1  996  180   89 48.0 66.0 1
    1 2113  222   98 42.0 64.0 1
    1 2688  180   73 48.0 70.0 1
    1 2598  174    0 49.0 90.0 0
    1 1956   57    0 74.0 90.0 1
    1 1329   10    3 87.0 89.0 1
    1 1993  168   65 50.0 72.0 1
    1 1519  230  145 41.0 54.0 1
    1 3571  193   39 46.0 79.0 1
    1 3346  238  115 40.0 60.0 1
    1 1074  247   54 39.0 75.0 1
    1  539   50    0 76.0 90.0 1
    1 1947  207  187 44.0 47.0 1
    1 2280  308    0 33.0 90.0 1
    1  566  247    0 39.0 90.0 1
    0 3110   81   54 68.0 75.0 0
    1 1383   61   57 73.0 74.0 1
    1 2643  230  214 41.0 43.0 1
    1  940  151   61 53.0 73.0 0
    1 1208  297   28 34.0 82.0 1
    1 3470   81   32 68.0 81.0 1
    1  938  180    0 48.0 90.0 1
    1 3124  320  140 32.0 55.0 1
    1  529   28    0 82.0 90.0 1
    1  929  174  106 49.0 62.0 1
    1 2050  156   98 52.0 64.0 1
    1  576  130    0 57.0 90.0 1
    1 2337  156   93 52.0 65.0 1
    1 3480  140   17 55.0 85.0 1
    1 2410  297   61 34.0 73.0 1
    1  953  115   69 60.0 71.0 1
    1  512  222    0 42.0 90.0 1
    1 2840  265    0 37.0 90.0 1
    1  373   98    0 64.0 90.0 1
    1 2219  265    0 37.0 90.0 1
    1  562  238    0 40.0 90.0 1
    1 2371  111  106 61.0 62.0 1
    1  927  193   61 46.0 73.0 1
    1 1964   10    0 87.0 90.0 1
    1 3370  168  162 50.0 51.0 1
    1 2816  238   77 40.0 69.0 1
    1  862  200   61 45.0 73.0 1
    1 1392  308   81 33.0 68.0 1
    0 3271  297  102 34.0 63.0 1
    1 1073  135    0 56.0 90.0 0
    1 3375  135   81 56.0 68.0 1
    1 3484  333   65 31.0 72.0 1
    1 3364  156    0 52.0 90.0 0
    1  508   69    0 71.0 90.0 1
    1  359  125    0 58.0 90.0 1
    1 1199  286  106 35.0 62.0 1
    1 3152  187    0 47.0 90.0 1
    1  340  145    0 54.0 90.0 1
    1 2969  193   61 46.0 73.0 1
    1 1893  156   32 52.0 81.0 1
    1 1272   35    0 80.0 90.0 1
    1 3548  162   25 51.0 83.0 1
    1 1310  275   25 36.0 83.0 1
    1  588  130    0 57.0 90.0 0
    1 2848  265  115 37.0 60.0 1
    1 2432  230   81 41.0 68.0 1
    1 1123    7    0 88.0 90.0 0
    1  311   73    0 70.0 90.0 0
    1 2957  207  174 44.0 49.0 1
    1 1082   25    0 83.0 90.0 1
    1 2194  151  111 53.0 61.0 1
    1 3411   93    0 65.0 90.0 1
    1 2899   17    0 85.0 90.0 1
    1 1209   39    0 79.0 90.0 1
    1 2427   32    3 81.0 89.0 0
    1 3485   17    0 85.0 90.0 1
    1 1456  162   28 51.0 82.0 0
    1 2864   43    0 78.0 90.0 1
    1 1763   17    0 85.0 90.0 1
    1 1395  222   43 42.0 78.0 1
    1 2307  275  193 36.0 46.0 1
    2 1927  320  156 32.0 52.0 1
    1 3512   65   43 72.0 78.0 1
    1  912   32    0 81.0 90.0 1
    2 1207  238   85 40.0 67.0 1
    1 1977   61   35 73.0 80.0 1
    1 1212  308  275 33.0 36.0 1
    1 2639  256   89 38.0 66.0 1
    1  607   14    0 86.0 90.0 0
    1 2784    3    0 89.0 90.0 1
    1  517  145    0 54.0 90.0 0
    1 1661  286    0 35.0 90.0 1
    1 1602  156  156 52.0 52.0 0
    1 2491  265  222 37.0 42.0 0
    1 1000  222   17 42.0 85.0 1
    1 1966   35    0 80.0 90.0 1
    1 3184  346   28 30.0 82.0 1
    1 3012  333    0 31.0 90.0 1
    1 1308  297  111 34.0 61.0 1
    1 3099  222   17 42.0 85.0 1
    1 2515  130  115 57.0 60.0 1
    1 1327  102  102 63.0 63.0 1
    1 1383  247    0 39.0 90.0 1
    1 2944  187    0 47.0 90.0 1
    1 2071    7    0 88.0 90.0 1
    1 2084  151  111 53.0 61.0 1
    1 1072   57   57 74.0 74.0 1
    1 3038  168  130 50.0 57.0 1
    1 1642  238   35 40.0 80.0 1
    1 1851   81   25 68.0 83.0 1
    1 2529  193    0 46.0 90.0 1
    1 2872  238    7 40.0 88.0 1
    1 1222  333   17 31.0 85.0 1
    1 2358   85   54 67.0 75.0 1
    1 3514  187   85 47.0 67.0 1
    1 1965  120   46 59.0 77.0 1
    1 1003   93   43 65.0 78.0 0
    1 3416  308    0 33.0 90.0 1
    1 3319  120  106 59.0 62.0 1
    1  451   81   35 68.0 80.0 1
    1  494  140   73 55.0 70.0 1
    1 2710   89   65 66.0 72.0 1
    1 1232  346    3 30.0 89.0 1
    1 2679  238  187 40.0 47.0 1
    1 2327  297   17 34.0 85.0 1
    1 1105  247    0 39.0 90.0 0
    2 2953  115    0 60.0 90.0 1
    1 1187  320   32 32.0 81.0 1
    1 1316   54    0 75.0 90.0 1
    1  356   61    0 73.0 90.0 1
    1 1628   65    0 72.0 90.0 1
    1 1106   50    0 76.0 90.0 1
    1 2262  180  125 48.0 58.0 1
    1 1817   57    0 74.0 90.0 1
    1 3006   69    0 71.0 90.0 1
    1 1667   61   25 73.0 83.0 1
    0 3508  265  174 37.0 49.0 1
    1 2895  247   50 39.0 76.0 1
    1  562  193    0 46.0 90.0 1
    1 3529  346  265 30.0 37.0 1
    1 3028  145   77 54.0 69.0 1
    1 1750  346    0 30.0 90.0 1
    1  744   98   39 64.0 79.0 1
    1 1921  187   50 47.0 76.0 1
    1  741  256  102 38.0 63.0 1
    1 1926  265   65 37.0 72.0 1
    1 3056  140    0 55.0 90.0 1
    1  659   46    0 77.0 90.0 1
    1 1549   46   28 77.0 82.0 1
