 400 400 400 128
    1 2832  333   10 31.0 87.0 1
    1 3119  230  102 41.0 63.0 1
    1  844  275  145 36.0 54.0 1
    1  587   93    7 65.0 88.0 1
    1 1794   39    0 79.0 90.0 1
    1 1143  297    7 34.0 88.0 1
    1 3533  308  256 33.0 38.0 1
    1 1167  286   50 35.0 76.0 1
    1 3413  346  275 30.0 36.0 1
    1 3057  333    0 31.0 90.0 0
    1 1135  286  207 35.0 44.0 1
    2 3220  297   98 34.0 64.0 1
    1 2002  207   50 44.0 76.0 1
    1 1378  111    7 61.0 88.0 1
    1 1761  193  130 46.0 57.0 1
    1  585  193   89 46.0 66.0 1
    1 2341  187    0 47.0 90.0 1
    1 1841  151   43 53.0 78.0 1
    1  461  135    0 56.0 90.0 1
    1  896   21    0 84.0 90.0 1
    1  908   89   85 66.0 67.0 1
    1 2463  247   39 39.0 79.0 1
    1 3195  297   43 34.0 78.0 1
    1 1802  265  111 37.0 61.0 1
    1 2006  265   54 37.0 75.0 1
    1 2141   50    0 76.0 90.0 1
    1 2787  151  120 53.0 59.0 1
    1 2746  238   89 40.0 66.0 1
    1 1104  222    0 42.0 90.0 1
    1 3301  320  238 32.0 40.0 1
    1  638  156   61 52.0 73.0 1
    1 3485  320  265 32.0 37.0 1
    1 3354  151  125 53.0 58.0 1
    1  899  180  120 48.0 59.0 1
    1 2199  151    0 53.0 90.0 1
    1 3025  111   46 61.0 77.0 0
    1 2183  135  106 56.0 62.0 1
    1  977  200    0 45.0 90.0 0
    1 3544  125    3 58.0 89.0 1
    1  806  193  151 46.0 53.0 1
    1 3520  180   21 48.0 84.0 0
    1  885  135   50 56.0 76.0 1
    1  901  193    0 46.0 90.0 1
    1  391  151    0 53.0 90.0 1
    1 1253  140    0 55.0 90.0 1
    1 1462  230   32 41.0 81.0 1
    1 1710  297  111 34.0 61.0 1
    1 3566  247    0 39.0 90.0 0
    1 1407   57    0 74.0 90.0 1
    1 3139   65    0 72.0 90.0 1
    1  667   54    0 75.0 90.0 1
    1 2684   54   35 75.0 80.0 1
    1 1680  214  200 43.0 45.0 1
    1 2864  297  214 34.0 43.0 1
    1  985   61   25 73.0 83.0 1
    2 1395  115    0 60.0 90.0 0
    1 3528   54    0 75.0 90.0 1
    1 3131  320   14 32.0 86.0 1
    1  536   10    0 87.0 90.0 1
    1 2049   32   10 81.0 87.0 1
    1 3057  286  120 35.0 59.0 1
    1  885  145   85 54.0 67.0 1
    1  544  238    0 40.0 90.0 1
    1 2617  275   46 36.0 77.0 1
    1  727  135   25 56.0 83.0 1
    1  469  151    0 53.0 90.0 1
    1 1037  115   25 60.0 83.0 1
    1 2517   93    0 65.0 90.0 1
    1 3196   73   43 70.0 78.0 1
    1 2285   98   43 64.0 78.0 1
    1 3232  214    0 43.0 90.0 1
    1  532   61   21 73.0 84.0 1
    1 3295  297    0 34.0 90.0 1
    2  374  120    0 59.0 90.0 1
    1 1054  145   46 54.0 77.0 1
    1 1483   57    0 74.0 90.0 1
    1  656  222  102 42.0 63.0 1
    1 1807  145    0 54.0 90.0 0
    1 3519  297    3 34.0 89.0 0
    1 2393  151    0 53.0 90.0 1
    1 2095  180    0 48.0 90.0 1
    2  589  286    0 35.0 90.0 1
    1 2956  140   85 55.0 67.0 0
    1 3449  238   54 40.0 75.0 1
    1 3002  207   14 44.0 86.0 1
    1 2787  320  106 32.0 62.0 1
    1 3327   54    0 75.0 90.0 1
    1 1745  247   10 39.0 87.0 1
    1 1906   85   61 67.0 73.0 1
    1 2802   89   61 66.0 73.0 1
    1 2053  256  115 38.0 60.0 1
    1 2642   54    0 75.0 90.0 1
    1 2029  125   85 58.0 67.0 1
    1 3573  238  162 40.0 51.0 0
    1  800   39    7 79.0 88.0 1
    1  614  174   65 49.0 72.0 1
    1 3574  214   77 43.0 69.0 1
    1 1948  145    0 54.0 90.0 1
    1 2139    7    0 88.0 90.0 1
    1 1898  256   17 38.0 85.0 1
    1 3138  125    0 58.0 90.0 1
    1  692   93   35 65.0 80.0 1
    1  891  111   89 61.0 66.0 1
    1 2784   89    0 66.0 90.0 0
    1 1426   61    0 73.0 90.0 1
    1  915    7    0 88.0 90.0 1
    1 2444  102    0 63.0 90.0 1
    1 2916  200    0 45.0 90.0 1
    1  491   28    0 82.0 90.0 1
    1  533  151    0 53.0 90.0 0
    0  919  346   35 30.0 80.0 1
    1 1532  102    0 63.0 90.0 1
    1  480   54   28 75.0 82.0 1
    1 1817  214  111 43.0 61.0 1
    1  918   89    0 66.0 90.0 1
    1 3324  333    7 31.0 88.0 0
    1 1762   69   25 71.0 83.0 1
    1  746  320   35 32.0 80.0 1
    1 2815  193   50 46.0 76.0 1
    1  502  200   25 45.0 83.0 1
    1 2845   21    0 84.0 90.0 1
    1 2970   89    0 66.0 90.0 1
    1  559   14    0 86.0 90.0 1
    1 1519  275   77 36.0 69.0 1
    1 3443  265    0 37.0 90.0 1
    1 3283  286   25 35.0 83.0 1
    1 1994   93   28 65.0 82.0 1
    1  436  125   81 58.0 68.0 1
    1  924  247  111 39.0 61.0 1
    1 3395  214   81 43.0 68.0 1
    1 2223  102    0 63.0 90.0 1
    1 2840   46    0 77.0 90.0 0
    1  840  275  135 36.0 56.0 1
    1 2665   25    0 83.0 90.0 1
    1  354   39    0 79.0 90.0 1
    1  431   57    0 74.0 90.0 1
    1 2758   46   43 77.0 78.0 1
    1 1605  106   89 62.0 66.0 1
    1 1495  207   69 44.0 71.0 1
    1 1631   39   17 79.0 85.0 0
    1 1925  286   61 35.0 73.0 1
    1 2284  207  102 44.0 63.0 1
    1 3255   85    0 67.0 90.0 1
    1 1914   50   46 76.0 77.0 1
    0 3016  156    0 52.0 90.0 1
    1  807  333    0 31.0 90.0 0
    1 3272  238    7 40.0 88.0 1
    1 2308  247   10 39.0 87.0 1
    1 1259   57   32 74.0 81.0 1
    1  685   85   77 67.0 69.0 1
    1  377   57    7 74.0 88.0 1
    1  597  193    0 46.0 90.0 1
    1 2982   50   21 76.0 84.0 1
    1 3378  120  106 59.0 62.0 1
    1 1009   73   28 70.0 82.0 1
    1 1571   28    0 82.0 90.0 1
    1 2053  256   73 38.0 70.0 1
    1  751   50    0 76.0 90.0 1
    1 3247  162   69 51.0 71.0 1
    1 1296   93    0 65.0 90.0 1
    1 1846  275   98 36.0 64.0 1
    1 2771  135   98 56.0 64.0 1
    1 2263  187   25 47.0 83.0 1
    1 1894  265    3 37.0 89.0 1
    1  619  156    0 52.0 90.0 1
    1 1825  207  151 44.0 53.0 1
    1 2881  140    0 55.0 90.0 1
    1 2106  320    0 32.0 90.0 1
    1 2159   57    0 74.0 90.0 1
    1 2483  151   25 53.0 83.0 1
    1 1341  320  151 32.0 53.0 0
    1 1379  275   85 36.0 67.0 0
    1 3397  346  256 30.0 38.0 1
    1 1352  162  156 51.0 52.0 0
    1 1555   39    0 79.0 90.0 1
    1  996   39    0 79.0 90.0 1
    1 3188  230  135 41.0 56.0 1
    1 2028   25    3 83.0 89.0 1
    1 2993  286   46 35.0 77.0 1
    1 3520  130   14 57.0 86.0 1
    1  334   46    0 77.0 90.0 1
    1 2356  333   73 31.0 70.0 1
    1  514  247    0 39.0 90.0 1
    1 3335  265   35 37.0 80.0 1
    1 2099  230    0 41.0 90.0 1
    1 2609    7    0 88.0 90.0 1
    1 3419   93    0 65.0 90.0 0
    0 2890  156   10 52.0 87.0 1
    1  709  140   46 55.0 77.0 1
    1 3373  151   89 53.0 66.0 1
    1 2391  320  162 32.0 51.0 0
    1 2462  151   17 53.0 85.0 1
    1  403   61   43 73.0 78.0 1
    1 3064   14    0 86.0 90.0 1
    1 2006  115    3 60.0 89.0 1
    1 1519  214   17 43.0 85.0 1
    1  584  145   50 54.0 76.0 1
    1 2413   81   14 68.0 86.0 1
    1 2196  286    7 35.0 88.0 1
    1 1666   39    0 79.0 90.0 1
    1 2493  180   14 48.0 86.0 1
    1 1563  145   61 54.0 73.0 1
    1  544  168    7 50.0 88.0 1
    1 2617  193    0 46.0 90.0 1
    1  356  115    0 60.0 90.0 1
    1 1984  193  125 46.0 58.0 1
    1 1000   50   25 76.0 83.0 0
    1  619   61    0 73.0 90.0 0
    1  943  135   69 56.0 71.0 1
    1 2562   89    0 66.0 90.0 0
    1  643  193    0 46.0 90.0 1
    1 1294  120   32 59.0 81.0 1
    1 1295  187  102 47.0 63.0 1
    1 1269  135    0 56.0 90.0 0
    1  314   50    0 76.0 90.0 0
    1 1527  151   28 53.0 82.0 1
    1 1055  125   81 58.0 68.0 1
    1 2999  200  193 45.0 46.0 1
    1 1098   93   10 65.0 87.0 1
    1 1032   57   39 74.0 79.0 1
    1 1010   39    0 79.0 90.0 1
    1 1555   81    0 68.0 90.0 0
    2 2209  193   57 46.0 74.0 1
    1 1059  333  102 31.0 63.0 0
    1 1601  115    3 60.0 89.0 1
    1  828  214   39 43.0 79.0 1
    1 1009   10    0 87.0 90.0 1
    1 1656  247   39 39.0 79.0 1
    1 2710  180    0 48.0 90.0 1
    1 3547   61   61 73.0 73.0 1
    1  309   14    0 86.0 90.0 1
    1  997  308   46 33.0 77.0 1
    1 1249  286    3 35.0 89.0 1
    1 3179  207  111 44.0 61.0 1
    1 3198   89    0 66.0 90.0 1
    1 2098   69   25 71.0 83.0 1
    1 1328  111  102 61.0 63.0 1
    1 1037   35    0 80.0 90.0 1
    1  734  308    0 33.0 90.0 1
    1  514   39    0 79.0 90.0 0
    1 3248   28    0 82.0 90.0 1
    1 3073  151    0 53.0 90.0 1
    1 3354  187   98 47.0 64.0 0
    2 1445  346  308 30.0 33.0 0
    1 1078  187    0 47.0 90.0 1
    1  811  145  135 54.0 56.0 1
    1 1902   81    0 68.0 90.0 1
    1  765  111    0 61.0 90.0 0
    1 1310   25    0 83.0 90.0 0
    1 2832   65    0 72.0 90.0 1
    1 2415  111   17 61.0 85.0 1
    1 2159   32    0 81.0 90.0 1
    1 2907  320    0 32.0 90.0 1
    1 3284  102   98 63.0 64.0 1
    1 2012  162   54 51.0 75.0 1
    1 2639  174    0 49.0 90.0 1
    1 3332  140   14 55.0 86.0 1
    1  934  193  180 46.0 48.0 1
    1  302   46   25 77.0 83.0 1
    1 1260   69    0 71.0 90.0 1
    1 1582  214    3 43.0 89.0 1
    1 1125  256  207 38.0 44.0 1
    1  626  125    7 58.0 88.0 1
    1  832   61   32 73.0 81.0 1
    1 2998  200   21 45.0 84.0 1
    1 2806  145   43 54.0 78.0 1
    1  515   35    0 80.0 90.0 1
    1 3578  162   39 51.0 79.0 1
    1 1490    3    0 89.0 90.0 1
    1 3215  162   77 51.0 69.0 1
    1 1312  265  106 37.0 62.0 1
    1 2949  275  102 36.0 63.0 1
    1  568   50   21 76.0 84.0 1
    1 3122   85   81 67.0 68.0 1
    1 2737  145   35 54.0 80.0 1
    1 1276  286   46 35.0 77.0 1
    1  651  207   17 44.0 85.0 1
    1 1842   69    3 71.0 89.0 1
    1 1157  120   39 59.0 79.0 1
    1 3199   61    0 73.0 90.0 1
    1 1404   98    0 64.0 90.0 1
    1 1839  247  187 39.0 47.0 1
    1 3312    7    0 88.0 90.0 1
    1 2991  286    0 35.0 90.0 1
    1 1412   69    0 71.0 90.0 1
    1  665  120  102 59.0 63.0 1
    1 2629   98   77 64.0 69.0 1
    1 1005   35    0 80.0 90.0 1
    1 3579  193   14 46.0 86.0 1
    1 1589   21    0 84.0 90.0 1
    1 1113  168   10 50.0 87.0 1
    1 1981   65    0 72.0 90.0 1
    1 1871  193   69 46.0 71.0 1
    1 2654  102   69 63.0 71.0 1
    1 2704  180    0 48.0 90.0 1
    1 2124  247    0 39.0 90.0 1
    1  593   61   17 73.0 85.0 1
    1 3114   61   10 73.0 87.0 1
    0 3211  247   43 39.0 78.0 0
    1 1205  256    0 38.0 90.0 1
    1 2125  256   57 38.0 74.0 1
    1 1993  111    0 61.0 90.0 1
    1 1127   54    0 75.0 90.0 1
    1 3521  102    0 63.0 90.0 1
    1 1558   98   46 64.0 77.0 1
    1 1526   46    0 77.0 90.0 1
    1 1277  297  102 34.0 63.0 1
    1 1985  156    0 52.0 90.0 1
    1 1033  174   98 49.0 64.0 1
    1 3334  207   98 44.0 64.0 1
    1 3195  200   17 45.0 85.0 1
    1  831  151  102 53.0 63.0 1
    1 2502  247  168 39.0 50.0 1
    1 2546  120   35 59.0 80.0 1
    1 2688   89    0 66.0 90.0 1
    0 3382  256   46 38.0 77.0 1
    1 3359  286    0 35.0 90.0 1
    1 1626  174   32 49.0 81.0 1
    1 2133  120    0 59.0 90.0 1
    1 3199   25    0 83.0 90.0 1
    1 1148  297  111 34.0 61.0 1
    1 2355  162   69 51.0 71.0 1
    1 2603  187    0 47.0 90.0 1
    1  721  222   25 42.0 83.0 1
    1  304   28    0 82.0 90.0 1
    1 2537  140   73 55.0 70.0 1
    1 3483  193  120 46.0 59.0 1
    1 2555  297   69 34.0 71.0 1
    1 2620  180    0 48.0 90.0 1
    1  598  238   57 40.0 74.0 1
    1 2985  222  130 42.0 57.0 1
    1 2457  200    7 45.0 88.0 1
    1 1974   65   46 72.0 77.0 0
    1 2812   61   10 73.0 87.0 1
    1 2949  102    0 63.0 90.0 1
    1 1115   61    0 73.0 90.0 1
    1 2107  265    0 37.0 90.0 1
    1 2009  247    7 39.0 88.0 1
    1 1891  120   98 59.0 64.0 1
    1 3404  275   73 36.0 70.0 1
    1 3103   93   14 65.0 86.0 1
    0  998  193    0 46.0 90.0 1
    1 1138  265  145 37.0 54.0 1
    1 1947  156  125 52.0 58.0 1
    1 2240  297   32 34.0 81.0 1
    1 2780  102   73 63.0 70.0 1
    1 2617   17    0 85.0 90.0 1
    1  724  125   43 58.0 78.0 1
    1  406  200    0 45.0 90.0 0
    1 1760  174   85 49.0 67.0 1
    1 2741   39    0 79.0 90.0 1
    1  754   54    0 75.0 90.0 1
    1 2376  125    0 58.0 90.0 1
    1 1776  162  135 51.0 56.0 1
    1 1966  111   85 61.0 67.0 1
    1 3455  320    0 32.0 90.0 0
    1 2986  308   28 33.0 82.0 1
    1 3236  115   81 60.0 68.0 1
    1 1913  115    3 60.0 89.0 1
    1 1352  125    0 58.0 90.0 1
    1 1666   73   10 70.0 87.0 1
    1  914  247    0 39.0 90.0 1
    1 2559  106   61 62.0 73.0 1
    1 1801   85    0 67.0 90.0 1
    1 1438  214    0 43.0 90.0 1
    1 2992   14    3 86.0 89.0 1
    1 1045  286  214 35.0 43.0 1
    1  396   85    0 67.0 90.0 1
    1  675  222   17 42.0 85.0 1
    1 1546  207  156 44.0 52.0 0
    1 1561  297    7 34.0 88.0 1
    1 1316  135  111 56.0 61.0 1
    1  315   54    0 75.0 90.0 1
    1  902  120   77 59.0 69.0 0
    1 1552  256   89 38.0 66.0 1
    1 1350  286   57 35.0 74.0 1
    1 1234  187   98 47.0 64.0 1
    1 3234   85   69 67.0 71.0 1
    1 2228   10    0 87.0 90.0 1
    1 3252  308  145 33.0 54.0 1
    1 1959  145  120 54.0 59.0 1
    1 2520  238  193 40.0 46.0 1
    1 3297  320  286 32.0 35.0 0
    1 1164  238  151 40.0 53.0 1
    1 1672  333  214 31.0 43.0 1
    1 2257  187    0 47.0 90.0 1
    1  391  106   69 62.0 71.0 1
    1 1138  162  156 51.0 52.0 1
    1 2707   73   69 70.0 71.0 1
    1  620  111   77 61.0 69.0 0
    1 2814  275  200 36.0 45.0 1
    1 1899  115   89 60.0 66.0 0
    1 1111  156    0 52.0 90.0 1
    1 1496  162  120 51.0 59.0 1
    1 2080  286  168 35.0 50.0 1
    1 2416  111   35 61.0 80.0 0
    1 3591  238  135 40.0 56.0 1
    1 2930  308  247 33.0 39.0 1
    1 3349  275   57 36.0 74.0 1
    1  627  162   14 51.0 86.0 1
