 400 400 400 128
    1 2847  115   32 60.0 81.0 1
    1 1178  106    0 62.0 90.0 1
    1 2300   65   14 72.0 86.0 1
    1  478   32   10 81.0 87.0 1
    1 2048  238  174 40.0 49.0 1
    1 1906  106    0 62.0 90.0 1
    1 1856  320   32 32.0 81.0 1
    1 1225  238   54 40.0 75.0 1
    1  750  145    0 54.0 90.0 1
    1 2718  275  256 36.0 38.0 1
    1 1627  135    0 56.0 90.0 1
    1  920  174   77 49.0 69.0 1
    1  585  125    0 58.0 90.0 1
    1  658  106   17 62.0 85.0 1
    1 3565  151   28 53.0 82.0 1
    1  714   14    0 86.0 90.0 1
    1 1135   85   32 67.0 81.0 1
    1 1002   14    0 86.0 90.0 1
    1  551  174   32 49.0 81.0 1
    1 1679  156    0 52.0 90.0 1
    1  412   14    0 86.0 90.0 1
    1 2664  187    0 47.0 90.0 1
    1  930   98    0 64.0 90.0 1
    1 1369  297    0 34.0 90.0 1
    1 2773   93    0 65.0 90.0 1
    1 1673  222   89 42.0 66.0 1
    1 2608  151   93 53.0 65.0 1
    1 2069  125  106 58.0 62.0 1
    1 1356  256   14 38.0 86.0 1
    2  611  111    0 61.0 90.0 1
    1 2179   57   35 74.0 80.0 1
    1 1411  265  200 37.0 45.0 1
    1 1909  214   65 43.0 72.0 1
    1 1510   28   17 82.0 85.0 1
    1 2663   54    0 75.0 90.0 1
    1 3057  187    0 47.0 90.0 1
    1  956  168  140 50.0 55.0 1
    1 2992  214   54 43.0 75.0 1
    1 2949  320    0 32.0 90.0 1
    1 2529  265  111 37.0 61.0 1
    1 2069  247   10 39.0 87.0 1
    1 3227   61    0 73.0 90.0 0
    1 3477  207    0 44.0 90.0 1
    1 1057  168   17 50.0 85.0 1
    1 2127  193  102 46.0 63.0 1
    1 1496  275   17 36.0 85.0 1
    1 2561  247  111 39.0 61.0 1
    1 2590  256   54 38.0 75.0 1
    1 1518   98   28 64.0 82.0 1
    1  721   43    7 78.0 88.0 1
    1 2609  200  168 45.0 50.0 1
    1  781  106   81 62.0 68.0 1
    1 2164  115   39 60.0 79.0 1
    1 1566  275    0 36.0 90.0 1
    1 2357  193  125 46.0 58.0 1
    1 3238  207    0 44.0 90.0 1
    1 1085  168    0 50.0 90.0 1
    1 2906  162   57 51.0 74.0 1
    1 1549  130   17 57.0 85.0 1
    1 1045  333   17 31.0 85.0 1
    1 3127  308    0 33.0 90.0 1
    1 2721  346  180 30.0 48.0 1
    1 2382  275    0 36.0 90.0 1
    1 1250   43   10 78.0 87.0 1
    1 2875   39    0 79.0 90.0 1
    1 1717   46    0 77.0 90.0 1
    1 1426  222  187 42.0 47.0 1
    1 2198  265   17 37.0 85.0 1
    1 1651  308    3 33.0 89.0 1
    1  470   89   46 66.0 77.0 1
    1 2481  200   77 45.0 69.0 0
    1 2590  238   46 40.0 77.0 0
    1 1603  297    7 34.0 88.0 1
    1 2702  333    0 31.0 90.0 0
    1 2232  286  151 35.0 53.0 1
    1  911  200    0 45.0 90.0 1
    1 1695  145   43 54.0 78.0 0
    1 3242  214    0 43.0 90.0 1
    1 1761  333    0 31.0 90.0 1
    1 1622  120   61 59.0 73.0 1
    1 2566  120   25 59.0 83.0 1
    1 3505  125    0 58.0 90.0 1
    1 3522  275   73 36.0 70.0 1
    1 1455  297    0 34.0 90.0 1
    1  817  207   32 44.0 81.0 1
    1 3163   25    0 83.0 90.0 1
    1  477  180   14 48.0 86.0 0
    1  592   69   10 71.0 87.0 0
    1 3127  346   25 30.0 83.0 1
    1 3564   10    0 87.0 90.0 1
    1 1313  140    0 55.0 90.0 0
    1 2093  230    0 41.0 90.0 1
    1 2479  102   50 63.0 76.0 1
    1 1162  214    0 43.0 90.0 0
    1 1446  168   50 50.0 76.0 1
    1 2527   50    0 76.0 90.0 0
    1 1895   98   10 64.0 87.0 0
    1 1198  174   77 49.0 69.0 1
    1 2477  247   54 39.0 75.0 1
    1 3557   98   25 64.0 83.0 1
    1 2387  102   93 63.0 65.0 1
    1 3084  230   85 41.0 67.0 1
    1  375   98    0 64.0 90.0 1
    1 2594  238   10 40.0 87.0 0
    1 1553  130   77 57.0 69.0 0
    1 2625  156   21 52.0 84.0 1
    1 3076   46    0 77.0 90.0 1
    1 1713  320   77 32.0 69.0 1
    1 1927   50   32 76.0 81.0 1
    1 3272   43    0 78.0 90.0 1
    1 3357  187  151 47.0 53.0 1
    1 1323  151    0 53.0 90.0 1
    1 2672  320  286 32.0 35.0 1
    1 3043   69   61 71.0 73.0 0
    1  735  308    0 33.0 90.0 1
    1 1968   32   28 81.0 82.0 1
    1 1428  297  140 34.0 55.0 1
    1 1319   46   39 77.0 79.0 1
    1 3052  120   81 59.0 68.0 1
    1 1446  120    0 59.0 90.0 1
    1 3304  168    0 50.0 90.0 1
    1  372  120   35 59.0 80.0 1
    1  786  115   85 60.0 67.0 1
    1 1675  168   73 50.0 70.0 1
    1 2426  140   57 55.0 74.0 1
    1 2393    7    0 88.0 90.0 1
    1 1679  193   89 46.0 66.0 1
    1 1882  230    0 41.0 90.0 1
    1 2186  256   39 38.0 79.0 0
    1  339   89   69 66.0 71.0 1
    1  757    3    0 89.0 90.0 1
    1  517   25    0 83.0 90.0 1
    1 1535  151    0 53.0 90.0 1
    1 3343  102    0 63.0 90.0 1
    1 1433  238  162 40.0 51.0 1
    1 2539  308   77 33.0 69.0 1
    1 1975    7    0 88.0 90.0 1
    1 3153  238   43 40.0 78.0 1
    1 1980  156   93 52.0 65.0 0
    1  462  102   93 63.0 65.0 1
    1 3528   65   14 72.0 86.0 1
    1 1265  308  193 33.0 46.0 1
    1 1861  125  125 58.0 58.0 0
    1 3394   35    0 80.0 90.0 1
    1 2084  308  180 33.0 48.0 1
    0 3324  286  151 35.0 53.0 1
    1 1295  320   85 32.0 67.0 1
    1 3567  275   50 36.0 76.0 0
    1  802  230   61 41.0 73.0 1
    1 1162   57   10 74.0 87.0 1
    1 2270   89   77 66.0 69.0 0
    1 1389   98   89 64.0 66.0 1
    1 3506  308  140 33.0 55.0 1
    1 2761   93   35 65.0 80.0 0
    1 2303   65   32 72.0 81.0 1
    1 1593  230  102 41.0 63.0 1
    1 2376  174  111 49.0 61.0 1
    1 1584  135    0 56.0 90.0 1
    0 2560  346  125 30.0 58.0 1
    1 1640   93   43 65.0 78.0 1
    1 3263   93   57 65.0 74.0 0
    1 2874   73    7 70.0 88.0 1
    1 2958  297  207 34.0 44.0 1
    1 2256  247   35 39.0 80.0 1
    1 3549  115    7 60.0 88.0 1
    1 2201  320    0 32.0 90.0 1
    1  421   46    0 77.0 90.0 1
    1 1332   89    0 66.0 90.0 1
    1 1108  168   81 50.0 68.0 1
    1 3152  256    0 38.0 90.0 1
    1 1934  265   57 37.0 74.0 1
    1 3556  193    0 46.0 90.0 0
    0 1540  265    0 37.0 90.0 1
    1  860  265  111 37.0 61.0 1
    1 1078   54    0 75.0 90.0 1
    1 3125   98    0 64.0 90.0 1
    1 2303   89   50 66.0 76.0 1
    1 1200  320    0 32.0 90.0 1
    1  450  151   46 53.0 77.0 1
    1  564  214    0 43.0 90.0 1
    1 1475  238   98 40.0 64.0 1
    1 1004  346  111 30.0 61.0 1
    1 1138  214    0 43.0 90.0 1
    1  666  333    0 31.0 90.0 1
    1 3415  187    7 47.0 88.0 1
    1 2803  346  286 30.0 35.0 1
    1 2991  168  156 50.0 52.0 1
    1 2184   73    0 70.0 90.0 1
    1  404  140    0 55.0 90.0 1
    1 2184  125   28 58.0 82.0 1
    1 2695   77    0 69.0 90.0 1
    1 1006   93   25 65.0 83.0 1
    1 1444  230    0 41.0 90.0 1
    2 2301  111    0 61.0 90.0 0
    1 2745   98    0 64.0 90.0 1
    1 1493  145   73 54.0 70.0 1
    0 3478  256   46 38.0 77.0 1
    1 2125   77   32 69.0 81.0 1
    1  765  168    0 50.0 90.0 1
    1  542   61    7 73.0 88.0 1
    1 1932    7    0 88.0 90.0 1
    1 2956  286  111 35.0 61.0 0
    1 1806  207  135 44.0 56.0 0
    1 2236  286   65 35.0 72.0 1
    1 2396  111    0 61.0 90.0 1
    1 1330  130   89 57.0 66.0 1
    1 1473  346   65 30.0 72.0 1
    1  738  207  156 44.0 52.0 1
    1 3260   54    0 75.0 90.0 1
    1  863   35   25 80.0 83.0 1
    1 2857  125  102 58.0 63.0 1
    1 1838  275  135 36.0 56.0 1
    1  324    3    0 89.0 90.0 1
    1 3114  106   85 62.0 67.0 1
    1 3464  256  230 38.0 41.0 1
    1 2267  102    0 63.0 90.0 1
    1  792   77    7 69.0 88.0 1
    1 2220   61   25 73.0 83.0 1
    1 3552  162   46 51.0 77.0 1
    1 3423   73   10 70.0 87.0 1
    1  569  130    0 57.0 90.0 1
    1 1915  111    0 61.0 90.0 1
    1 3334   25    3 83.0 89.0 0
    1 2822   81   69 68.0 71.0 1
    1 2901  102   54 63.0 75.0 0
    1 1989  162    0 51.0 90.0 1
    1 2170  247   81 39.0 68.0 1
    1  317  102    0 63.0 90.0 1
    1 1357  111   17 61.0 85.0 1
    1 2585  275  120 36.0 59.0 1
    1 1351   77    0 69.0 90.0 1
    1 1442  111  106 61.0 62.0 1
    1 1153  238    0 40.0 90.0 1
    1  600  265    0 37.0 90.0 1
    2 1000  230    0 41.0 90.0 1
    1 1775  297   14 34.0 86.0 0
    1 2916   81    0 68.0 90.0 1
    1  385  145    0 54.0 90.0 0
    1 2067  200    0 45.0 90.0 1
    1 3210    7    0 88.0 90.0 1
    1 2913   28    0 82.0 90.0 1
    1 2997  180   65 48.0 72.0 1
    1 3146   98    0 64.0 90.0 1
    1  308  130   21 57.0 84.0 1
    1  430  207    0 44.0 90.0 1
    1 1845  346   81 30.0 68.0 1
    1 2936  168    0 50.0 90.0 1
    1 1147  222    3 42.0 89.0 1
    1  968  320  106 32.0 62.0 1
    1 1293   43    3 78.0 89.0 0
    1 2054   32    0 81.0 90.0 1
    1 3198  214    0 43.0 90.0 1
    1 3388  106    7 62.0 88.0 1
    1 1848  230  222 41.0 42.0 1
    1 1556   98    0 64.0 90.0 0
    1  853   10    0 87.0 90.0 1
    1 1026  286   28 35.0 82.0 1
    1 1957   81   39 68.0 79.0 1
    1 2022  230   57 41.0 74.0 0
    1  983  207  102 44.0 63.0 1
    1 3598   25    0 83.0 90.0 1
    1 2358  156  135 52.0 56.0 1
    1 2803    7    0 88.0 90.0 1
    1 3396   77    0 69.0 90.0 1
    1  798  247   98 39.0 64.0 1
    1 2699  320    0 32.0 90.0 1
    1  911  222  207 42.0 44.0 1
    1 2322    7    0 88.0 90.0 1
    1  409  106    3 62.0 89.0 1
    1 2556  193    0 46.0 90.0 1
    1 1266  333  115 31.0 60.0 1
    1  982  333    7 31.0 88.0 1
    1 1524  230  168 41.0 50.0 1
    1 1305  247   65 39.0 72.0 1
    1  705  106    7 62.0 88.0 1
    1 3095  320  162 32.0 51.0 1
    1 2270  102    0 63.0 90.0 1
    1 2792  115  106 60.0 62.0 1
    1 3014  247    0 39.0 90.0 0
    1 1024   77    0 69.0 90.0 1
    1  920  308   69 33.0 71.0 1
    1 2712  333    0 31.0 90.0 0
    1  485   77    0 69.0 90.0 1
    1 1696  106   39 62.0 79.0 1
    1 3428   32   32 81.0 81.0 1
    1 2685   93   50 65.0 76.0 0
    1 1498  275    0 36.0 90.0 1
    1  856  320   85 32.0 67.0 1
    1 3170  180  156 48.0 52.0 1
    2 2120  174   43 49.0 78.0 0
    1 3414  180   21 48.0 84.0 1
    1 2851  168   32 50.0 81.0 1
    1 1128  222    3 42.0 89.0 1
    1 3458  265    0 37.0 90.0 1
    1  884  115  102 60.0 63.0 1
    1 2515  346  135 30.0 56.0 1
    1  503  174   32 49.0 81.0 0
    1 2420  130   54 57.0 75.0 1
    1  643  207    0 44.0 90.0 1
    1 2199   39    0 79.0 90.0 1
    1  537  145    0 54.0 90.0 0
    1 2187  130    0 57.0 90.0 1
    1 1058  297  207 34.0 44.0 1
    1 2746  286  230 35.0 41.0 1
    1 2825  125    3 58.0 89.0 1
    1 1773   28   10 82.0 87.0 0
    1  340   93    0 65.0 90.0 1
    1 2989   10    0 87.0 90.0 1
    1 2332  193   14 46.0 86.0 1
    0  386  174    7 49.0 88.0 1
    1 3063   98   39 64.0 79.0 1
    1 2279   61   54 73.0 75.0 1
    1 1301  320    0 32.0 90.0 1
    1 1699  168    0 50.0 90.0 1
    1 1399   21    0 84.0 90.0 1
    1 3566  222   98 42.0 64.0 1
    1  327   43   28 78.0 82.0 1
    1 1822  207   43 44.0 78.0 0
    1 2814  320   77 32.0 69.0 1
    1 3428  286   14 35.0 86.0 1
    1  466  145    0 54.0 90.0 1
    1  674   35    0 80.0 90.0 1
    1 3493   69    0 71.0 90.0 1
    1 1625  162   98 51.0 64.0 1
    1  506  151    0 53.0 90.0 1
    1  717  275   69 36.0 71.0 1
    1 3175   98   69 64.0 71.0 1
    1 2974  180    0 48.0 90.0 1
    1 1350  320  125 32.0 58.0 1
    1 1904  120    0 59.0 90.0 1
    1 3542  275  145 36.0 54.0 0
    1 1393  265  111 37.0 61.0 1
    1 1260  247    0 39.0 90.0 1
    1 1253   77   50 69.0 76.0 1
    1 1582  140    0 55.0 90.0 1
    1 1134  286   14 35.0 86.0 1
    1 3171   17    0 85.0 90.0 1
    1 1971   39    0 79.0 90.0 1
    1 1945  222   50 42.0 76.0 1
    1 1988  156  130 52.0 57.0 1
    1  883    3    0 89.0 90.0 1
    1 2275  230   69 41.0 71.0 1
    1 3562  135    0 56.0 90.0 0
    1 2104  320   54 32.0 75.0 1
    1 2416   28    0 82.0 90.0 1
    1  323   61    0 73.0 90.0 1
    1 2829  222   21 42.0 84.0 1
    1 1676   14    0 86.0 90.0 1
    1  628  102   89 63.0 66.0 1
    1 1430  174    0 49.0 90.0 1
    1 1840   81   73 68.0 70.0 1
    1 2364  275  265 36.0 37.0 1
    1 2372   77    0 69.0 90.0 1
    1  998   39    0 79.0 90.0 1
    1  976  247  151 39.0 53.0 1
    1 2537   69    0 71.0 90.0 1
    1 2967  286    0 35.0 90.0 1
    1 1093  200  168 45.0 50.0 1
    1 3029  320  156 32.0 52.0 1
    1  506   39   21 79.0 84.0 0
    1  646   81   69 68.0 71.0 1
    1 1856  320  106 32.0 62.0 1
    1  482   73    0 70.0 90.0 1
    1 2165  168    0 50.0 90.0 1
    1 2605  135  130 56.0 57.0 1
    1 2012  286  125 35.0 58.0 1
    1 3067  162    0 51.0 90.0 1
    1 3418  111    0 61.0 90.0 1
    1  471  193    0 46.0 90.0 1
    1 2766  214  102 43.0 63.0 1
    1 1864  286  187 35.0 47.0 1
    1 1552  308   69 33.0 71.0 1
    1 2638   28    7 82.0 88.0 1
    1 1813  230  145 41.0 54.0 1
    1  374  102   28 63.0 82.0 1
    1 1984  247  135 39.0 56.0 1
    1  431  180    0 48.0 90.0 1
    1 2914  162   98 51.0 64.0 1
    1 3184  180   57 48.0 74.0 1
    1 1496  145    0 54.0 90.0 1
    1  707  256   77 38.0 69.0 0
    1 2979   89    0 66.0 90.0 1
    1 2680  238   81 40.0 68.0 1
    1 1313  106  102 62.0 63.0 1
    1 2736   50   10 76.0 87.0 1
    1 3089  162    0 51.0 90.0 1
    1 1999  145    0 54.0 90.0 1
    1 2992  115    0 60.0 90.0 1
    1 1887  207  130 44.0 57.0 1
    1 3043   17   14 85.0 86.0 1
    1 2983  151    3 53.0 89.0 1
    1 2457  120   10 59.0 87.0 1
    1  874   77   69 69.0 71.0 1
    1 1160   81   43 68.0 78.0 1
    1  426   17    0 85.0 90.0 1
    1  504   32   14 81.0 86.0 1
    1 2779  130  111 57.0 61.0 1
    2 1344  207  120 44.0 59.0 1
    1  681  145   81 54.0 68.0 1
    1  338   77    0 69.0 90.0 1
