 400 400 400 128
    1 1728    7    0 88.0 90.0 1
    1 2703  222   10 42.0 87.0 1
    1 2497   77   43 69.0 78.0 1
    1 1683  125   93 58.0 65.0 1
    1 3581  102    0 63.0 90.0 1
    1 2224   98    0 64.0 90.0 1
    1 3016  308   10 33.0 87.0 1
    1 1487  256   46 38.0 77.0 1
    1 3407  102   28 63.0 82.0 1
    1  760   65    0 72.0 90.0 1
    1 2685  247   25 39.0 83.0 1
    1 3186  200    0 45.0 90.0 1
    1 1149   25   17 83.0 85.0 1
    1  871  187    0 47.0 90.0 1
    1 1659   77   32 69.0 81.0 1
    1  882  168   89 50.0 66.0 1
    1 2717  125    0 58.0 90.0 1
    1 2242  168   65 50.0 72.0 1
    1 1821  135    3 56.0 89.0 1
    1 1819  187    0 47.0 90.0 1
    1 1052  286    0 35.0 90.0 1
    1 2868   28    0 82.0 90.0 0
    1  840  140  120 55.0 59.0 1
    1 3247  140   50 55.0 76.0 1
    1  333   57   35 74.0 80.0 1
    1  853  187   14 47.0 86.0 1
    1  624  200    0 45.0 90.0 1
    1 2188   65   17 72.0 85.0 1
    1 2800   50    0 76.0 90.0 1
    1 2281  256   39 38.0 79.0 1
    1 1408  125   73 58.0 70.0 1
    1  310   25    0 83.0 90.0 1
    1 2167  320   85 32.0 67.0 0
    1 1795   61    0 73.0 90.0 1
    1 2702  130   35 57.0 80.0 1
    1 2969  333    0 31.0 90.0 1
    1 1347  238  214 40.0 43.0 1
    1  531   93    3 65.0 89.0 1
    1  380   39    0 79.0 90.0 1
    1 2417   43   25 78.0 83.0 1
    1  348   54   10 75.0 87.0 1
    1 1687  346    0 30.0 90.0 1
    1 3314  320   25 32.0 83.0 1
    1 1379   77    0 69.0 90.0 1
    1 1345  297   35 34.0 80.0 1
    1  565   10    7 87.0 88.0 1
    1 1946  106    7 62.0 88.0 1
    1  948  346    0 30.0 90.0 1
    1 2026   17    0 85.0 90.0 1
    1 2947  174   77 49.0 69.0 1
    1 1313   57    0 74.0 90.0 1
    1 1206   69    0 71.0 90.0 1
    1 3374   17    7 85.0 88.0 0
    1 1529   98    0 64.0 90.0 1
    1  566   85   17 67.0 85.0 1
    1 2162  297  180 34.0 48.0 1
    1 2032  214  193 43.0 46.0 1
    1 3521  102   98 63.0 64.0 1
    1  747  222    0 42.0 90.0 1
    1 1853    7    0 88.0 90.0 1
    1  721   25    0 83.0 90.0 1
    1 2677  102   32 63.0 81.0 1
    1 2725  174    0 49.0 90.0 1
    1 2832  168    0 50.0 90.0 1
    1 2492  265  140 37.0 55.0 1
    1 1207  308    0 33.0 90.0 1
    1 2365  308  207 33.0 44.0 1
    1  431   32   17 81.0 85.0 1
    1 2466  106   65 62.0 72.0 0
    1 1122  297  214 34.0 43.0 1
    1 1870  151  115 53.0 60.0 1
    1  927  140   61 55.0 73.0 1
    1 1325   85    0 67.0 90.0 1
    1 1303   17    0 85.0 90.0 1
    1 3436  207  151 44.0 53.0 1
    1 2278  111  106 61.0 62.0 1
    1 1552  145  120 54.0 59.0 1
    1 1192  130   89 57.0 66.0 1
    1 1031   65    3 72.0 89.0 1
    1  515   35   10 80.0 87.0 1
    1 1674  135    0 56.0 90.0 1
    1 3007  346    7 30.0 88.0 1
    1 1359   28   14 82.0 86.0 1
    1  580   69    0 71.0 90.0 1
    1 2692  265    0 37.0 90.0 1
    1 1099  207   73 44.0 70.0 0
    1  965  111   39 61.0 79.0 1
    1  407  130   54 57.0 75.0 1
    1 3076  297  106 34.0 62.0 1
    1 1839  346  102 30.0 63.0 1
    1 1572   98   89 64.0 66.0 1
    1 1405  130    0 57.0 90.0 1
    1 2431  156    0 52.0 90.0 0
    1 3527  297   35 34.0 80.0 0
    1 2525   98   93 64.0 65.0 1
    1 2393   93   54 65.0 75.0 0
    1 3151  346   21 30.0 84.0 1
    1 3535  125    0 58.0 90.0 1
    1  329   93    0 65.0 90.0 1
    1 3490   46   46 77.0 77.0 1
    1 1283  106    0 62.0 90.0 1
    1 2841  168    0 50.0 90.0 1
    1 3382  168   85 50.0 67.0 1
    1 1674   39   17 79.0 85.0 1
    1 2840  168  140 50.0 55.0 1
    1  801   46   10 77.0 87.0 1
    1 2079  151    0 53.0 90.0 1
    1 1132  308    0 33.0 90.0 1
    1  316  120    0 59.0 90.0 1
    1  511   46   28 77.0 82.0 0
    1 1115  286  222 35.0 42.0 1
    1 1273   77   10 69.0 87.0 1
    1 2035  111   85 61.0 67.0 1
    1 1563  187   98 47.0 64.0 1
    1 3360  222  111 42.0 61.0 1
    1  530  214    0 43.0 90.0 1
    1  422  125   25 58.0 83.0 1
    1 1887  230   21 41.0 84.0 1
    1 2764  297  120 34.0 59.0 1
    1  988  214   77 43.0 69.0 1
    1 1446  320   14 32.0 86.0 0
    1 2380  275   69 36.0 71.0 1
    1 2831  151  140 53.0 55.0 1
    1  815   93   39 65.0 79.0 1
    1 2846  140    0 55.0 90.0 1
    1 1722  193  145 46.0 54.0 1
    1 3354   35    0 80.0 90.0 1
    1 3463  180    0 48.0 90.0 1
    1 1697  333  180 31.0 48.0 1
    1 2635  207  106 44.0 62.0 1
    1 2021  135   17 56.0 85.0 1
    1 2318   89    7 66.0 88.0 0
    1 2446   35    0 80.0 90.0 1
    1  618   69   50 71.0 76.0 0
    1 1398  130   46 57.0 77.0 1
    1 2114  256  102 38.0 63.0 1
    1 2315  238  102 40.0 63.0 1
    1 1074  120    0 59.0 90.0 1
    1 1805  256  200 38.0 45.0 1
    1 2707  180   61 48.0 73.0 1
    1  330   14    7 86.0 88.0 1
    1 3336   98    0 64.0 90.0 1
    1 2554   93    0 65.0 90.0 1
    1  500   93   28 65.0 82.0 1
    1  323   89    0 66.0 90.0 1
    1 2740   39    0 79.0 90.0 1
    1 3027   73    0 70.0 90.0 1
    1 3083  193    0 46.0 90.0 0
    1 3271  207    0 44.0 90.0 1
    1 3385  187  145 47.0 54.0 1
    1 2019   93    0 65.0 90.0 1
    1 3321  286   69 35.0 71.0 0
    1 2710  214    0 43.0 90.0 1
    1  814   93   73 65.0 70.0 1
    1 2322  102   85 63.0 67.0 1
    1 3041  238    0 40.0 90.0 1
    1 2368  308   46 33.0 77.0 1
    1 2879  333   61 31.0 73.0 1
    1 1762  187   35 47.0 80.0 1
    1 2376  151  111 53.0 61.0 0
    1  550  275    0 36.0 90.0 1
    1 3273  180    0 48.0 90.0 1
    1  835  214    0 43.0 90.0 1
    1 1759  115   46 60.0 77.0 1
    1 2559  187    0 47.0 90.0 1
    1 1405   73    0 70.0 90.0 1
    1 3561    7    0 88.0 90.0 1
    1 1652  115    0 60.0 90.0 1
    1 1165   54   50 75.0 76.0 1
    1 3076  333    0 31.0 90.0 1
    1 2616  238  130 40.0 57.0 1
    1 3519  156   57 52.0 74.0 0
    1  601    7    0 88.0 90.0 1
    1 1402  286    0 35.0 90.0 1
    1 2680  320   46 32.0 77.0 0
    1  421    7    0 88.0 90.0 1
    1  967   28    0 82.0 90.0 1
    1 1927   73    0 70.0 90.0 1
    1  301  140    0 55.0 90.0 0
    1 1279  145    0 54.0 90.0 1
    1  955   85   81 67.0 68.0 1
    1 1928  193  130 46.0 57.0 1
    1 1947  120   73 59.0 70.0 1
    1 1683  222  222 42.0 42.0 1
    1 3364  162   32 51.0 81.0 1
    1  438    7    3 88.0 89.0 1
    1 3569  111   28 61.0 82.0 1
    1  304   85   65 67.0 72.0 1
    1 1828  346   69 30.0 71.0 1
    1 1604   43    0 78.0 90.0 0
    1 2197  238  200 40.0 45.0 1
    1 1038    7    0 88.0 90.0 1
    1 2932  222    0 42.0 90.0 1
    1  740   57    0 74.0 90.0 1
    1 1531  151    0 53.0 90.0 1
    1 2184  145    0 54.0 90.0 1
    1 2093  308  230 33.0 41.0 0
    1  617  125    0 58.0 90.0 1
    1 3381  180  180 48.0 48.0 0
    1 2768   46    0 77.0 90.0 1
    1  415  162    0 51.0 90.0 0
    1 1201   77    0 69.0 90.0 1
    1 2920  256   89 38.0 66.0 1
    1 2563  174  151 49.0 53.0 1
    1 1412  207  145 44.0 54.0 1
    1 3214  333  168 31.0 50.0 1
    1  830  308   73 33.0 70.0 1
    1 2441  275  125 36.0 58.0 1
    1 1917   10    0 87.0 90.0 1
    1 2306  200    0 45.0 90.0 1
    1 2088  125   77 58.0 69.0 1
    1 1903  247    0 39.0 90.0 1
    1  993  130    0 57.0 90.0 1
    1 3504  156   65 52.0 72.0 1
    1 3569   14    0 86.0 90.0 1
    1 2630  102    0 63.0 90.0 1
    1 1822  140    0 55.0 90.0 1
    1  466   43    0 78.0 90.0 1
    1 1639  151    7 53.0 88.0 1
    1 2031  102    0 63.0 90.0 1
    1 2587  125   46 58.0 77.0 1
    1 3152   77    0 69.0 90.0 1
    1 3367   10   10 87.0 87.0 1
    1 1467  207  125 44.0 58.0 1
    1 2322   77    0 69.0 90.0 1
    1 1095  168   54 50.0 75.0 0
    1 1709  320    0 32.0 90.0 1
    1 3186   14    0 86.0 90.0 1
    1 2791  207  145 44.0 54.0 1
    1 1602  207   81 44.0 68.0 1
    1 1922  120    0 59.0 90.0 1
    1 1504   46    0 77.0 90.0 1
    1 1972  187   39 47.0 79.0 1
    1 2879  230   39 41.0 79.0 1
    1  911  174    0 49.0 90.0 1
    1 2553  102   77 63.0 69.0 1
    1 2947  286  120 35.0 59.0 1
    1  404   39   10 79.0 87.0 1
    1 3573  140    7 55.0 88.0 0
    1 1513  200    0 45.0 90.0 1
    1 2614   21    0 84.0 90.0 1
    1 1304  115   57 60.0 74.0 1
    1 2709   65   54 72.0 75.0 1
    1 1141  187   61 47.0 73.0 1
    1 3103   28   17 82.0 85.0 1
    1 1534  145    0 54.0 90.0 1
    1  851  193  140 46.0 55.0 1
    1 1489  333  125 31.0 58.0 1
    1 2161  200    0 45.0 90.0 1
    1 2258  102    0 63.0 90.0 1
    1 1246   89    0 66.0 90.0 0
    1 2722  207   73 44.0 70.0 1
    1 2806  222   81 42.0 68.0 1
    1 2897  130   77 57.0 69.0 0
    1 2980   43    0 78.0 90.0 1
    1  801   50   43 76.0 78.0 1
    1 2142   93    0 65.0 90.0 1
    1  414  174    3 49.0 89.0 1
    1  495  125    0 58.0 90.0 1
    1  663  106   77 62.0 69.0 1
    1 2837   35   10 80.0 87.0 1
    1 2437  187   77 47.0 69.0 1
    1 1090  193   57 46.0 74.0 1
    1 3372  174  125 49.0 58.0 1
    1 2579  130   61 57.0 73.0 1
    1  453  187    0 47.0 90.0 1
    1  336   65    0 72.0 90.0 1
    1 2239   28    0 82.0 90.0 1
    1 3023  308   32 33.0 81.0 1
    1 2877  265  187 37.0 47.0 1
    1 2561  333    0 31.0 90.0 1
    1 2749  174   43 49.0 78.0 1
    1  537  111    0 61.0 90.0 1
    1  630  135    0 56.0 90.0 1
    1 3299  275   85 36.0 67.0 1
    1 1286  238  120 40.0 59.0 1
    1  576  180   98 48.0 64.0 1
    1 1119  111    0 61.0 90.0 1
    1 3361   50    0 76.0 90.0 1
    1 1546  286  174 35.0 49.0 1
    1  773  187    0 47.0 90.0 1
    1 2882  214   61 43.0 73.0 1
    1 3530   77    0 69.0 90.0 1
    1 2535  130   14 57.0 86.0 1
    1 2084   28    0 82.0 90.0 1
    1 2528   32    0 81.0 90.0 1
    1 2512  193   10 46.0 87.0 1
    1 2290    3    0 89.0 90.0 1
    1  879  200    0 45.0 90.0 1
    1  930  130   21 57.0 84.0 1
    1 1081  135  102 56.0 63.0 1
    1 2994  222   50 42.0 76.0 1
    1  604  207   61 44.0 73.0 1
    1 1027   77    0 69.0 90.0 1
    1  547  111   43 61.0 78.0 1
    1 1534  256    0 38.0 90.0 1
    1 2536  120    0 59.0 90.0 1
    1 1964  275  214 36.0 43.0 1
    1 3126  193  102 46.0 63.0 1
    1 1447  297    7 34.0 88.0 1
    1 1266  286    0 35.0 90.0 1
    1  344  115    0 60.0 90.0 1
    1 1935  222   17 42.0 85.0 1
    1 1406   50   21 76.0 84.0 1
    1  310  130    0 57.0 90.0 1
    1 2546  297   21 34.0 84.0 1
    1 3319  275    0 36.0 90.0 1
    1 2676  265   25 37.0 83.0 1
    1 2908  265  162 37.0 51.0 1
    1 1450  135   65 56.0 72.0 1
    1 2916   89   14 66.0 86.0 1
    1 1972  308    7 33.0 88.0 1
    1 3389   57    0 74.0 90.0 1
    1  416  151    0 53.0 90.0 1
    1 1956   77    0 69.0 90.0 1
    1 2697  238   17 40.0 85.0 1
    1 3375  130    0 57.0 90.0 1
    1 1971   25    0 83.0 90.0 1
    1 1563  333  151 31.0 53.0 1
    1  829   69   32 71.0 81.0 1
    1 1298  275  256 36.0 38.0 1
    1 3373   65    0 72.0 90.0 1
    1 1072  135   14 56.0 86.0 1
    1 3434   69    0 71.0 90.0 1
    1  362   89    0 66.0 90.0 1
    1 2730   81   54 68.0 75.0 1
    1 3331  125   61 58.0 73.0 1
    1  421   28    0 82.0 90.0 1
    1  957  130    7 57.0 88.0 1
    1 2776  308  308 33.0 33.0 1
    1 2730  102   17 63.0 85.0 1
    1  501   46   14 77.0 86.0 1
    1 3279  308    3 33.0 89.0 1
    1 1568   73   32 70.0 81.0 1
    1 3514  140   89 55.0 66.0 0
    1 3512    7    0 88.0 90.0 0
    1  325  120   14 59.0 86.0 1
    1 1087   14    0 86.0 90.0 1
    1  511  162    0 51.0 90.0 1
    1 3235  130   69 57.0 71.0 1
    1 1378   25    0 83.0 90.0 1
    1 1786  320  275 32.0 36.0 0
    1 1794  247   65 39.0 72.0 1
    1  435   73    0 70.0 90.0 1
    1 1103  151   89 53.0 66.0 1
    1 1534  222    0 42.0 90.0 1
    1 2444   98   98 64.0 64.0 1
    1 2955  247   25 39.0 83.0 1
    1 2705  180   93 48.0 65.0 1
    1 2036   85    0 67.0 90.0 1
    1  588  151  140 53.0 55.0 1
    1 2214  193   73 46.0 70.0 1
    1 2101   77   57 69.0 74.0 1
    1 3416   98   54 64.0 75.0 1
    1  807  207   61 44.0 73.0 1
    1  964   28   25 82.0 83.0 1
    1 1376   98    0 64.0 90.0 0
    1 3443  151   28 53.0 82.0 1
    1 3401  151  106 53.0 62.0 1
    1 2939  130   17 57.0 85.0 1
    1 1019  275  187 36.0 47.0 1
    1 2809  200   93 45.0 65.0 1
    1 2129   93    0 65.0 90.0 1
    1  940  162  102 51.0 63.0 1
    1 1303   81    0 68.0 90.0 1
    1  903    7    0 88.0 90.0 1
    1 3158   35    7 80.0 88.0 1
    1 2165  256   28 38.0 82.0 1
    1 1476  230   10 41.0 87.0 0
    1  449   73    0 70.0 90.0 1
    1 1585   21    0 84.0 90.0 1
    1 1094  135    0 56.0 90.0 1
    1 1084  207    0 44.0 90.0 0
    1 2768  247   21 39.0 84.0 0
    1 3289  256  135 38.0 56.0 1
    1  923  162    0 51.0 90.0 1
    1  625   98   69 64.0 71.0 1
    1 3415   21    0 84.0 90.0 1
    1 1305  151    0 53.0 90.0 1
    1 2972  180    7 48.0 88.0 0
    1 1115   54   39 75.0 79.0 0
    1 2180  238   85 40.0 67.0 1
    1  867  222   10 42.0 87.0 0
    1 3178  162  102 51.0 63.0 0
    1 2861   35    0 80.0 90.0 1
    1 3599  247   10 39.0 87.0 1
    1  782  286    0 35.0 90.0 1
    1 1283  162    0 51.0 90.0 1
    1 2556   17    0 85.0 90.0 1
    1 2841  256  125 38.0 58.0 1
    1 2759  207    0 44.0 90.0 1
    1 2167  214   25 43.0 83.0 1
    1 2947  320    0 32.0 90.0 0
    1 3295  265    0 37.0 90.0 1
    1 3218  130  125 57.0 58.0 1
    1  945  174   57 49.0 74.0 0
    1 1067   93    0 65.0 90.0 1
    1 2632  275  187 36.0 47.0 1
    1  864  286  130 35.0 57.0 0
    1  653    7    0 88.0 90.0 1
