 400 400 400 128
    1  733    3    0 89.0 90.0 0
    1 1709  180    0 48.0 90.0 1
    1 3600   77   50 69.0 76.0 0
    1 3297  125  106 58.0 62.0 1
    1 1386  346  115 30.0 60.0 1
    1  695   39    0 79.0 90.0 1
    1 1864  130   35 57.0 80.0 1
    1 1262  168   35 50.0 80.0 1
    1 2539  130   65 57.0 72.0 0
    1  317  130    0 57.0 90.0 1
    1 2029  120   77 59.0 69.0 1
    1 3128   61    0 73.0 90.0 1
    1 3436  145    0 54.0 90.0 1
    1 1248  346   39 30.0 79.0 1
    1 1850  102    0 63.0 90.0 1
    1  495  222   21 42.0 84.0 1
    1 3050  200   32 45.0 81.0 1
    1 2402  320  214 32.0 43.0 1
    1 1378  346   89 30.0 66.0 0
    1 1678  193    0 46.0 90.0 0
    1 3427  222   39 42.0 79.0 1
    1 1411   39    0 79.0 90.0 1
    1 2781   65   43 72.0 78.0 1
    1 1419  156    0 52.0 90.0 1
    1  716  207   43 44.0 78.0 1
    1  474   25    0 83.0 90.0 1
    1 1595  193    7 46.0 88.0 1
    1  626   50   14 76.0 86.0 1
    1 2645  200  115 45.0 60.0 0
    1 2925   65   35 72.0 80.0 1
    1  428  106   93 62.0 65.0 1
    1 1492  297    0 34.0 90.0 1
    1  399  130    0 57.0 90.0 1
    1  996  275   35 36.0 80.0 1
    1  661   17   17 85.0 85.0 1
    1  451  135    0 56.0 90.0 1
    1  369   93   25 65.0 83.0 1
    1 2333   77   21 69.0 84.0 1
    1 3038  238   57 40.0 74.0 1
    1  637  265    0 37.0 90.0 1
    1 2935  265  135 37.0 56.0 1
    1 1313  156   32 52.0 81.0 1
    1 2491  346  297 30.0 34.0 1
    1 2404  200  102 45.0 63.0 1
    1 1474  162   93 51.0 65.0 1
    1 3325  151    0 53.0 90.0 1
    1  476  125  106 58.0 62.0 1
    1 2623  247    0 39.0 90.0 1
    1  721  333    0 31.0 90.0 1
    1 2009  275  162 36.0 51.0 1
    1 3164  111    0 61.0 90.0 1
    1  553  180   14 48.0 86.0 1
    1  496  130   10 57.0 87.0 1
    1 1455   81    0 68.0 90.0 1
    1  338  115    0 60.0 90.0 1
    1 2247  230   54 41.0 75.0 1
    1 2779   50    0 76.0 90.0 1
    1  655  168  130 50.0 57.0 1
    1 1196  140   39 55.0 79.0 1
    1 2231  200  140 45.0 55.0 1
    1 1030   61    0 73.0 90.0 1
    1  991  247  200 39.0 45.0 1
    1  456   77   14 69.0 86.0 1
    1 2009  106  102 62.0 63.0 1
    1 1197  286  193 35.0 46.0 1
    1 3356  256   61 38.0 73.0 1
    1 3573   93   93 65.0 65.0 1
    1 1580  180  106 48.0 62.0 1
    1 1248  214   25 43.0 83.0 1
    1 1538  162   54 51.0 75.0 1
    1 2524  320    0 32.0 90.0 0
    1  644  125   57 58.0 74.0 1
    1 2702   50    0 76.0 90.0 1
    1  724  140    7 55.0 88.0 1
    1 1839   25    0 83.0 90.0 1
    1 2582  180   77 48.0 69.0 1
    1 1926   89   77 66.0 69.0 1
    1 1232  140    0 55.0 90.0 1
    1 1213  222  151 42.0 53.0 1
    1 2302   77    3 69.0 89.0 1
    1 1721   65   32 72.0 81.0 1
    1  382  106    0 62.0 90.0 0
    1 1061  102    7 63.0 88.0 1
    1 3549  320   21 32.0 84.0 1
    1 1099   14    0 86.0 90.0 1
    1 3007  162  102 51.0 63.0 1
    1 2574  174    0 49.0 90.0 1
    1 3313  174  140 49.0 55.0 1
    1 1441  238   21 40.0 84.0 1
    1 2108  286    0 35.0 90.0 1
    1  363   98    0 64.0 90.0 1
    1 3291  256    0 38.0 90.0 1
    1 2649  145    0 54.0 90.0 1
    1 2583   50    3 76.0 89.0 1
    1 1986  200   98 45.0 64.0 1
    1 3035  207   93 44.0 65.0 1
    1 2675  230  162 41.0 51.0 1
    1 1572  247   54 39.0 75.0 1
    1 2373   98    0 64.0 90.0 1
    1  792  135   57 56.0 74.0 1
    1 1854  214    0 43.0 90.0 1
    1 1407  174   61 49.0 73.0 1
    1 1983  214   85 43.0 67.0 1
    1 1142   54    0 75.0 90.0 1
    1 1386   21    0 84.0 90.0 1
    1 1919  111    0 61.0 90.0 1
    1  833  193    7 46.0 88.0 1
    1  598  174   39 49.0 79.0 1
    1 2111  256  125 38.0 58.0 1
    1 1137  115    0 60.0 90.0 1
    1 2481  297  102 34.0 63.0 1
    1 1532   43   35 78.0 80.0 1
    1 1539  135   73 56.0 70.0 1
    1 2542  297    0 34.0 90.0 0
    1  633  156    0 52.0 90.0 1
    1 1783  308  130 33.0 57.0 1
    1  314   57    0 74.0 90.0 1
    1 1205  156   81 52.0 68.0 1
    1 1159  308    0 33.0 90.0 1
    1 2110  207  115 44.0 60.0 1
    1 1991  111   10 61.0 87.0 1
    1 1967  308  247 33.0 39.0 1
    1 1612  265   21 37.0 84.0 1
    1 2327   25    0 83.0 90.0 1
    1 1917  230    0 41.0 90.0 1
    1 2311  111    0 61.0 90.0 1
    1  798  168  125 50.0 58.0 1
    1 3543  115    0 60.0 90.0 1
    1  841  151    7 53.0 88.0 1
    1 3539   61   35 73.0 80.0 1
    1 2259  168    0 50.0 90.0 1
    1 2087  275    0 36.0 90.0 1
    1 3456  111   85 61.0 67.0 1
    1 3353  207    0 44.0 90.0 1
    1 1717  102   54 63.0 75.0 0
    1  744   32    0 81.0 90.0 1
    1  345   81    0 68.0 90.0 1
    1 1008  187  162 47.0 51.0 1
    1 1438  102    0 63.0 90.0 1
    1 3031  265   17 37.0 85.0 1
    1 1295  193   43 46.0 78.0 1
    1 2085  162   98 51.0 64.0 1
    1 2357  168   61 50.0 73.0 1
    1 1476   89   14 66.0 86.0 1
    1 3311   85    0 67.0 90.0 1
    1  381   69   35 71.0 80.0 1
    1 3276  265    0 37.0 90.0 1
    1 1397  247   35 39.0 80.0 1
    1 3403  297  130 34.0 57.0 1
    1 1413   35    0 80.0 90.0 0
    1 2080  230    0 41.0 90.0 1
    1 1688  265  168 37.0 50.0 1
    1 2504   61    0 73.0 90.0 1
    1  916   32    0 81.0 90.0 1
    1 1034  140   43 55.0 78.0 1
    1 3483  214   57 43.0 74.0 1
    1 3520  115    0 60.0 90.0 1
    1 2755   46    0 77.0 90.0 0
    1 2544    7    0 88.0 90.0 1
    1  935   25    0 83.0 90.0 0
    1  354  130    0 57.0 90.0 1
    1 1070  151    0 53.0 90.0 1
    1 2598   73   57 70.0 74.0 1
    1 2359  207   89 44.0 66.0 1
    1 2703  187    0 47.0 90.0 1
    1 2416   57    0 74.0 90.0 1
    1 2702  286    0 35.0 90.0 1
    1 1169  333   77 31.0 69.0 1
    1 2544   81   25 68.0 83.0 1
    1 1268   39    0 79.0 90.0 1
    1 2151  320  207 32.0 44.0 1
    1 2230  168    0 50.0 90.0 1
    1  829   43   39 78.0 79.0 1
    1 3249   10    0 87.0 90.0 0
    1  332    3    0 89.0 90.0 1
    1  390  168    0 50.0 90.0 1
    1 2938  207    0 44.0 90.0 1
    1 2020  207  115 44.0 60.0 0
    1 1062  180   61 48.0 73.0 1
    1 1854  135   69 56.0 71.0 1
    1 1506  187    0 47.0 90.0 1
    1 2053  265    3 37.0 89.0 1
    1 1820   93    0 65.0 90.0 1
    1 1934  333  320 31.0 32.0 1
    1  301   35   21 80.0 84.0 1
    1  403  130    0 57.0 90.0 1
    1  447  115   25 60.0 83.0 1
    1 1887  125   25 58.0 83.0 1
    1  990  207   10 44.0 87.0 1
    1 2101  145    0 54.0 90.0 1
    1 2829   81    0 68.0 90.0 0
    1 1622  238    0 40.0 90.0 0
    1 1075  308    0 33.0 90.0 1
    1  855  207  125 44.0 58.0 1
    1 1357  207    0 44.0 90.0 1
    1  856  214  168 43.0 50.0 1
    1 1597  125    0 58.0 90.0 1
    1 3036  135  120 56.0 59.0 0
    1 1816   14    0 86.0 90.0 1
    1 3122  120    0 59.0 90.0 1
    1 2383  180   89 48.0 66.0 1
    1  557  200    0 45.0 90.0 1
    1  678  125   17 58.0 85.0 1
    1  891  162   39 51.0 79.0 1
    1 1693  180  111 48.0 61.0 1
    1 1897   54    7 75.0 88.0 0
    1  338  168    0 50.0 90.0 1
    1 1285  174  168 49.0 50.0 1
    1 1534  222    0 42.0 90.0 1
    1 2260  238   28 40.0 82.0 1
    1 1485   98    0 64.0 90.0 1
    1 1169  214   10 43.0 87.0 1
    1  799  156    0 52.0 90.0 1
    1  671   65   28 72.0 82.0 1
    1 2203  193    0 46.0 90.0 1
    1  561   65    0 72.0 90.0 1
    1 2714  214   77 43.0 69.0 1
    1  735    3    0 89.0 90.0 1
    1 2221  135  130 56.0 57.0 1
    1 3316   65    0 72.0 90.0 1
    1 3427  168   39 50.0 79.0 1
    1  386  151    0 53.0 90.0 1
    1 2386  151   10 53.0 87.0 1
    1  847  222   81 42.0 68.0 1
    1  381   35   21 80.0 84.0 1
    1  844    7    0 88.0 90.0 1
    1 2220   14    0 86.0 90.0 0
    1  440  145    0 54.0 90.0 0
    1 2721  247  140 39.0 55.0 1
    1  709  308   14 33.0 86.0 1
    1 1691  297    3 34.0 89.0 1
    1 1920  135    0 56.0 90.0 0
    1 3385  207   46 44.0 77.0 1
    1 3409  256  135 38.0 56.0 1
    1 1003   57   35 74.0 80.0 1
    1 3080   85    0 67.0 90.0 1
    1 1047  130    0 57.0 90.0 1
    1 3423  333    0 31.0 90.0 1
    1  407   61    7 73.0 88.0 1
    1 3289  193    3 46.0 89.0 0
    1 1649  275  207 36.0 44.0 1
    1 1902  214   43 43.0 78.0 1
    1 2692  346    0 30.0 90.0 1
    1  473  130    0 57.0 90.0 1
    1 3589  102    0 63.0 90.0 0
    1 2811  193    0 46.0 90.0 1
    1 2284  106  106 62.0 62.0 0
    1 2386  102    0 63.0 90.0 1
    1 2763   17    7 85.0 88.0 0
    1 2729  275    0 36.0 90.0 1
    1 2039   25   10 83.0 87.0 0
    1 1475   85   46 67.0 77.0 0
    1 2527  156  106 52.0 62.0 1
    1 2967  214  180 43.0 48.0 1
    1 1711  200    0 45.0 90.0 1
    1 1940   46    0 77.0 90.0 0
    1  416  145    0 54.0 90.0 1
    1 1564  238   32 40.0 81.0 1
    1 2683  333  193 31.0 46.0 1
    1 3515   21    0 84.0 90.0 1
    1  670   69   46 71.0 77.0 0
    1  797   61   35 73.0 80.0 1
    1 2902  275   28 36.0 82.0 1
    1 1335   21   21 84.0 84.0 0
    1 1863  130   85 57.0 67.0 1
    1 1395  286   25 35.0 83.0 1
    1 2876   65    7 72.0 88.0 1
    1  675   35   25 80.0 83.0 1
    1  430  174    0 49.0 90.0 1
    1 2270  238    0 40.0 90.0 1
    1 2583  320    0 32.0 90.0 1
    1 3213  120    0 59.0 90.0 1
    1 1631  297  140 34.0 55.0 1
    1  729  156  111 52.0 61.0 1
    1 2805  346   21 30.0 84.0 1
    1 3043   32   17 81.0 85.0 0
    1 2314   77   43 69.0 78.0 1
    1 1607  297    0 34.0 90.0 1
    1 2159  297   39 34.0 79.0 1
    1  835   61   17 73.0 85.0 1
    1  637  275    0 36.0 90.0 1
    1 2112   57    0 74.0 90.0 1
    1 3005  214  145 43.0 54.0 1
    1 1333   73    0 70.0 90.0 1
    1 2266  115    0 60.0 90.0 1
    1 1161  247   65 39.0 72.0 1
    1 1065  214    0 43.0 90.0 0
    1 2834  135   61 56.0 73.0 0
    1 3162  222   65 42.0 72.0 1
    1 3595  346  286 30.0 35.0 1
    1 2158  230    0 41.0 90.0 1
    1 3238   25    0 83.0 90.0 1
    1  604   43    0 78.0 90.0 1
    1 3016  256  193 38.0 46.0 1
    1 1241  174  156 49.0 52.0 1
    1 2161  187   50 47.0 76.0 0
    1  538   61   39 73.0 79.0 1
    1  699  145  115 54.0 60.0 1
    1 3512  286   10 35.0 87.0 1
    1 1308  120   10 59.0 87.0 1
    1 3383  238   98 40.0 64.0 1
    1 3247  207   10 44.0 87.0 1
    1  347   98    0 64.0 90.0 1
    1 3347  297    0 34.0 90.0 1
    1 1013   57    0 74.0 90.0 1
    1  854  256    0 38.0 90.0 1
    1 1120   61   25 73.0 83.0 1
    1 2218  106   57 62.0 74.0 1
    1 2683  265  135 37.0 56.0 1
    1 3249  162   69 51.0 71.0 1
    1  588  135   85 56.0 67.0 0
    1  540   85    0 67.0 90.0 1
    1 3030  297   17 34.0 85.0 0
    1 1883   43    0 78.0 90.0 1
    1  486   81   77 68.0 69.0 1
    1 1890  145   17 54.0 85.0 1
    1  556  222    3 42.0 89.0 0
    1 1440   10    0 87.0 90.0 1
    1 1343  247    7 39.0 88.0 1
    1 2000  247   57 39.0 74.0 1
    1  367   98   69 64.0 71.0 1
    1  876   81   14 68.0 86.0 0
    1 1738   54    0 75.0 90.0 1
    1  740  125   28 58.0 82.0 1
    1  894  346   89 30.0 66.0 1
    1 2315  200   85 45.0 67.0 1
    1 2099  247   54 39.0 75.0 0
    1  646  111   10 61.0 87.0 1
    1 1412  180  151 48.0 53.0 1
    1  360    7    0 88.0 90.0 1
    1 1519  140    0 55.0 90.0 1
    1 1678   65   32 72.0 81.0 0
    1 2002   81   61 68.0 73.0 1
    1 3212  222   81 42.0 68.0 1
    1  430  187    0 47.0 90.0 1
    1  459  120   54 59.0 75.0 1
    1  409  145    0 54.0 90.0 1
    1 2991   50   46 76.0 77.0 1
    1 2575   43    0 78.0 90.0 1
    1 1826  214  207 43.0 44.0 1
    1 2732  174   14 49.0 86.0 1
    1 1408  193  125 46.0 58.0 1
    1 1159   25   17 83.0 85.0 1
    1 1539  145    0 54.0 90.0 1
    1  422  151    7 53.0 88.0 1
    1 1664  297    0 34.0 90.0 1
    1 2814   93   73 65.0 70.0 1
    1 1278  308   61 33.0 73.0 1
    1 3118  130   85 57.0 67.0 1
    1  587   85   61 67.0 73.0 1
    1 2432  275  111 36.0 61.0 1
    1 2698  275  214 36.0 43.0 1
    1  881   43   32 78.0 81.0 1
    1 2502   50    0 76.0 90.0 1
    1 2747  308  145 33.0 54.0 1
    1 2296  320  256 32.0 38.0 1
    1 3372  275   28 36.0 82.0 1
    1 3535  111  102 61.0 63.0 1
    1 1251  247  207 39.0 44.0 1
    1 3181   89   43 66.0 78.0 1
    1 3476   98   89 64.0 66.0 1
    1  828  180    0 48.0 90.0 1
    1  811  135    0 56.0 90.0 1
    1 1741  333   35 31.0 80.0 0
    1 1174  308    0 33.0 90.0 0
    1 2898  200  135 45.0 56.0 1
    1 2005  214    0 43.0 90.0 1
    1 2024  180    0 48.0 90.0 1
    1  979  125    0 58.0 90.0 1
    1 3552  346  168 30.0 50.0 1
    1 2697  230    0 41.0 90.0 0
    1  334   43    0 78.0 90.0 1
    1 1096    3    0 89.0 90.0 1
    1 1978   65   32 72.0 81.0 0
    1 1710  230    0 41.0 90.0 1
    1 1087  222  115 42.0 60.0 1
    1 2935   73    0 70.0 90.0 1
    1 1613  111    0 61.0 90.0 1
    1 1054  247    0 39.0 90.0 1
    1 3575  222   17 42.0 85.0 1
    1  748  214    7 43.0 88.0 1
    1 1304    7    0 88.0 90.0 0
    1 1425  115    0 60.0 90.0 1
    1 1887  320    3 32.0 89.0 1
    1 2595   98    0 64.0 90.0 1
    1 3465   50    0 76.0 90.0 1
    1 1955   98   43 64.0 78.0 1
    1 3588  200  130 45.0 57.0 1
    1 1986   89    3 66.0 89.0 1
    1  582  168  115 50.0 60.0 1
    1  510  140    0 55.0 90.0 1
    1  775  297   32 34.0 81.0 1
    1 1587  297    0 34.0 90.0 1
    1 2909  120   25 59.0 83.0 0
    1 2717  125   32 58.0 81.0 1
    1 2284  187    7 47.0 88.0 1
    1 2627  256  125 38.0 58.0 1
    1 1432  200   89 45.0 66.0 0
    1 1007   81    0 68.0 90.0 1
    1 2815   85    0 67.0 90.0 1
