 400 400 400 128
    1  717  145  115 54.0 60.0 1
    1 2763   65    0 72.0 90.0 1
    1 1336  135   61 56.0 73.0 1
    1 1699  238  222 40.0 42.0 1
    1 1206  207    0 44.0 90.0 1
    1 3109   98    0 64.0 90.0 1
    1 3461  200    0 45.0 90.0 1
    1 2355  106   43 62.0 78.0 1
    1 1251   14    0 86.0 90.0 1
    1  741   89   69 66.0 71.0 1
    1 2317  265  156 37.0 52.0 1
    1  501   69   17 71.0 85.0 1
    1 2272  174  140 49.0 55.0 1
    1  877  115  106 60.0 62.0 1
    1 3540  286  156 35.0 52.0 1
    1 3307  238  102 40.0 63.0 1
    1 2170   10    0 87.0 90.0 1
    1 1890  145  102 54.0 63.0 1
    1 2700  207    0 44.0 90.0 1
    1 1974  297    0 34.0 90.0 1
    1 1678  333    0 31.0 90.0 1
    1 1455   77   61 69.0 73.0 0
    1  343  162    0 51.0 90.0 0
    1 1017  222  214 42.0 43.0 1
    1 1126  333   54 31.0 75.0 1
    1 1982  200  111 45.0 61.0 1
    1 1859  187   46 47.0 77.0 1
    1 1402  238   10 40.0 87.0 1
    1  576   81   10 68.0 87.0 1
    1 2988  125    0 58.0 90.0 1
    1 1944  238  222 40.0 42.0 1
    1 3332  115  111 60.0 61.0 1
    1  747  187    0 47.0 90.0 1
    1 2042  247    0 39.0 90.0 0
    1 2606  256  247 38.0 39.0 1
    1  587  222    0 42.0 90.0 1
    1 2973   57    0 74.0 90.0 1
    1  618   46   39 77.0 79.0 1
    1 1602  145   57 54.0 74.0 1
    1 1056  207    3 44.0 89.0 1
    1 2887  193  162 46.0 51.0 0
    1 2738  120    0 59.0 90.0 1
    1 3401   93   54 65.0 75.0 1
    1 3585   73   35 70.0 80.0 1
    1 1382   98   21 64.0 84.0 1
    1  531    3    0 89.0 90.0 1
    1  427    7    0 88.0 90.0 1
    1 3040  265  174 37.0 49.0 1
    1 2600  193    3 46.0 89.0 0
    1 3515   43    3 78.0 89.0 1
    1 2038  106    0 62.0 90.0 1
    1 3245  151    0 53.0 90.0 1
    1 2667   46    0 77.0 90.0 1
    1 1197   77   54 69.0 75.0 1
    1  563   32   25 81.0 83.0 1
    1 2475   32    0 81.0 90.0 1
    1 1894   81    0 68.0 90.0 1
    1 2175  180    0 48.0 90.0 1
    1 1168    7    0 88.0 90.0 1
    1 1239  222   77 42.0 69.0 1
    1 1193  333   50 31.0 76.0 1
    1 1635  168   54 50.0 75.0 1
    1  954  207  130 44.0 57.0 1
    1 2192  286   35 35.0 80.0 1
    1 1204   98    0 64.0 90.0 1
    1  813   89    0 66.0 90.0 1
    1 3377  247  222 39.0 42.0 1
    1 3355  207    7 44.0 88.0 1
    1  634   50    0 76.0 90.0 1
    1 2515  238    0 40.0 90.0 1
    1 2443    3    0 89.0 90.0 0
    1 1762  120   85 59.0 67.0 1
    1 3267  120    0 59.0 90.0 0
    1 3130   10    0 87.0 90.0 1
    1  844   93   89 65.0 66.0 1
    1 3090   61   50 73.0 76.0 1
    1 2457   98    0 64.0 90.0 1
    1 1654  275   77 36.0 69.0 1
    1 1127  151    0 53.0 90.0 1
    1 2026  120    0 59.0 90.0 1
    1 2042  111    0 61.0 90.0 1
    1 1327  214   65 43.0 72.0 1
    1 1738   85   17 67.0 85.0 1
    1 2011   50    0 76.0 90.0 1
    1 2499  256   35 38.0 80.0 1
    1 2971  256  111 38.0 61.0 1
    1  527  222   21 42.0 84.0 1
    1 1969   50    0 76.0 90.0 1
    1 3203  333   46 31.0 77.0 1
    1 1015   65   46 72.0 77.0 1
    1 1687   39   28 79.0 82.0 1
    1 3156  115   14 60.0 86.0 1
    1 2563  207    0 44.0 90.0 1
    1 2125  275   14 36.0 86.0 1
    1  984  214  174 43.0 49.0 1
    1  930  102    0 63.0 90.0 0
    1  624  265    0 37.0 90.0 1
    1 2619  308  265 33.0 37.0 1
    1 3310  256    0 38.0 90.0 1
    1  807  320   61 32.0 73.0 1
    1 2832   61    0 73.0 90.0 1
    1  369  120   57 59.0 74.0 1
    1 3527  207  115 44.0 60.0 1
    1 1618  180    3 48.0 89.0 1
    1 2255  207    0 44.0 90.0 1
    1 3394  130   69 57.0 71.0 1
    1  861   93   28 65.0 82.0 1
    1 1773   77    0 69.0 90.0 0
    1 1584  230    0 41.0 90.0 1
    1 1762  230  214 41.0 43.0 1
    1 1683   89   77 66.0 69.0 1
    1  463  102    0 63.0 90.0 1
    1 1957  247  151 39.0 53.0 1
    1 2881  156  145 52.0 54.0 1
    1 1827  187  125 47.0 58.0 1
    1  624  308    0 33.0 90.0 1
    1 2795   46    0 77.0 90.0 1
    1  768  120    0 59.0 90.0 1
    1  391   93    0 65.0 90.0 1
    1 1647  308  207 33.0 44.0 0
    1  608   98   46 64.0 77.0 1
    1 1892   61   28 73.0 82.0 0
    1 2880  120    0 59.0 90.0 1
    1 3174  111   65 61.0 72.0 1
    1 2754  207   10 44.0 87.0 1
    1 2828  275   77 36.0 69.0 1
    1 1391  333  187 31.0 47.0 1
    1 1652   35    0 80.0 90.0 1
    1  962  168    0 50.0 90.0 1
    1 3525  111  102 61.0 63.0 1
    1 1344  187   73 47.0 70.0 1
    1 2672    7    0 88.0 90.0 1
    1 3575   50   28 76.0 82.0 1
    1 3117   81   46 68.0 77.0 1
    1 1126  247  168 39.0 50.0 1
    1  710   89    0 66.0 90.0 1
    1 3145   25    0 83.0 90.0 0
    1 2870  346  102 30.0 63.0 1
    1 2500  180   43 48.0 78.0 1
    1 1618  115   81 60.0 68.0 1
    1 3273  130   17 57.0 85.0 1
    1 3562  320  140 32.0 55.0 1
    1 1261   98    0 64.0 90.0 1
    1 3513  333  180 31.0 48.0 1
    1  680   65    0 72.0 90.0 1
    1 1865  333    0 31.0 90.0 1
    1  744  247   50 39.0 76.0 1
    1 1316  238    7 40.0 88.0 1
    1  408  106   14 62.0 86.0 1
    1 2458  222  214 42.0 43.0 1
    1  908  135   35 56.0 80.0 1
    1 3463  193  145 46.0 54.0 1
    1 2677  135   14 56.0 86.0 1
    1 2450  135  106 56.0 62.0 0
    1 2505   93    0 65.0 90.0 1
    1  890  265  180 37.0 48.0 1
    1 2716  102   89 63.0 66.0 1
    1  778  222   17 42.0 85.0 1
    1 1381   32    0 81.0 90.0 1
    1 1310   43   21 78.0 84.0 1
    1  938  140  106 55.0 62.0 1
    1 2680   10    0 87.0 90.0 1
    1 1262  135   43 56.0 78.0 1
    1 2989  286  102 35.0 63.0 1
    1 3564  151   43 53.0 78.0 1
    1 2612  200  151 45.0 53.0 1
    1  639  187  130 47.0 57.0 1
    1  651  140   65 55.0 72.0 1
    1 1228   32    0 81.0 90.0 1
    1  338    7    3 88.0 89.0 0
    1 3254  193    0 46.0 90.0 0
    1  901  265    0 37.0 90.0 1
    1 2367  275   10 36.0 87.0 1
    1  602   14    0 86.0 90.0 1
    1 3380   32    0 81.0 90.0 1
    1 1469  102    0 63.0 90.0 1
    1 2523   98    0 64.0 90.0 0
    1  954  135    0 56.0 90.0 1
    1  794  200  140 45.0 55.0 1
    1 3570  135   89 56.0 66.0 1
    1  635  238    3 40.0 89.0 0
    1 1182  125   17 58.0 85.0 1
    1 2225  156   50 52.0 76.0 1
    1 3251  193  145 46.0 54.0 1
    1 2408  214  140 43.0 55.0 1
    1 1819  200   65 45.0 72.0 1
    1  478  222    0 42.0 90.0 1
    1 3345  193    0 46.0 90.0 0
    1 3302  247  230 39.0 41.0 1
    1 3085  162  102 51.0 63.0 1
    1  853  247    0 39.0 90.0 1
    1 1120  346  200 30.0 45.0 1
    1 1994   28    0 82.0 90.0 1
    1 2459  247  200 39.0 45.0 1
    1  885  256   54 38.0 75.0 1
    1 2603  320  222 32.0 42.0 1
    1 2917  193   46 46.0 77.0 1
    1 2300   14    3 86.0 89.0 0
    1 2548  286    0 35.0 90.0 1
    1 2606   85   14 67.0 86.0 1
    1  861   28   14 82.0 86.0 1
    1  813  207    0 44.0 90.0 1
    1 3016  333   10 31.0 87.0 1
    1 3056  333    0 31.0 90.0 1
    1 3467    3    0 89.0 90.0 1
    1 2366  207   17 44.0 85.0 1
    1 1290  308  120 33.0 59.0 1
    1 2236  174   69 49.0 71.0 1
    1 2877  222  135 42.0 56.0 1
    1 1658  297   46 34.0 77.0 1
    1  519   21    0 84.0 90.0 1
    1 2327  297  265 34.0 37.0 1
    1 2844  346  120 30.0 59.0 1
    1 1124  308    0 33.0 90.0 1
    1 3428  346  151 30.0 53.0 1
    1 1047   25    0 83.0 90.0 1
    1 2200    3    0 89.0 90.0 1
    1 1883   54    0 75.0 90.0 1
    1 2941  238    0 40.0 90.0 1
    1 2172  130    0 57.0 90.0 1
    1  880  238  162 40.0 51.0 1
    1 2868  174  135 49.0 56.0 1
    1  661  174    0 49.0 90.0 1
    1 1387  320  247 32.0 39.0 1
    1 3024  275   21 36.0 84.0 1
    1  507   69    0 71.0 90.0 1
    1 1182   25   25 83.0 83.0 1
    1 1958  346  102 30.0 63.0 1
    1  605  230   28 41.0 82.0 1
    1 2898  207    0 44.0 90.0 1
    1 2289  265    7 37.0 88.0 1
    1 1663  102   98 63.0 64.0 1
    1 2393  180    0 48.0 90.0 1
    1 1058  106    0 62.0 90.0 1
    1 3390  238   98 40.0 64.0 1
    1 3271  230   73 41.0 70.0 1
    1 1241   35   17 80.0 85.0 1
    1 1762  151    0 53.0 90.0 1
    1 3482   17   14 85.0 86.0 1
    1 2182  120    0 59.0 90.0 1
    1 1607   98   39 64.0 79.0 1
    1  544  222   35 42.0 80.0 1
    1 2772  120   81 59.0 68.0 1
    1 1944  333   25 31.0 83.0 1
    1 1876  200   46 45.0 77.0 1
    1  711  193    0 46.0 90.0 1
    1 1467  333  256 31.0 38.0 1
    1 2268   10    7 87.0 88.0 1
    1  918   17   10 85.0 87.0 1
    1 1509  230  214 41.0 43.0 1
    1 1924   85   43 67.0 78.0 1
    1  464  162    0 51.0 90.0 1
    1 2522   25    0 83.0 90.0 1
    1 3459  151  111 53.0 61.0 1
    1 1565   10    0 87.0 90.0 1
    1 2694  286   14 35.0 86.0 1
    1 2336  200  187 45.0 47.0 1
    1 1334  162    0 51.0 90.0 0
    1 1973   69    0 71.0 90.0 1
    1 1036   50    0 76.0 90.0 1
    1 1946   81   28 68.0 82.0 0
    1 2766   25    7 83.0 88.0 1
    1 1369  214    0 43.0 90.0 1
    1 1774   35    0 80.0 90.0 1
    1 2592  187  111 47.0 61.0 1
    1 2082  333  247 31.0 39.0 0
    1  620  265   14 37.0 86.0 1
    1  383  145   25 54.0 83.0 1
    1 1211  230    7 41.0 88.0 1
    1 2537  145   43 54.0 78.0 1
    1 2378   93   43 65.0 78.0 1
    1 2440  333   28 31.0 82.0 1
    1  668   81    0 68.0 90.0 1
    1 3258  193   35 46.0 80.0 1
    1 2872  286    0 35.0 90.0 1
    1 2539  145    0 54.0 90.0 1
    1 3344  333  275 31.0 36.0 1
    1  879   73   57 70.0 74.0 0
    1 3217   35    0 80.0 90.0 1
    1  337  156    0 52.0 90.0 1
    1 3178  256   69 38.0 71.0 1
    1 2134    3    0 89.0 90.0 1
    1 3530  346    0 30.0 90.0 1
    1 3354  187   32 47.0 81.0 1
    1 3098  115    0 60.0 90.0 0
    1 1358  207    0 44.0 90.0 1
    1  735  297   17 34.0 85.0 1
    1 2482   61    0 73.0 90.0 1
    1 1891  308    0 33.0 90.0 1
    1 2916   21    0 84.0 90.0 1
    1 3520  120   32 59.0 81.0 1
    1 3201  162   14 51.0 86.0 1
    1  381   81    0 68.0 90.0 1
    1 1946   81   73 68.0 70.0 1
    1 3385  275  222 36.0 42.0 1
    1 1883  308   81 33.0 68.0 1
    1 1892  207   39 44.0 79.0 1
    1 2061  320   14 32.0 86.0 1
    1  915  187   93 47.0 65.0 1
    1 2674   77   77 69.0 69.0 1
    1 1180  286   93 35.0 65.0 1
    1 1162   39    0 79.0 90.0 1
    1 1645  111    0 61.0 90.0 1
    1 3561  320  238 32.0 40.0 1
    1  876   73    0 70.0 90.0 1
    1 1943  140   54 55.0 75.0 1
    1 1177   85   43 67.0 78.0 1
    1 1454  265    0 37.0 90.0 1
    1 2247  308  238 33.0 40.0 1
    1 2915  286   50 35.0 76.0 1
    1  622  256    0 38.0 90.0 1
    1 2622   32   17 81.0 85.0 1
    1 3469   43   17 78.0 85.0 1
    1 1434  115    0 60.0 90.0 1
    1 3131  135  130 56.0 57.0 1
    1 1012  256  135 38.0 56.0 1
    1 1587   21   14 84.0 86.0 0
    1 2110  265    0 37.0 90.0 1
    1 2500  286  247 35.0 39.0 1
    1 1852  256   21 38.0 84.0 1
    1 1358   73   14 70.0 86.0 0
    1 1679  140    3 55.0 89.0 1
    1 2993  256  168 38.0 50.0 1
    1 2136  162    0 51.0 90.0 1
    1 1551  102   43 63.0 78.0 1
    1 3238  180    0 48.0 90.0 1
    1 1324  135   77 56.0 69.0 1
    1 2633  200    0 45.0 90.0 1
    1 2103  222   57 42.0 74.0 1
    1 1237  156    7 52.0 88.0 1
    1  978  286    0 35.0 90.0 1
    1 3580  286   28 35.0 82.0 1
    1  697  256    0 38.0 90.0 1
    1 2801  174    0 49.0 90.0 1
    1 1899  265    0 37.0 90.0 1
    1 1419   46   39 77.0 79.0 1
    1 1042  346    0 30.0 90.0 1
    1 2011  230    0 41.0 90.0 1
    1 1250  140    0 55.0 90.0 1
    1 2012  193   89 46.0 66.0 1
    1 1104    3    0 89.0 90.0 1
    1  487  102   81 63.0 68.0 1
    1  558  125  106 58.0 62.0 1
    1 1571  145  130 54.0 57.0 1
    1  749  135   43 56.0 78.0 1
    1 1868   14    0 86.0 90.0 1
    1 2555  174    0 49.0 90.0 1
    1 2179  247   98 39.0 64.0 1
    1 1627  156   14 52.0 86.0 1
    1 3333  207    0 44.0 90.0 1
    1  998  222  193 42.0 46.0 1
    1 3542   85    0 67.0 90.0 1
    1  407   39    0 79.0 90.0 1
    1 3435   21    0 84.0 90.0 1
    1 3102   81    0 68.0 90.0 1
    1 2713  265   10 37.0 87.0 1
    1 2539  106   81 62.0 68.0 1
    1 2351  308  156 33.0 52.0 1
    1  701   32    0 81.0 90.0 0
    1 3487  247   65 39.0 72.0 1
    1 1608  333   46 31.0 77.0 1
    1  552  162    0 51.0 90.0 1
    1  608  286    0 35.0 90.0 1
    1 3589  180    0 48.0 90.0 1
    1 2433  308   77 33.0 69.0 1
    1 1468  174   65 49.0 72.0 1
    1 3591   28    0 82.0 90.0 1
    1 1047  115   81 60.0 68.0 1
    1  896  180    0 48.0 90.0 1
    1 2866  145   81 54.0 68.0 1
    1 2260  238    0 40.0 90.0 1
    1 1058   65    0 72.0 90.0 1
    1  463   81    0 68.0 90.0 1
    1 3193  275  111 36.0 61.0 1
    1 2385  230    0 41.0 90.0 1
    1  849  275    0 36.0 90.0 1
    1 3311  308  140 33.0 55.0 1
    1 3347  162   77 51.0 69.0 1
    1 3583  130  120 57.0 59.0 1
    1 2351   85   73 67.0 70.0 1
    1 1059   89   73 66.0 70.0 0
    1 2272   46   21 77.0 84.0 1
    1 2653  333  111 31.0 61.0 1
    1 1278  247  238 39.0 40.0 1
    1  675  140   54 55.0 75.0 1
    1  428  120    0 59.0 90.0 0
    1  364   73    0 70.0 90.0 1
    1 1027  214   57 43.0 74.0 1
    1 1288   57    0 74.0 90.0 1
    1  729  187   89 47.0 66.0 1
    1 2882  174    0 49.0 90.0 1
    1 2429  265  207 37.0 44.0 1
    1 2337   77   17 69.0 85.0 1
    1 1110   25   10 83.0 87.0 1
    1  703  193   61 46.0 73.0 1
    1  968  256  115 38.0 60.0 1
    1 3549  130   73 57.0 70.0 1
    1 1945  151  140 53.0 55.0 1
    1 2234   65   39 72.0 79.0 1
    1  910  265   85 37.0 67.0 1
