 400 400 400 128
    1 3267   25    0 83.0 90.0 1
    1 2583   73    0 70.0 90.0 1
    1  316  145    0 54.0 90.0 1
    1  371  151   17 53.0 85.0 1
    1 1191  308   89 33.0 66.0 1
    1  373   54   46 75.0 77.0 1
    1 2346  156   14 52.0 86.0 1
    0 1686   93    0 65.0 90.0 0
    1 1743  187    0 47.0 90.0 1
    1 3272  180   85 48.0 67.0 1
    1 2461  230   69 41.0 71.0 1
    1 1979   10    0 87.0 90.0 1
    1 1589  230  207 41.0 44.0 1
    1 1432  111   69 61.0 71.0 1
    1 2781  168  140 50.0 55.0 1
    1 2514   65   25 72.0 83.0 1
    1 2752   77   54 69.0 75.0 1
    1 2662  238    0 40.0 90.0 1
    1 1066  111   77 61.0 69.0 1
    1 2995  238    0 40.0 90.0 1
    1 1013  308   21 33.0 84.0 1
    1 1202   77    3 69.0 89.0 1
    1 1121  135   81 56.0 68.0 1
    1 3280  265  247 37.0 39.0 1
    1 1230  156    0 52.0 90.0 1
    1 2896  222  168 42.0 50.0 1
    1 1785  346  275 30.0 36.0 1
    0 1734   54   32 75.0 81.0 1
    1  820  320   28 32.0 82.0 1
    0  916  297   50 34.0 76.0 1
    1 2156  102   93 63.0 65.0 1
    1  374   93   21 65.0 84.0 1
    1 2661  145  140 54.0 55.0 1
    1 2634  238   39 40.0 79.0 1
    1 1134  222   65 42.0 72.0 1
    1 2868  102   98 63.0 64.0 1
    1  308   85    0 67.0 90.0 1
    1 2278   73   14 70.0 86.0 1
    1 1251  275    3 36.0 89.0 1
    1 1935  125  125 58.0 58.0 1
    1 1105  130    0 57.0 90.0 1
    1 1264  275    0 36.0 90.0 1
    0 3354   69   43 71.0 78.0 1
    1  888  180   10 48.0 87.0 1
    1 1346  102    0 63.0 90.0 1
    1  460  135    0 56.0 90.0 0
    1 3032  135    0 56.0 90.0 1
    1 1105  168    7 50.0 88.0 1
    1 2857   93    3 65.0 89.0 1
    1 1846   46   39 77.0 79.0 1
    1 3325   46    0 77.0 90.0 1
    1  890  125    0 58.0 90.0 0
    1  657  106   17 62.0 85.0 1
    1  835  222  168 42.0 50.0 1
    1 2045  180   50 48.0 76.0 1
    1 1607  207    0 44.0 90.0 1
    2  681  275   10 36.0 87.0 1
    1 2147  230  200 41.0 45.0 1
    1 1409  275  120 36.0 59.0 1
    1 2209  297    0 34.0 90.0 1
    1 2890  256    0 38.0 90.0 1
    1 1668   93    0 65.0 90.0 1
    1 3420  214   25 43.0 83.0 1
    1 2867   21    0 84.0 90.0 1
    1 1044  135   39 56.0 79.0 1
    1 2963  130   35 57.0 80.0 1
    1 1575  222    0 42.0 90.0 1
    1 2384  247   54 39.0 75.0 1
    1 2845  125   93 58.0 65.0 1
    1 1177  162   73 51.0 70.0 1
    1 2786  230  111 41.0 61.0 1
    1  699  238    0 40.0 90.0 1
    1 2753   54    0 75.0 90.0 1
    1 1289   32   17 81.0 85.0 1
    1 1184  286    0 35.0 90.0 1
    2 1855  286    0 35.0 90.0 1
    1 1923  275   61 36.0 73.0 1
    1 3196  265  125 37.0 58.0 1
    1  725  275   25 36.0 83.0 1
    1 3261  156    0 52.0 90.0 1
    1 2666  111    0 61.0 90.0 1
    1 3463   93   43 65.0 78.0 1
    1 2274   10    0 87.0 90.0 1
    1 1871  187    0 47.0 90.0 1
    1  802  265   98 37.0 64.0 1
    1 1840   57   14 74.0 86.0 1
    1  357   73   35 70.0 80.0 1
    1  736  145    0 54.0 90.0 1
    1 2017   89   17 66.0 85.0 1
    1 2753  120   46 59.0 77.0 1
    1  979   89    0 66.0 90.0 1
    1 2185  230  222 41.0 42.0 1
    1  520   93    0 65.0 90.0 1
    1 2729   61    0 73.0 90.0 1
    1 2206  320  256 32.0 38.0 1
    1 2119  156    0 52.0 90.0 1
    1 1378  168   25 50.0 83.0 1
    1 2805  120    0 59.0 90.0 1
    1 3243  222  135 42.0 56.0 1
    1 3093  102   81 63.0 68.0 1
    1 3221  222   50 42.0 76.0 1
    1 2480  308   35 33.0 80.0 1
    0 3523   77   73 69.0 70.0 1
    1 1880  275  130 36.0 57.0 1
    1  712   98   46 64.0 77.0 1
    1 3120   25    0 83.0 90.0 1
    1  864  125  120 58.0 59.0 0
    1 1075   77   14 69.0 86.0 1
    1  955   77   14 69.0 86.0 1
    1  313    3    0 89.0 90.0 1
    1 2077  106   43 62.0 78.0 1
    1 1200  346  187 30.0 47.0 1
    1 1339  111    0 61.0 90.0 1
    1 3581  180  125 48.0 58.0 1
    1 1076   85   46 67.0 77.0 1
    1 3410   85   32 67.0 81.0 1
    2 2301  275    0 36.0 90.0 1
    1 2507  156  140 52.0 55.0 0
    1  383  120    0 59.0 90.0 1
    1  939   81    0 68.0 90.0 1
    1  512  145    0 54.0 90.0 1
    1 1284  102    0 63.0 90.0 1
    1 2393  130    0 57.0 90.0 1
    1 2593  214   21 43.0 84.0 1
    1 1198   85   21 67.0 84.0 1
    1 2709  275    0 36.0 90.0 1
    1 3164  174   43 49.0 78.0 1
    1  566  130    0 57.0 90.0 1
    1  500  140   25 55.0 83.0 1
    1 2667  106    0 62.0 90.0 1
    1 2270   77   25 69.0 83.0 1
    1  365   98   39 64.0 79.0 0
    1 1429  180    0 48.0 90.0 1
    1 3436   98   61 64.0 73.0 0
    1  899   17    0 85.0 90.0 1
    1 3102  256  156 38.0 52.0 1
    1 1251  238   77 40.0 69.0 0
    1 3012  297  162 34.0 51.0 1
    1 2392   50   10 76.0 87.0 1
    1 2021  346   65 30.0 72.0 1
    1  806  200    3 45.0 89.0 1
    1 1204  238    0 40.0 90.0 1
    1 2209  168   14 50.0 86.0 1
    1 1589  193   43 46.0 78.0 1
    1  937  275   10 36.0 87.0 1
    1 1399  256   50 38.0 76.0 1
    1 3048  247  174 39.0 49.0 1
    1 2485  145   54 54.0 75.0 1
    1  864  162   81 51.0 68.0 1
    1 1844  130   93 57.0 65.0 1
    1 3500   98   46 64.0 77.0 1
    1 2567   69    7 71.0 88.0 1
    1  524  151    0 53.0 90.0 1
    1 1274  297   73 34.0 70.0 1
    1 2812  140  120 55.0 59.0 1
    1 2987  256    0 38.0 90.0 0
    1 2575   57    0 74.0 90.0 1
    1 2280  265   69 37.0 71.0 1
    1 1325  125   65 58.0 72.0 1
    1 1179   39    0 79.0 90.0 1
    1 1556  193   85 46.0 67.0 1
    1 1475  102  102 63.0 63.0 1
    1  758  297    0 34.0 90.0 1
    1 1556  275   85 36.0 67.0 1
    1 1417   57    0 74.0 90.0 1
    1 3513  320  130 32.0 57.0 0
    1  361   32    0 81.0 90.0 0
    1 2467   21    0 84.0 90.0 1
    2 1819  320    0 32.0 90.0 1
    1  622   77   21 69.0 84.0 1
    0 2663  214   89 43.0 66.0 1
    1 1685   69   43 71.0 78.0 0
    1 1583  265   39 37.0 79.0 1
    1  379   93   89 65.0 66.0 1
    1 2573  247   43 39.0 78.0 1
    1 3342   46    0 77.0 90.0 1
    1 1798   81   43 68.0 78.0 1
    1 1326  207   10 44.0 87.0 1
    1 3562   25    7 83.0 88.0 1
    2 1603  168    0 50.0 90.0 1
    1  376   39    0 79.0 90.0 1
    1  776  140    0 55.0 90.0 1
    1 1371  308    0 33.0 90.0 1
    1 2198  174   73 49.0 70.0 1
    1 2989  222    0 42.0 90.0 1
    1 1930  130   35 57.0 80.0 1
    1 3348  333  333 31.0 31.0 1
    1 1014  156   54 52.0 75.0 1
    1 2413  275  120 36.0 59.0 1
    1 1824  320    7 32.0 88.0 1
    1 2353  115   10 60.0 87.0 1
    1  461   39   28 79.0 82.0 1
    1 3074  125    0 58.0 90.0 1
    1 1040  308    0 33.0 90.0 1
    1  473   77    3 69.0 89.0 1
    1 1989   65   28 72.0 82.0 1
    1 2379  247  193 39.0 46.0 1
    1 2221  222    0 42.0 90.0 1
    1  711  180  120 48.0 59.0 1
    1 1149   73   61 70.0 73.0 1
    1 1944  230   65 41.0 72.0 1
    1 1163  308   25 33.0 83.0 1
    1 1889  238  162 40.0 51.0 1
    1 2881   89    0 66.0 90.0 1
    1  453  102   98 63.0 64.0 1
    1 3122  180   21 48.0 84.0 1
    1 2767  130    0 57.0 90.0 1
    1 2251  265   61 37.0 73.0 1
    1 1462   65    0 72.0 90.0 1
    1 2459  125   98 58.0 64.0 1
    1  735  115    0 60.0 90.0 1
    1  416   73    0 70.0 90.0 1
    1 2728  111    0 61.0 90.0 1
    1  969  168   25 50.0 83.0 1
    1 1513  151   50 53.0 76.0 1
    1 1799  238   69 40.0 71.0 1
    1 2447   69   65 71.0 72.0 1
    1 3023  238   32 40.0 81.0 1
    1 3090  265    7 37.0 88.0 1
    1 1680  320   85 32.0 67.0 1
    1 1367  130   57 57.0 74.0 1
    1 3548   73    0 70.0 90.0 1
    1  879   89    0 66.0 90.0 0
    1 1676  308   43 33.0 78.0 1
    1 3451  111   81 61.0 68.0 1
    1 1625  238   17 40.0 85.0 1
    1 2848  297  238 34.0 40.0 1
    1 1938  106    0 62.0 90.0 0
    1 3358  308    0 33.0 90.0 1
    1 2654  256   25 38.0 83.0 1
    1 1387  297   77 34.0 69.0 1
    1 2184  265   54 37.0 75.0 1
    1 2474  230   17 41.0 85.0 1
    1 1030  156   17 52.0 85.0 1
    1 1929  125  111 58.0 61.0 1
    1 3200  130  130 57.0 57.0 1
    1 2965  275    0 36.0 90.0 1
    1 2280   69   25 71.0 83.0 1
    1  982  238   81 40.0 68.0 1
    1  890  162    0 51.0 90.0 0
    1 2793  320    0 32.0 90.0 1
    1 1324    3    0 89.0 90.0 1
    1 1262   77   28 69.0 82.0 1
    1 2395  162    0 51.0 90.0 1
    1 3115  106    0 62.0 90.0 1
    1 1189  106   98 62.0 64.0 1
    1 1838   89    0 66.0 90.0 0
    1  858  238   54 40.0 75.0 1
    1 1250  230   32 41.0 81.0 1
    1 1478  106    0 62.0 90.0 1
    1 1215   10    0 87.0 90.0 1
    1 1786  333   93 31.0 65.0 1
    1 3268  247  200 39.0 45.0 1
    1 2907  320   39 32.0 79.0 1
    1  648   65    0 72.0 90.0 1
    1 1887   77   65 69.0 72.0 1
    1 3146    7    0 88.0 90.0 1
    1 3138   50    0 76.0 90.0 1
    1 1562  238    0 40.0 90.0 1
    1 1170  120   39 59.0 79.0 1
    1 2881  320   10 32.0 87.0 1
    1 3416  156   85 52.0 67.0 1
    1 2352  125  125 58.0 58.0 1
    1 3108  125   54 58.0 75.0 1
    1 1392  320  151 32.0 53.0 0
    1  349   93    0 65.0 90.0 1
    1 3338  174   85 49.0 67.0 1
    1 2036  115   85 60.0 67.0 1
    1 1477  214   46 43.0 77.0 1
    1  421  106    0 62.0 90.0 0
    1 1158  230  230 41.0 41.0 1
    1 1416  275  180 36.0 48.0 1
    1  897   65   35 72.0 80.0 1
    1 3600  286    3 35.0 89.0 1
    1  571  222    0 42.0 90.0 1
    1 1612  308  214 33.0 43.0 1
    1 3466  207  130 44.0 57.0 1
    1 2090   98    0 64.0 90.0 1
    1 2372   61    0 73.0 90.0 1
    1 1289   14    0 86.0 90.0 1
    1 1759  106    0 62.0 90.0 0
    1  435  125   89 58.0 66.0 1
    0 1305  320  222 32.0 42.0 1
    1 3108  222   69 42.0 71.0 1
    1  353   46   10 77.0 87.0 1
    1  644  320    0 32.0 90.0 1
    1 1308   14    0 86.0 90.0 0
    1 2032  120  106 59.0 62.0 1
    1 3510  187   85 47.0 67.0 1
    1 2243  120   39 59.0 79.0 1
    1 2416  180  151 48.0 53.0 1
    1 2319   89    3 66.0 89.0 1
    1 3543  145  130 54.0 57.0 1
    1 1728  286  207 35.0 44.0 1
    1 2920  308   50 33.0 76.0 1
    0 2155  115    0 60.0 90.0 1
    1 3515  106   65 62.0 72.0 1
    1 3412   89    0 66.0 90.0 1
    1 3201  214  200 43.0 45.0 1
    1 1340  214   69 43.0 71.0 1
    1 1192  320   54 32.0 75.0 1
    1  654  174    3 49.0 89.0 1
    1 1043  125   69 58.0 71.0 1
    1  825  193    0 46.0 90.0 1
    1 2619  207    0 44.0 90.0 1
    1 2891   35    0 80.0 90.0 0
    2 1729   17    0 85.0 90.0 1
    1 1897   39    7 79.0 88.0 1
    1 3016  308    0 33.0 90.0 0
    1 3420   69    0 71.0 90.0 1
    1 2157  320   77 32.0 69.0 1
    1 1279  151  106 53.0 62.0 1
    1 1263  222  115 42.0 60.0 1
    2 1929  230   54 41.0 75.0 1
    1 1291  120    0 59.0 90.0 1
    1  610   35    0 80.0 90.0 1
    1 3046  168    0 50.0 90.0 1
    1  549  102    0 63.0 90.0 1
    1 2254  286  200 35.0 45.0 1
    1  588  180   98 48.0 64.0 1
    1 1082  265   10 37.0 87.0 0
    1 3373  125  106 58.0 62.0 1
    1 2153  135   32 56.0 81.0 1
    1 1815  222   77 42.0 69.0 0
    1 1156  247  120 39.0 59.0 1
    1 2818   77   17 69.0 85.0 1
    1 1583   35    0 80.0 90.0 1
    1  476  238    0 40.0 90.0 1
    1 2029   35    0 80.0 90.0 1
    1  342  130    0 57.0 90.0 1
    1 1605  320    0 32.0 90.0 1
    1 1484  174    0 49.0 90.0 1
    1 1059  286   54 35.0 75.0 1
    1 1126  115   43 60.0 78.0 1
    1  440   77    0 69.0 90.0 1
    1 1188   50   10 76.0 87.0 1
    1 1416  297  238 34.0 40.0 1
    1  523   54    0 75.0 90.0 1
    1  673   21    0 84.0 90.0 1
    1  982  187   43 47.0 78.0 0
    1 2559  333   54 31.0 75.0 1
    1 3440  222    0 42.0 90.0 1
    1 1613  168   35 50.0 80.0 0
    1 1979  207   89 44.0 66.0 1
    0 2927  297    0 34.0 90.0 1
    1 3495  247  200 39.0 45.0 1
    1 3172  120   65 59.0 72.0 1
    1 3178  180  180 48.0 48.0 1
    1 3067  333    0 31.0 90.0 1
    1 2283  238    0 40.0 90.0 1
    1  785  320    0 32.0 90.0 1
    1  740  102   46 63.0 77.0 1
    1 3439   10    0 87.0 90.0 1
    1 1966  308   46 33.0 77.0 1
    1 2230  120   35 59.0 80.0 1
    1 2022  135    0 56.0 90.0 1
    1 3347  265   98 37.0 64.0 1
    1 1726  275   35 36.0 80.0 1
    1  780  111    0 61.0 90.0 0
    1 2894  130   14 57.0 86.0 0
    1 3297   98   69 64.0 71.0 1
    1 2151   81    7 68.0 88.0 1
    1 2929   43    0 78.0 90.0 1
    1 2267  222   98 42.0 64.0 1
    1 1340  200  130 45.0 57.0 0
    1 3439  207  115 44.0 60.0 1
    1 2527  106   89 62.0 66.0 1
    1  746  333    0 31.0 90.0 1
    1 3102  297  286 34.0 35.0 1
    1 2833   65    0 72.0 90.0 1
    1 1330  130    0 57.0 90.0 1
    1 3025   10    7 87.0 88.0 1
    1 3364  120   32 59.0 81.0 1
    1 2159  320  193 32.0 46.0 1
    1 1121  214   85 43.0 67.0 1
    1 2854  207   93 44.0 65.0 1
    1 3439  214   39 43.0 79.0 1
    1 2781  168    0 50.0 90.0 1
    1 2389  115  111 60.0 61.0 1
    1 3002  174   32 49.0 81.0 0
    1  882  275   10 36.0 87.0 1
    1 2322  135   32 56.0 81.0 1
    1 1372  320    0 32.0 90.0 1
    1 1449   32    0 81.0 90.0 1
    1 3384   14   10 86.0 87.0 1
    1 1200   10    0 87.0 90.0 1
    1  901  256   50 38.0 76.0 1
    1 2214  320    0 32.0 90.0 1
    1 1173  106    0 62.0 90.0 1
    1 2729  275  187 36.0 47.0 1
    1 2060  247    0 39.0 90.0 0
    1  498  214   35 43.0 80.0 1
    2  778  247    0 39.0 90.0 1
    1 3406   69   39 71.0 79.0 0
    1 1374  125    0 58.0 90.0 0
    1  481  130    0 57.0 90.0 1
    1 1526  256  168 38.0 50.0 0
    1 2440  115    0 60.0 90.0 0
    1 2697  180   28 48.0 82.0 1
    2 1662   43    0 78.0 90.0 1
