 400 400 400 128
    1 1610  214    7 43.0 88.0 1
    1 1364   77    0 69.0 90.0 1
    1 2611   85    0 67.0 90.0 1
    1 1012   85   32 67.0 81.0 1
    1 2442  256  102 38.0 63.0 1
    1 1589  187   14 47.0 86.0 1
    1 3186  102    0 63.0 90.0 1
    1 2370  222  111 42.0 61.0 1
    1 3369  174   54 49.0 75.0 0
    1 1135    3    0 89.0 90.0 1
    1  809  256  115 38.0 60.0 1
    1  545  151   39 53.0 79.0 1
    1 2806  125    0 58.0 90.0 1
    1 2739  256  214 38.0 43.0 1
    1 1143  145    0 54.0 90.0 1
    1 2338   43    0 78.0 90.0 1
    1  698   57    0 74.0 90.0 1
    1 1771  214   39 43.0 79.0 1
    1 2866  256  111 38.0 61.0 1
    1 1335  200  115 45.0 60.0 1
    1 2578   46    0 77.0 90.0 1
    1 2328   85    0 67.0 90.0 1
    1 2938  256   35 38.0 80.0 1
    1 3506   46    0 77.0 90.0 1
    1 3081   57   28 74.0 82.0 1
    1 2215  308    7 33.0 88.0 1
    1 1737  346   39 30.0 79.0 0
    1  728  275    0 36.0 90.0 1
    1 2781  162   98 51.0 64.0 1
    1 1010  346    0 30.0 90.0 1
    1 2193   73    0 70.0 90.0 1
    1 2714  156  145 52.0 54.0 1
    1 2496  120   50 59.0 76.0 1
    1 1487   39    7 79.0 88.0 1
    1 2603  247    0 39.0 90.0 1
    1 2424   43    0 78.0 90.0 1
    1 1330  346   21 30.0 84.0 1
    1 1152  156   81 52.0 68.0 1
    1 1494  222   54 42.0 75.0 1
    1 1485  346   28 30.0 82.0 1
    1 1566   98   89 64.0 66.0 1
    1  757  193   14 46.0 86.0 1
    1 1900   10    0 87.0 90.0 1
    1 1785  187    0 47.0 90.0 0
    1 2834  247   35 39.0 80.0 1
    1  489  120    0 59.0 90.0 1
    1 2596  115  111 60.0 61.0 1
    1 2096  207    0 44.0 90.0 1
    1 3596   39    0 79.0 90.0 1
    1  451  200   14 45.0 86.0 1
    1 2966  180  156 48.0 52.0 0
    1  871  193   77 46.0 69.0 1
    1 3516   25    0 83.0 90.0 1
    1  355   39    0 79.0 90.0 1
    1 2976   65   21 72.0 84.0 1
    1  649   14    0 86.0 90.0 1
    1 2622   98    0 64.0 90.0 1
    1 3077  214   28 43.0 82.0 1
    1  493   25    0 83.0 90.0 1
    1 1157  125    0 58.0 90.0 1
    1 3470  346   57 30.0 74.0 1
    1 3462  320   14 32.0 86.0 1
    1 2996   98    0 64.0 90.0 1
    1 2344  333  151 31.0 53.0 1
    1 1931  120    0 59.0 90.0 1
    1 2262   98   69 64.0 71.0 1
    1 2966  275  140 36.0 55.0 1
    1 2289   46    0 77.0 90.0 1
    1 1074  115   50 60.0 76.0 1
    1  492  135  106 56.0 62.0 1
    1 1897  120   14 59.0 86.0 1
    1 2384  275  247 36.0 39.0 1
    1 1806  256    0 38.0 90.0 1
    1 1604  106    0 62.0 90.0 1
    1 2241  111   69 61.0 71.0 1
    1 3089  207   28 44.0 82.0 1
    1 1074   89   85 66.0 67.0 1
    1 3152  247    0 39.0 90.0 1
    1 2167  214    0 43.0 90.0 1
    1 1843  187   69 47.0 71.0 0
    1  925  162   10 51.0 87.0 1
    1 3136  320   21 32.0 84.0 1
    1 1241  200   69 45.0 71.0 1
    1  645   89    0 66.0 90.0 1
    1 1781   73    0 70.0 90.0 1
    1 1487  230   21 41.0 84.0 1
    1 3259  120   10 59.0 87.0 1
    1 2765   25    0 83.0 90.0 0
    1 1410  265    7 37.0 88.0 1
    1 1853  297  187 34.0 47.0 1
    1 2993  162   28 51.0 82.0 1
    1  842  135    0 56.0 90.0 1
    1 2526  333   93 31.0 65.0 1
    1 3239  222  111 42.0 61.0 1
    1 3356  308  222 33.0 42.0 1
    1  699  256    0 38.0 90.0 1
    1 3182  207  180 44.0 48.0 1
    1 1327   35    3 80.0 89.0 1
    1 2241  256   65 38.0 72.0 1
    1  723  174   54 49.0 75.0 1
    1 2000  162  125 51.0 58.0 1
    1  661  162   98 51.0 64.0 1
    1 2545  193    0 46.0 90.0 1
    1 3169  125   21 58.0 84.0 1
    1 1819  102    0 63.0 90.0 1
    1 3137  333  115 31.0 60.0 1
    1 3333  168    0 50.0 90.0 1
    1 2858  297  247 34.0 39.0 1
    1 2942  247  115 39.0 60.0 1
    1 2945   57    0 74.0 90.0 1
    1 1136  308  102 33.0 63.0 1
    1 3263  180    0 48.0 90.0 1
    1 2210  320    0 32.0 90.0 1
    1 2957  214    0 43.0 90.0 1
    1 2753  125    0 58.0 90.0 1
    1 3430  145    0 54.0 90.0 1
    1 3247  102    0 63.0 90.0 1
    1 2635  265    0 37.0 90.0 1
    1 1995  111   57 61.0 74.0 1
    1 2580   35    7 80.0 88.0 1
    1 3425  187    0 47.0 90.0 1
    1  308   77   57 69.0 74.0 1
    1 2828  230    0 41.0 90.0 1
    1 1417   50    0 76.0 90.0 1
    1 3508  286  200 35.0 45.0 1
    1 3448  256  238 38.0 40.0 1
    1 1244  200   98 45.0 64.0 1
    1 1891   93    0 65.0 90.0 1
    1 2259  145  125 54.0 58.0 1
    1 1305  111   25 61.0 83.0 1
    1 2300  187   39 47.0 79.0 1
    1 1197   98    0 64.0 90.0 1
    1 1701   57   50 74.0 76.0 0
    1 2897  125   81 58.0 68.0 1
    1 1120  346   50 30.0 76.0 1
    1 2237  102   81 63.0 68.0 1
    1  543  222   35 42.0 80.0 1
    1 1479  102   65 63.0 72.0 0
    1 1203  162    0 51.0 90.0 0
    1 2051  207    0 44.0 90.0 1
    1 2504  333   73 31.0 70.0 1
    1 1393  256  125 38.0 58.0 1
    1 3217  106    0 62.0 90.0 1
    1 3477  102   73 63.0 70.0 1
    1 2658   57   43 74.0 78.0 1
    1 2324  135   81 56.0 68.0 1
    1 3253  162    0 51.0 90.0 1
    1 1838  214    0 43.0 90.0 1
    1 1164   50   39 76.0 79.0 1
    1  780  193   85 46.0 67.0 1
    1 1910  308  115 33.0 60.0 1
    1 2146  222   54 42.0 75.0 1
    1  908  135  111 56.0 61.0 1
    1 1611  230   43 41.0 78.0 1
    1 3432  247  115 39.0 60.0 0
    1 1957  140   14 55.0 86.0 1
    1 3260   85    0 67.0 90.0 1
    1 2990  238    3 40.0 89.0 1
    1 1788  200   65 45.0 72.0 1
    1  681   85    0 67.0 90.0 1
    1 2529  135    0 56.0 90.0 1
    1 3217  222   57 42.0 74.0 0
    1  646   35   25 80.0 83.0 1
    1  542   35    0 80.0 90.0 1
    1  942  275   85 36.0 67.0 1
    1 1895   17    0 85.0 90.0 1
    1  545  187    0 47.0 90.0 1
    1 3422  187  187 47.0 47.0 1
    1 3521  222    0 42.0 90.0 1
    1  611   61   14 73.0 86.0 1
    1 1063    3    0 89.0 90.0 1
    1 2765  115   65 60.0 72.0 1
    1  765  151   85 53.0 67.0 1
    1  810   17    0 85.0 90.0 1
    1 1533  125   73 58.0 70.0 1
    1  600   54   50 75.0 76.0 1
    1  323   93    0 65.0 90.0 1
    1 1296  207  130 44.0 57.0 1
    1  961  247  214 39.0 43.0 1
    1 2828   65   57 72.0 74.0 1
    1 1391  120    0 59.0 90.0 1
    1 1276   46   17 77.0 85.0 1
    1 2989  145  115 54.0 60.0 1
    1 1195  187  125 47.0 58.0 1
    1 2913   98   43 64.0 78.0 1
    1 2569  115  111 60.0 61.0 1
    1 2995  162   10 51.0 87.0 1
    1 2405  346  297 30.0 34.0 1
    1 2413   14    0 86.0 90.0 1
    1 1739  125   46 58.0 77.0 1
    1 3597   69    0 71.0 90.0 0
    1 1930  333    0 31.0 90.0 1
    1 2447  111    0 61.0 90.0 1
    1  624  120   43 59.0 78.0 1
    1 1844   28   17 82.0 85.0 1
    1  351   81   65 68.0 72.0 1
    1 2689   43    0 78.0 90.0 1
    1 1130   73    0 70.0 90.0 1
    1  775   17    0 85.0 90.0 1
    1 3421  230  214 41.0 43.0 1
    1 2766   73    0 70.0 90.0 1
    1 1914  187   10 47.0 87.0 1
    1  750  207   81 44.0 68.0 0
    1  393  120    0 59.0 90.0 1
    1  377  106   17 62.0 85.0 0
    1 1437   57    0 74.0 90.0 1
    1  862  286   89 35.0 66.0 1
    1 1623  308  238 33.0 40.0 0
    1 1643  174    0 49.0 90.0 1
    1 3462  333  120 31.0 59.0 0
    1 2201   28    0 82.0 90.0 1
    1 3036  207   25 44.0 83.0 0
    1 1569  286    0 35.0 90.0 0
    1 2690  115   73 60.0 70.0 0
    1  596  193    0 46.0 90.0 1
    1  535  156    0 52.0 90.0 1
    1  313  125    0 58.0 90.0 1
    1 1103  130    0 57.0 90.0 1
    1 2788  297    0 34.0 90.0 1
    1 2233  106    0 62.0 90.0 1
    1 3211  102   65 63.0 72.0 1
    1 2759  207  115 44.0 60.0 1
    1  366   43    0 78.0 90.0 1
    1 1414  120    0 59.0 90.0 1
    1 3126  125    0 58.0 90.0 1
    1  895  230    0 41.0 90.0 1
    1 1178  145   69 54.0 71.0 1
    1  666   77    7 69.0 88.0 1
    1 1994    3    0 89.0 90.0 1
    1 2020  162   93 51.0 65.0 1
    1 1844  151  151 53.0 53.0 1
    1 2141  106    0 62.0 90.0 1
    1 2359  174  135 49.0 56.0 1
    1 3144   54    0 75.0 90.0 1
    1 2379  174    0 49.0 90.0 1
    1 1310    3    0 89.0 90.0 1
    1 2485   28   17 82.0 85.0 1
    1 1490  346   32 30.0 81.0 1
    1  673  207    0 44.0 90.0 1
    1 3520  286   39 35.0 79.0 1
    1 2507  140   77 55.0 69.0 1
    1  432   98   93 64.0 65.0 1
    1 3501   39    0 79.0 90.0 1
    1  528   77   65 69.0 72.0 1
    1 3465   69   25 71.0 83.0 1
    1 2606  308  151 33.0 53.0 1
    1 1728  120  115 59.0 60.0 1
    1  384  151    0 53.0 90.0 1
    1 1038  111   61 61.0 73.0 1
    1 1979  230    0 41.0 90.0 1
    1 2197  333  168 31.0 50.0 1
    1 2583  214   43 43.0 78.0 1
    1  967  308   73 33.0 70.0 1
    1  844   77   54 69.0 75.0 1
    1 2654  214   39 43.0 79.0 1
    1 2137  214  207 43.0 44.0 0
    1 3369   98    0 64.0 90.0 0
    1  671   77    0 69.0 90.0 1
    1 1016  265    0 37.0 90.0 1
    1 2766  333    7 31.0 88.0 1
    1 2463  308  207 33.0 44.0 0
    1 2107  156    0 52.0 90.0 0
    1 3490  102   85 63.0 67.0 1
    1 2147  214   89 43.0 66.0 1
    1 2210  230   85 41.0 67.0 1
    1 3491  200  162 45.0 51.0 1
    1 1434   98   21 64.0 84.0 1
    1 2981   28    0 82.0 90.0 1
    1 2355    3    0 89.0 90.0 1
    1 2912  230    0 41.0 90.0 1
    1 2193   81   17 68.0 85.0 1
    1  533   61   17 73.0 85.0 1
    1 3426   77   77 69.0 69.0 1
    1 1275  130  120 57.0 59.0 1
    1  838  151   50 53.0 76.0 1
    1 2768   39    0 79.0 90.0 1
    1 1900  145   61 54.0 73.0 1
    1 3593   21    0 84.0 90.0 1
    1 1559   73   46 70.0 77.0 1
    1 1969  135    7 56.0 88.0 0
    1 2733  106   39 62.0 79.0 1
    1 1805  286   69 35.0 71.0 1
    1 1048  130  106 57.0 62.0 1
    1  418  106    0 62.0 90.0 1
    1 1796  200   65 45.0 72.0 1
    1 2331  174   61 49.0 73.0 1
    1 3097  162    0 51.0 90.0 1
    1 1675  115    0 60.0 90.0 1
    1  946  135  102 56.0 63.0 1
    1 2873   35    0 80.0 90.0 1
    1 1264  120  115 59.0 60.0 1
    1  456   85    0 67.0 90.0 1
    1 2013  115   46 60.0 77.0 1
    1  594  207    3 44.0 89.0 1
    1 3472  200    0 45.0 90.0 1
    1 2440  256   81 38.0 68.0 1
    1 2941   21    0 84.0 90.0 1
    1 3330  286   98 35.0 64.0 1
    1  898   61   39 73.0 79.0 1
    1 3051   14    0 86.0 90.0 1
    1 2643   21    0 84.0 90.0 1
    1  362    3    0 89.0 90.0 1
    1 1889  275   17 36.0 85.0 1
    1 1517  193  168 46.0 50.0 1
    1 3498  247  130 39.0 57.0 1
    1 3037  265  214 37.0 43.0 1
    1 1192  333    0 31.0 90.0 1
    1  728  230    0 41.0 90.0 1
    1  485  135   17 56.0 85.0 0
    1 2478  207  140 44.0 55.0 1
    1 1489   65   10 72.0 87.0 1
    1 3577   98    0 64.0 90.0 1
    1 1511  238  214 40.0 43.0 1
    1  613  187    0 47.0 90.0 1
    1 1939  145    0 54.0 90.0 1
    1  790  275   89 36.0 66.0 1
    1 2808  111    0 61.0 90.0 1
    1 1317  115   17 60.0 85.0 1
    1 3493  187   73 47.0 70.0 1
    1  717   61   10 73.0 87.0 0
    1 1621  162   43 51.0 78.0 1
    1 3409  151   85 53.0 67.0 1
    1  706  238   14 40.0 86.0 0
    1  918  238    0 40.0 90.0 1
    1 3105   89   65 66.0 72.0 1
    1 2028  238   14 40.0 86.0 1
    1 1682  286  222 35.0 42.0 1
    1 1515  193   85 46.0 67.0 1
    1 1818   98   35 64.0 80.0 1
    1 1587  207  135 44.0 56.0 1
    1 3083   81   43 68.0 78.0 1
    1  723  115    7 60.0 88.0 0
    1  550   85    0 67.0 90.0 1
    1 2342  238  162 40.0 51.0 1
    1 2614  275  222 36.0 42.0 1
    1 3435   14   10 86.0 87.0 1
    1 1961   14    0 86.0 90.0 1
    1 2864   54   43 75.0 78.0 1
    1 2064  230    0 41.0 90.0 1
    1 2270  115   10 60.0 87.0 1
    1 2083   50    7 76.0 88.0 1
    1  378   35    0 80.0 90.0 1
    1  475  207    0 44.0 90.0 1
    1 2892  168  111 50.0 61.0 1
    1 1660  230   14 41.0 86.0 1
    1 1355  207    0 44.0 90.0 1
    1  791  333    3 31.0 89.0 1
    1  869  247   17 39.0 85.0 1
    1  620   93   17 65.0 85.0 1
    1 3492   85   73 67.0 70.0 1
    1 2450  275  187 36.0 47.0 1
    1 3516  193   57 46.0 74.0 1
    1 1766  346  247 30.0 39.0 1
    1 2836   65   43 72.0 78.0 1
    1 2988   69    0 71.0 90.0 1
    1 3050  214  145 43.0 54.0 1
    1 1538  207   89 44.0 66.0 1
    1 2260  145    0 54.0 90.0 1
    1 3537  168    0 50.0 90.0 1
    1 1035  320  125 32.0 58.0 1
    1  665  140   10 55.0 87.0 1
    1 1202  256   50 38.0 76.0 1
    1 1372   46    3 77.0 89.0 1
    1 3352   39    0 79.0 90.0 1
    1 1712  187    0 47.0 90.0 1
    1 1049  193    7 46.0 88.0 1
    1 1537   65   57 72.0 74.0 1
    1 3270  174  168 49.0 50.0 1
    1 1961   32   21 81.0 84.0 1
    1  328  115   32 60.0 81.0 1
    1 3279  256   57 38.0 74.0 1
    1  738   50    0 76.0 90.0 1
    1 3547  145   65 54.0 72.0 1
    1 1849  333  247 31.0 39.0 1
    1 2418  111   39 61.0 79.0 1
    1 3099  140   61 55.0 73.0 1
    1  381    3    0 89.0 90.0 1
    1 2391  156    0 52.0 90.0 1
    1  751  275   69 36.0 71.0 0
    1 2719   73   28 70.0 82.0 1
    1  902  214   32 43.0 81.0 1
    1  754  120   35 59.0 80.0 0
    1 1529  135  102 56.0 63.0 1
    1  674   39    7 79.0 88.0 0
    1 1005  214    0 43.0 90.0 1
    1 1922  256  135 38.0 56.0 1
    1 2877  162  106 51.0 62.0 1
    1  566  214    0 43.0 90.0 1
    1  498  214    0 43.0 90.0 1
    1 1555   35   28 80.0 82.0 1
    1 2372  333   35 31.0 80.0 0
    1 2710  265  256 37.0 38.0 1
    1 1358   98   89 64.0 66.0 1
    1 1824  102    0 63.0 90.0 1
    1 2047  162  102 51.0 63.0 0
    1 2509  346  162 30.0 51.0 1
    1 1696   61    0 73.0 90.0 1
    1 3428   35    0 80.0 90.0 1
    1  356  140   32 55.0 81.0 1
    1 2128  145  120 54.0 59.0 1
