 400 400 400 128
    1 3297  168  135 50.0 56.0 1
    1 1571  151    0 53.0 90.0 0
    1 1712  275    0 36.0 90.0 1
    1 2583   39    0 79.0 90.0 1
    1 2251  130   73 57.0 70.0 1
    1 1566  140    0 55.0 90.0 1
    1  435  120   81 59.0 68.0 1
    1 1025   46   32 77.0 81.0 0
    1 3168  102  102 63.0 63.0 0
    1 2419  193   61 46.0 73.0 1
    1 2037  346  106 30.0 62.0 1
    1 3072   89   69 66.0 71.0 0
    1  978  193   32 46.0 81.0 1
    1  980  275   46 36.0 77.0 1
    1 2606  247    0 39.0 90.0 1
    1 2085  286    0 35.0 90.0 1
    1 2477  140    3 55.0 89.0 1
    1 1613  238   65 40.0 72.0 1
    1  947   61    0 73.0 90.0 0
    1  965  256    0 38.0 90.0 1
    1 1765   57    0 74.0 90.0 1
    1 2627   43    0 78.0 90.0 1
    1 2987   32   10 81.0 87.0 1
    1  535  193    0 46.0 90.0 1
    1 1751   57   25 74.0 83.0 1
    1 2739   35    0 80.0 90.0 1
    1 3070   93   93 65.0 65.0 1
    1 3064   61   54 73.0 75.0 1
    1 1059  135    0 56.0 90.0 1
    1 3394  162  106 51.0 62.0 1
    1 3216   85   69 67.0 71.0 1
    1 3490  168  106 50.0 62.0 1
    1  655   39   14 79.0 86.0 1
    1  650   61    0 73.0 90.0 1
    1 2494   93    0 65.0 90.0 1
    1  838  207    0 44.0 90.0 1
    1 3139  222    0 42.0 90.0 1
    1 1732  222    0 42.0 90.0 1
    1 1979  174  145 49.0 54.0 0
    1 3117  200  145 45.0 54.0 1
    1 1851  256  135 38.0 56.0 1
    1 3413  265   85 37.0 67.0 1
    1 1192  115   25 60.0 83.0 1
    1  716  193   98 46.0 64.0 1
    1 2288   28    0 82.0 90.0 1
    1 3044  174    0 49.0 90.0 1
    1 1144  256    0 38.0 90.0 1
    1 1297  106   35 62.0 80.0 1
    1  653  106    0 62.0 90.0 1
    1  650  111   25 61.0 83.0 1
    1 2929  145    3 54.0 89.0 1
    1 2398   21    0 84.0 90.0 1
    1  953  168  140 50.0 55.0 1
    1  805  187   14 47.0 86.0 1
    1 2756  200    0 45.0 90.0 0
    1 1333  187    0 47.0 90.0 1
    1 1181  320   50 32.0 76.0 1
    1 1076   50    0 76.0 90.0 1
    1 1055   89   17 66.0 85.0 1
    1 2838  135  135 56.0 56.0 1
    1 1582  162    7 51.0 88.0 1
    1 2683   54   14 75.0 86.0 1
    1 1229  346  180 30.0 48.0 1
    1 2258  135    0 56.0 90.0 1
    1 3578  275  214 36.0 43.0 1
    1 1052   61    0 73.0 90.0 1
    1 3028  222  222 42.0 42.0 1
    1 1052  346   35 30.0 80.0 0
    1  576    7    0 88.0 90.0 1
    1 2513   54    0 75.0 90.0 1
    1  700   43    0 78.0 90.0 1
    1 1237  238   43 40.0 78.0 1
    1 3357   50    0 76.0 90.0 1
    1 2203  207    0 44.0 90.0 1
    1 2397   93    0 65.0 90.0 1
    1  595   46    0 77.0 90.0 1
    1 1730  275    0 36.0 90.0 1
    1 1019   17    7 85.0 88.0 1
    1 3222  222    0 42.0 90.0 1
    1 3387  320  247 32.0 39.0 1
    1  713  265   46 37.0 77.0 1
    1  399  140    3 55.0 89.0 1
    1 1370   28    0 82.0 90.0 1
    1 3351  174   85 49.0 67.0 0
    1 3285  187   25 47.0 83.0 1
    1  702  200    0 45.0 90.0 1
    1  342   93   65 65.0 72.0 1
    1 2915  193   65 46.0 72.0 1
    1 2625  286  145 35.0 54.0 1
    1 2096   57    0 74.0 90.0 0
    1 1003   61    7 73.0 88.0 1
    1 1754  130    0 57.0 90.0 1
    1  675  193   77 46.0 69.0 0
    1 1848  111    7 61.0 88.0 1
    1 3123  187   93 47.0 65.0 0
    1 2064  346  333 30.0 31.0 1
    1 2867   39    0 79.0 90.0 1
    1 2067  275    0 36.0 90.0 1
    1 1944  238    0 40.0 90.0 1
    1 2916   43    0 78.0 90.0 1
    1 3304   89    0 66.0 90.0 1
    1 3579   93   85 65.0 67.0 1
    1  470   93    0 65.0 90.0 1
    1 2769   43   35 78.0 80.0 0
    1 2772   98   85 64.0 67.0 0
    1 1879   57    7 74.0 88.0 1
    1 3120  193    0 46.0 90.0 1
    1 2360  286    0 35.0 90.0 1
    1 1352  145    0 54.0 90.0 1
    1 1355   50   21 76.0 84.0 1
    1 1118  256  214 38.0 43.0 1
    1 2010  265    0 37.0 90.0 1
    1 2285  106   98 62.0 64.0 0
    1  334   28   21 82.0 84.0 1
    1 3315   43    3 78.0 89.0 1
    1 2700   61    0 73.0 90.0 1
    1  639  193   65 46.0 72.0 1
    1 2703  174   25 49.0 83.0 1
    1 2072   57   43 74.0 78.0 1
    1 2900  222  111 42.0 61.0 1
    1 1834   93   89 65.0 66.0 1
    1 2416  207    0 44.0 90.0 1
    1  386  145    0 54.0 90.0 1
    1 1131  187   93 47.0 65.0 0
    1 1261   89    0 66.0 90.0 1
    1 1170  174  125 49.0 58.0 0
    1  468   77   35 69.0 80.0 1
    1  653  238    7 40.0 88.0 1
    1 3457   73    0 70.0 90.0 0
    1 1650  222   50 42.0 76.0 1
    1 1463  256   77 38.0 69.0 1
    1  579   85    0 67.0 90.0 1
    1  997  286   77 35.0 69.0 1
    1 1004  135  130 56.0 57.0 1
    1  470   89    0 66.0 90.0 1
    1  653  111   21 61.0 84.0 1
    1 2667   77    0 69.0 90.0 1
    1 2556   89   73 66.0 70.0 1
    1 3006   73   35 70.0 80.0 1
    1 1828  286   73 35.0 70.0 0
    1 1034  333    0 31.0 90.0 1
    1 1300   77   77 69.0 69.0 1
    1 3279  275  135 36.0 56.0 1
    1 2807  125  120 58.0 59.0 1
    1 2526  156    0 52.0 90.0 0
    1 3256  145    0 54.0 90.0 1
    1 2985   57   21 74.0 84.0 1
    1 1168  187   54 47.0 75.0 1
    1  781  333    0 31.0 90.0 0
    1 2811  125   25 58.0 83.0 1
    1 1604  102   14 63.0 86.0 1
    1 1619  230  115 41.0 60.0 1
    1 2561  168  130 50.0 57.0 1
    1  594   98    0 64.0 90.0 1
    1 1933  230    0 41.0 90.0 1
    1 2641   17    0 85.0 90.0 1
    1  633  180    0 48.0 90.0 1
    1 3214   93    0 65.0 90.0 1
    1  760  333    0 31.0 90.0 1
    1 1469  238   61 40.0 73.0 1
    1 2924  230   81 41.0 68.0 1
    1 2920  230  111 41.0 61.0 1
    1 2456   89    0 66.0 90.0 1
    1  649   93    0 65.0 90.0 1
    1 3441   46   32 77.0 81.0 1
    1 2290  120   50 59.0 76.0 1
    1 1090  214  115 43.0 60.0 1
    1  968  200   98 45.0 64.0 1
    1 3267  156  111 52.0 61.0 1
    1 2719  162   98 51.0 64.0 1
    1 3495  193   14 46.0 86.0 1
    1 3073   35   14 80.0 86.0 1
    1  687    7    0 88.0 90.0 1
    1 1662   10   10 87.0 87.0 1
    1  786  275   73 36.0 70.0 1
    1  487  180   17 48.0 85.0 1
    1  661   35    0 80.0 90.0 1
    1 1775  180   85 48.0 67.0 1
    1 2582  308  102 33.0 63.0 1
    1  613  200    0 45.0 90.0 1
    1  760  156   10 52.0 87.0 1
    1  666   14    0 86.0 90.0 1
    1 2379  247   85 39.0 67.0 1
    1 3544  135    0 56.0 90.0 1
    1 1420  320   54 32.0 75.0 0
    1  349   77   28 69.0 82.0 1
    1 1234  125   25 58.0 83.0 0
    1  446  125    0 58.0 90.0 1
    1 3269  297    0 34.0 90.0 1
    1 1581  346  222 30.0 42.0 1
    1 3046   21    0 84.0 90.0 1
    1 1501   89    0 66.0 90.0 1
    1 2367  193    0 46.0 90.0 1
    1  566  200    0 45.0 90.0 1
    1  331   14    0 86.0 90.0 1
    1 3408  174    0 49.0 90.0 1
    1 2838   46   43 77.0 78.0 1
    1  664   35    7 80.0 88.0 1
    1 2188   93   39 65.0 79.0 1
    1 2107  275   77 36.0 69.0 1
    1 1213  162  135 51.0 56.0 0
    1 3454  151    0 53.0 90.0 0
    1 3080  230   61 41.0 73.0 1
    1 3075  135   77 56.0 69.0 1
    1 1222  168    0 50.0 90.0 1
    1 3409  286   93 35.0 65.0 1
    1  408   93   61 65.0 73.0 1
    1  548   81    0 68.0 90.0 1
    1  850  151  115 53.0 60.0 1
    1 1126  180    0 48.0 90.0 1
    1 2248  230   85 41.0 67.0 1
    1 3239  162  156 51.0 52.0 1
    1 3283  200   69 45.0 71.0 1
    1 2135  193   21 46.0 84.0 1
    1 2865   14    0 86.0 90.0 1
    1  676  200   54 45.0 75.0 1
    1 2753  308  156 33.0 52.0 1
    1  821   25   21 83.0 84.0 1
    1 1184  193  187 46.0 47.0 1
    1  840  346    0 30.0 90.0 1
    1  627   32    0 81.0 90.0 1
    1 2354   10    0 87.0 90.0 1
    1 1439   28   17 82.0 85.0 1
    1 2590  346    0 30.0 90.0 1
    1  656   77   25 69.0 83.0 1
    1  428   43    0 78.0 90.0 0
    1  630  222    0 42.0 90.0 1
    1 2316  106    0 62.0 90.0 1
    1 2508  256    0 38.0 90.0 1
    1 2503   14    0 86.0 90.0 1
    1 3109  214   73 43.0 70.0 1
    1 3359  168   93 50.0 65.0 0
    1 2380  214   69 43.0 71.0 1
    1 1478   85   35 67.0 80.0 1
    1 2502   54   17 75.0 85.0 1
    1 3577  346    0 30.0 90.0 0
    1  906  230  140 41.0 55.0 1
    1 3073   61   39 73.0 79.0 1
    1 3017  320   73 32.0 70.0 1
    1 1986   57   57 74.0 74.0 1
    1 2387  207   32 44.0 81.0 0
    1 3100  247    0 39.0 90.0 1
    1 1560   50   35 76.0 80.0 0
    1 1714  247  145 39.0 54.0 1
    1 1031  230    0 41.0 90.0 1
    1  549  115    0 60.0 90.0 1
    1 3498  187    0 47.0 90.0 1
    1 2032  120   81 59.0 68.0 1
    1 2995  125   17 58.0 85.0 1
    1 3139  308   65 33.0 72.0 1
    1 1483  168    0 50.0 90.0 1
    1 2372  115   93 60.0 65.0 1
    1  934  207   85 44.0 67.0 0
    1  963  135  130 56.0 57.0 1
    1 2530  151  145 53.0 54.0 1
    1 1700  180    0 48.0 90.0 1
    1  843   85    3 67.0 89.0 1
    1 3424   21    0 84.0 90.0 1
    1 1567   43    0 78.0 90.0 0
    1 2455  297   93 34.0 65.0 0
    1 1981  156    0 52.0 90.0 1
    1 2990  346  320 30.0 32.0 1
    1 3381  346  168 30.0 50.0 1
    1  501  238    0 40.0 90.0 1
    1 1177   46   32 77.0 81.0 1
    1 1528  140    0 55.0 90.0 1
    1 1097  265    0 37.0 90.0 0
    1 1385  320    0 32.0 90.0 1
    1 2165   69    0 71.0 90.0 1
    1  795  207   10 44.0 87.0 1
    1 2327   61   14 73.0 86.0 1
    1  775  168   98 50.0 64.0 1
    1 1025  115   35 60.0 80.0 1
    1 3437  162  145 51.0 54.0 1
    1  678   81   61 68.0 73.0 1
    1 2392  151   54 53.0 75.0 1
    1 2354   89   14 66.0 86.0 1
    1  454  162    0 51.0 90.0 1
    1  580   85   50 67.0 76.0 1
    1 2553   21   14 84.0 86.0 1
    1 2570  174    0 49.0 90.0 1
    1  621  130   57 57.0 74.0 1
    1 2126  214  106 43.0 62.0 1
    1 1627  193   54 46.0 75.0 1
    1  830  286    0 35.0 90.0 1
    1  635  120    0 59.0 90.0 1
    1 2149  156   14 52.0 86.0 0
    1 3300   57    0 74.0 90.0 1
    1 1160   77    0 69.0 90.0 1
    1 1679  346   14 30.0 86.0 1
    1 1849   85   25 67.0 83.0 1
    1 1844  222  222 42.0 42.0 1
    1  932  333    0 31.0 90.0 1
    1 1625  162    0 51.0 90.0 1
    1 3205   77   28 69.0 82.0 1
    1  405  168    0 50.0 90.0 1
    1  567   85    0 67.0 90.0 1
    1 3493  130   28 57.0 82.0 1
    1 2281   69    0 71.0 90.0 1
    1 1937   89   61 66.0 73.0 1
    1 1535  111   32 61.0 81.0 1
    1  572   73   61 70.0 73.0 1
    1 2540   46    0 77.0 90.0 1
    1  687  320   17 32.0 85.0 1
    1 2155  115    0 60.0 90.0 1
    1 1341  346   93 30.0 65.0 1
    1  915   73   35 70.0 80.0 1
    1  686  168  106 50.0 62.0 1
    1 2578  333  120 31.0 59.0 1
    1 3021  115   98 60.0 64.0 1
    1 3555    3    0 89.0 90.0 1
    1 3054   46    0 77.0 90.0 1
    1 2827  214  180 43.0 48.0 1
    1  710  346    0 30.0 90.0 1
    1  371   43    0 78.0 90.0 1
    1 1815  193  111 46.0 61.0 1
    1 1915  286   77 35.0 69.0 1
    1 1780  168   57 50.0 74.0 1
    1  950  187    0 47.0 90.0 1
    1 2709  135    7 56.0 88.0 1
    1 3540  193    0 46.0 90.0 1
    1 2452  120   21 59.0 84.0 1
    1  842   89    0 66.0 90.0 1
    1 1399  333  193 31.0 46.0 1
    1 2532  320   93 32.0 65.0 1
    1 2166  346  156 30.0 52.0 1
    1 2983  207  140 44.0 55.0 1
    1 2817   81   65 68.0 72.0 1
    1 1769  256  111 38.0 61.0 1
    1 1236   25    0 83.0 90.0 1
    1 2938   89   69 66.0 71.0 1
    1  792   28    7 82.0 88.0 1
    1 1238   85   69 67.0 71.0 1
    1 1852   61    0 73.0 90.0 1
    1  534  222    0 42.0 90.0 1
    1 3006  207    0 44.0 90.0 1
    1 1983   50    0 76.0 90.0 1
    1 2403   35    0 80.0 90.0 1
    1 2118  135   93 56.0 65.0 1
    1 2427   85    0 67.0 90.0 1
    1 1929  346  140 30.0 55.0 1
    1 1923  207   57 44.0 74.0 1
    1  537  125   50 58.0 76.0 1
    1 1027  320   10 32.0 87.0 1
    1 3289  286   61 35.0 73.0 1
    1 2287  230  187 41.0 47.0 1
    1 1544  346  106 30.0 62.0 1
    1 3258  275   85 36.0 67.0 0
    1 2860  200   50 45.0 76.0 1
    1 3260  168  115 50.0 60.0 1
    1 1127  180    0 48.0 90.0 1
    1 2461  286    0 35.0 90.0 1
    1 1026  187    0 47.0 90.0 0
    1 2570  111    0 61.0 90.0 1
    1  648  130   32 57.0 81.0 1
    1 1332  162    0 51.0 90.0 1
    1 2419   77    0 69.0 90.0 1
    1 2190  230   61 41.0 73.0 1
    1 1998  168    0 50.0 90.0 1
    1 1550  275   61 36.0 73.0 1
    1  867  308    0 33.0 90.0 1
    1 2612  130    0 57.0 90.0 1
    1 2296   98   25 64.0 83.0 1
    1  642  320    0 32.0 90.0 1
    1  546   32    0 81.0 90.0 1
    1 1305  230    0 41.0 90.0 1
    1 3570   73    0 70.0 90.0 1
    1 3314   89   17 66.0 85.0 1
    1 1652  308  145 33.0 54.0 1
    1  491   46    0 77.0 90.0 1
    1 3119  230  125 41.0 58.0 1
    1 3309  297    7 34.0 88.0 1
    1 3056  222    3 42.0 89.0 1
    1 2061  140   32 55.0 81.0 0
    1 1316  102    0 63.0 90.0 1
    1 2892  265   46 37.0 77.0 1
    1 2527  168   61 50.0 73.0 1
    1 2616  174   85 49.0 67.0 1
    1 1197  256  222 38.0 42.0 0
    1 2239  286    0 35.0 90.0 1
    1  831  187    0 47.0 90.0 1
    1 2463  145   85 54.0 67.0 1
    1  782  207   46 44.0 77.0 1
    1  454  102   54 63.0 75.0 0
    1 1007  156   28 52.0 82.0 1
    1  501  135   28 56.0 82.0 1
    1 2939  320  168 32.0 50.0 1
    1 1596   14    0 86.0 90.0 1
    1 1182   69   65 71.0 72.0 1
    1  608  156    0 52.0 90.0 1
    1 1849  200   39 45.0 79.0 0
    1 2681  308  286 33.0 35.0 1
    1 2342  130    0 57.0 90.0 1
    1 1269  297    3 34.0 89.0 1
    1 1775  187   50 47.0 76.0 1
    1 2222  168  130 50.0 57.0 1
    1 2386   85   14 67.0 86.0 1
    1 1624   85   65 67.0 72.0 1
    1  457  200    0 45.0 90.0 1
    1 3397  130  120 57.0 59.0 1
