 400 400 400 128
    1 3019   89   69 66.0 71.0 1
    1 2538  156   28 52.0 82.0 0
    1 1343   93    3 65.0 89.0 1
    1 3430  120    0 59.0 90.0 1
    1 2591  297   21 34.0 84.0 1
    1 1233   89    0 66.0 90.0 0
    1 3055   32    7 81.0 88.0 1
    1 2165  308   73 33.0 70.0 1
    1 1820   54    0 75.0 90.0 1
    1 2719  180  120 48.0 59.0 1
    1 1929   39    0 79.0 90.0 1
    1 3019  151   21 53.0 84.0 1
    1 2424   14    0 86.0 90.0 1
    1 1170   32   21 81.0 84.0 1
    1 1721  333   10 31.0 87.0 1
    1 1247  187    0 47.0 90.0 1
    1 1229  333  106 31.0 62.0 1
    1 3240  333  106 31.0 62.0 1
    1 2784  297    7 34.0 88.0 1
    1 1923  320   57 32.0 74.0 1
    1 1358   65   28 72.0 82.0 1
    1 3336  145   77 54.0 69.0 0
    1 1468  346  162 30.0 51.0 1
    1  356  145    0 54.0 90.0 1
    1 1633    3    0 89.0 90.0 1
    1 3255  308  180 33.0 48.0 1
    1  929  297  102 34.0 63.0 1
    1 1364  346   28 30.0 82.0 1
    1  993   65    0 72.0 90.0 1
    1 3338  222   57 42.0 74.0 0
    1 3482  333  265 31.0 37.0 1
    1 3011   73    0 70.0 90.0 1
    1  837  333    0 31.0 90.0 1
    1  679  200    0 45.0 90.0 1
    1 2195  207   85 44.0 67.0 0
    1  597  156  135 52.0 56.0 1
    1 2765  297   54 34.0 75.0 1
    1 2626  297  207 34.0 44.0 1
    1 2069  162   10 51.0 87.0 0
    1 2603   98    0 64.0 90.0 1
    1 3371  346    0 30.0 90.0 1
    1 1104  247   54 39.0 75.0 1
    1 1000  193    0 46.0 90.0 1
    1 2336  247   77 39.0 69.0 1
    1 2775  168  102 50.0 63.0 1
    1 2902  238   17 40.0 85.0 1
    1 1413   17    0 85.0 90.0 0
    1 1537  275   98 36.0 64.0 1
    1 2624  156    0 52.0 90.0 1
    1 1318  275  106 36.0 62.0 1
    1 2112    7    0 88.0 90.0 1
    1 3184  193   21 46.0 84.0 1
    1 2996  286   54 35.0 75.0 1
    1 1987   57    0 74.0 90.0 1
    1 2873   73   65 70.0 72.0 0
    1 1469   98   54 64.0 75.0 1
    1 3024  320  174 32.0 49.0 0
    1 1053   65    0 72.0 90.0 1
    1 1880  200    0 45.0 90.0 1
    1  661  222    7 42.0 88.0 1
    1 2562   43   14 78.0 86.0 1
    1  411   81    0 68.0 90.0 1
    1  680  207   35 44.0 80.0 1
    1 1474   35    0 80.0 90.0 1
    1  976  174   77 49.0 69.0 1
    1 1924   32    0 81.0 90.0 1
    1 3280  308   73 33.0 70.0 1
    1  898  238  106 40.0 62.0 0
    1  572  286    0 35.0 90.0 1
    1 1911  200  145 45.0 54.0 1
    1 2756  214   14 43.0 86.0 1
    1 2694  346  156 30.0 52.0 0
    1 1961  207   69 44.0 71.0 1
    1 1716  125   32 58.0 81.0 1
    1  407  115    0 60.0 90.0 1
    1 2893  308    0 33.0 90.0 1
    1 3031  238  162 40.0 51.0 1
    1 1672   85    0 67.0 90.0 1
    1 1434  207   93 44.0 65.0 0
    1 1827  247   25 39.0 83.0 1
    1 3547  230  102 41.0 63.0 1
    1 3505   73    0 70.0 90.0 1
    1  886  247    0 39.0 90.0 0
    1 1017   21    7 84.0 88.0 1
    1 2754   57    0 74.0 90.0 1
    1  386  111    0 61.0 90.0 1
    1 1965  320  286 32.0 35.0 1
    1 3491  333   98 31.0 64.0 1
    1 1115   93    0 65.0 90.0 0
    1 1442   93    0 65.0 90.0 1
    1  936  174  106 49.0 62.0 1
    1  328  111    3 61.0 89.0 1
    1 1144  207   65 44.0 72.0 1
    1 1833   69   43 71.0 78.0 1
    1 3597   28    0 82.0 90.0 1
    1 1565   28    0 82.0 90.0 1
    1  900   10    0 87.0 90.0 1
    1 3164  111    7 61.0 88.0 1
    1 2780   57   57 74.0 74.0 1
    1 3003   93   85 65.0 67.0 1
    1 3246   54   46 75.0 77.0 1
    1  996   77    0 69.0 90.0 1
    1  733  320   28 32.0 82.0 1
    1 2434  174   10 49.0 87.0 1
    1 1556   57   28 74.0 82.0 0
    1 1751  130    0 57.0 90.0 1
    1 1394  156  135 52.0 56.0 1
    1  394   81    0 68.0 90.0 1
    1 1290  333   85 31.0 67.0 1
    1 1770  297   35 34.0 80.0 1
    1  548   85    0 67.0 90.0 1
    1 3562  115   10 60.0 87.0 1
    1 3305  320  140 32.0 55.0 1
    1  640  130    0 57.0 90.0 1
    1  553  125   54 58.0 75.0 1
    1  401  151    0 53.0 90.0 1
    1 1509  275  111 36.0 61.0 1
    1 2759  333   61 31.0 73.0 0
    1 2589  200    0 45.0 90.0 0
    1 3213    3    0 89.0 90.0 1
    1  522   14    0 86.0 90.0 1
    1 2149  102   32 63.0 81.0 1
    1 2372  193   50 46.0 76.0 1
    1 2748  115   69 60.0 71.0 1
    1 3449   69   28 71.0 82.0 1
    1 3428  238  120 40.0 59.0 1
    1 2386  151    0 53.0 90.0 1
    1  700  230    0 41.0 90.0 1
    1 1701  346  168 30.0 50.0 1
    1 3514  346    0 30.0 90.0 1
    1 3208  106   43 62.0 78.0 1
    1 2256   35    0 80.0 90.0 1
    1  729  286   10 35.0 87.0 1
    1  469   61   35 73.0 80.0 1
    1 1605   73    3 70.0 89.0 1
    1 1241  308  275 33.0 36.0 1
    1  415   43    0 78.0 90.0 1
    1 1357  207  162 44.0 51.0 1
    1 2282   54   21 75.0 84.0 1
    1  498  214    0 43.0 90.0 0
    1  928   57   57 74.0 74.0 0
    1  384  102   50 63.0 76.0 0
    1 3275  256   98 38.0 64.0 1
    1  711  297   17 34.0 85.0 1
    1 3059  151   35 53.0 80.0 1
    1 1535  156  111 52.0 61.0 1
    1 1234  180  151 48.0 53.0 1
    1  672  222   35 42.0 80.0 1
    1 1963  297   43 34.0 78.0 1
    1 1662  125    0 58.0 90.0 0
    1 1660  275   85 36.0 67.0 1
    1  600   43   39 78.0 79.0 1
    1 2479  320  308 32.0 33.0 0
    1  481  106   89 62.0 66.0 1
    1 1876   17    0 85.0 90.0 1
    1 2190  168   54 50.0 75.0 1
    1 3402  230    0 41.0 90.0 1
    1 2744  308  130 33.0 57.0 1
    1 1450  102   98 63.0 64.0 1
    1  509  162    0 51.0 90.0 0
    1 2327   77   73 69.0 70.0 1
    1 1698   93    0 65.0 90.0 1
    1 2405   69    0 71.0 90.0 1
    1  929  214  168 43.0 50.0 1
    1 3447   28    0 82.0 90.0 1
    1 1823  162    3 51.0 89.0 1
    1 1520   43   17 78.0 85.0 1
    1 1786  247    0 39.0 90.0 1
    1 1133   21    0 84.0 90.0 1
    1 2537  200   32 45.0 81.0 1
    1 3192  111   28 61.0 82.0 1
    1 3197  320   89 32.0 66.0 1
    1 1778    3    0 89.0 90.0 1
    1  853   39    0 79.0 90.0 1
    1 1819   69    3 71.0 89.0 1
    1 2655   77   17 69.0 85.0 1
    1  457  145    7 54.0 88.0 1
    1 2317  135   32 56.0 81.0 1
    1 2061   73   21 70.0 84.0 1
    1  723  256   17 38.0 85.0 1
    1 2372   25    0 83.0 90.0 1
    1 1471  275   85 36.0 67.0 1
    1  394   54    0 75.0 90.0 0
    1 1087  151  120 53.0 59.0 1
    1 2856  265    0 37.0 90.0 1
    1 2671  106   54 62.0 75.0 1
    1  461  180    0 48.0 90.0 1
    1 2252   39   35 79.0 80.0 0
    1 2180  256   17 38.0 85.0 1
    1 1230  140    0 55.0 90.0 1
    1 3197  286    0 35.0 90.0 1
    1 2031  156  106 52.0 62.0 1
    1 3144  222    0 42.0 90.0 0
    1 1901   57    0 74.0 90.0 1
    1 1628  275  214 36.0 43.0 1
    1 1773  297  200 34.0 45.0 1
    1 3533  308  222 33.0 42.0 1
    1 2110  214  214 43.0 43.0 1
    1 3446  333    0 31.0 90.0 1
    1  490  162    0 51.0 90.0 1
    1 1219  130    0 57.0 90.0 0
    1 1892   25    0 83.0 90.0 1
    1 3292   81    3 68.0 89.0 1
    1 2014  222  168 42.0 50.0 1
    1  911  193    0 46.0 90.0 1
    1  711   28    0 82.0 90.0 0
    1 1181  120   10 59.0 87.0 1
    1 1068  145   17 54.0 85.0 1
    1 1944  145  120 54.0 59.0 1
    1 2906   54   43 75.0 78.0 1
    1  873  207   25 44.0 83.0 0
    1 1352   93    0 65.0 90.0 1
    1 3442  111   25 61.0 83.0 1
    1 1992  156    0 52.0 90.0 1
    1 2732  320   10 32.0 87.0 1
    1  530  102    0 63.0 90.0 1
    1 1999  120   32 59.0 81.0 1
    1 1363  200   43 45.0 78.0 1
    1 2978  230  130 41.0 57.0 1
    1 1174   35    0 80.0 90.0 1
    1 1204  238  145 40.0 54.0 1
    1  602  135    0 56.0 90.0 1
    1 1682  156    0 52.0 90.0 1
    1 1170  151   25 53.0 83.0 1
    1 2898  180    0 48.0 90.0 1
    1 3372  275    0 36.0 90.0 1
    1  680   32   32 81.0 81.0 1
    1 2156   85    0 67.0 90.0 1
    1  538  162   43 51.0 78.0 1
    1 1255  151  135 53.0 56.0 1
    1 1144  200    3 45.0 89.0 1
    1 2658  187   98 47.0 64.0 1
    1 2952   98   28 64.0 82.0 1
    1  538   69    0 71.0 90.0 0
    1 1922  230    0 41.0 90.0 1
    1 2866   43   39 78.0 79.0 1
    1 2856  145    0 54.0 90.0 1
    1 1809  265  230 37.0 41.0 1
    1  655  168   89 50.0 66.0 1
    1 2005   93   65 65.0 72.0 1
    1  856  346    0 30.0 90.0 1
    1 2791  145   32 54.0 81.0 1
    1 1959   61   43 73.0 78.0 1
    1 1006  120   21 59.0 84.0 1
    1 1996   89    0 66.0 90.0 1
    1 3035  151   46 53.0 77.0 1
    1 1647  247   61 39.0 73.0 1
    1 1910  130    0 57.0 90.0 1
    1 2944   93   43 65.0 78.0 1
    1 3212  320  308 32.0 33.0 1
    1 2865   93    0 65.0 90.0 1
    1 1103  130    0 57.0 90.0 1
    1 3346  238    0 40.0 90.0 0
    1 2943   61    0 73.0 90.0 1
    1  374   21    7 84.0 88.0 1
    1 2077  320    0 32.0 90.0 1
    1 1852  297    0 34.0 90.0 1
    1 1238   50    0 76.0 90.0 0
    1 1383  275  135 36.0 56.0 1
    1  495   54   28 75.0 82.0 1
    1 1399  180    0 48.0 90.0 1
    1 1572  320   17 32.0 85.0 1
    1  526  140    0 55.0 90.0 1
    1  586  125   28 58.0 82.0 1
    1 1910   81    0 68.0 90.0 0
    1 3036  308    7 33.0 88.0 0
    1 2954  200   61 45.0 73.0 1
    1 3179   89   81 66.0 68.0 1
    1 1295  230  140 41.0 55.0 0
    1  364  140    0 55.0 90.0 1
    1  721   93    0 65.0 90.0 1
    1 1343  140   43 55.0 78.0 0
    1 3588  238  193 40.0 46.0 1
    1 1827   73   39 70.0 79.0 1
    1 2015  200  140 45.0 55.0 1
    1 2127  180   14 48.0 86.0 0
    1 1080  275  265 36.0 37.0 1
    1 2077  115   32 60.0 81.0 1
    1 3289  193   28 46.0 82.0 0
    1 3599   61    0 73.0 90.0 1
    1 1457  162   73 51.0 70.0 1
    1 2961  286   54 35.0 75.0 1
    1 2451   65    0 72.0 90.0 1
    1 1907  125    0 58.0 90.0 1
    1 2171   50   14 76.0 86.0 1
    1 3592   57   28 74.0 82.0 1
    1 2156  256  162 38.0 51.0 1
    1  698    3    0 89.0 90.0 1
    1  757  130  102 57.0 63.0 1
    1 1830  286  265 35.0 37.0 1
    1 1451  200    0 45.0 90.0 1
    1  748  193    0 46.0 90.0 1
    1 1664   89   89 66.0 66.0 0
    1 1695  106   73 62.0 70.0 1
    1 2002  297   10 34.0 87.0 1
    1 2937   85   28 67.0 82.0 1
    1 3025  151   17 53.0 85.0 1
    1 1444  140   65 55.0 72.0 1
    1 1769  145  115 54.0 60.0 1
    1 2244   93   21 65.0 84.0 1
    1 1515  214  162 43.0 51.0 1
    1 2526  140   25 55.0 83.0 1
    1 2798  200  120 45.0 59.0 1
    1  964  256    0 38.0 90.0 1
    1 1388  346   57 30.0 74.0 0
    1 3419  135    0 56.0 90.0 1
    1 2570  256  125 38.0 58.0 1
    1 3113  106   43 62.0 78.0 1
    1 2869  207   35 44.0 80.0 0
    1 2633  275   46 36.0 77.0 1
    1 3125   65    0 72.0 90.0 1
    1 2747   28    0 82.0 90.0 1
    1  640  111   39 61.0 79.0 1
    1 2841  180  135 48.0 56.0 1
    1 1960  193    0 46.0 90.0 1
    1 1397  346   89 30.0 66.0 1
    1 1224  187   93 47.0 65.0 0
    1 3202  320   17 32.0 85.0 1
    1 2925   85    0 67.0 90.0 1
    1  782  145    0 54.0 90.0 1
    1 3080  180  111 48.0 61.0 1
    1 3079  308  247 33.0 39.0 1
    1 1072  115   77 60.0 69.0 0
    1 1758  102    0 63.0 90.0 1
    1 3506  187    0 47.0 90.0 1
    1 1746   89    0 66.0 90.0 0
    1 1566  256  162 38.0 51.0 1
    1 1207  297  106 34.0 62.0 1
    1 3592  346   10 30.0 87.0 1
    1 2976   54   25 75.0 83.0 1
    1 1498  168    0 50.0 90.0 1
    1 1893  193    0 46.0 90.0 1
    1  727  140   69 55.0 71.0 1
    1  479   21    0 84.0 90.0 0
    1 1568  187    0 47.0 90.0 1
    1 1514   35   10 80.0 87.0 1
    1 2671  180    0 48.0 90.0 1
    1 1128  162  151 51.0 53.0 1
    1  790  120   65 59.0 72.0 1
    1 2912  115    0 60.0 90.0 1
    1 3010  120   14 59.0 86.0 1
    1 2045   89   14 66.0 86.0 1
    1 3435  333  106 31.0 62.0 1
    1 2710  125    0 58.0 90.0 1
    1 2959   85    0 67.0 90.0 1
    1  463   50    0 76.0 90.0 1
    1 2955   65   10 72.0 87.0 1
    1 3102  102   93 63.0 65.0 1
    1 2234  297    0 34.0 90.0 1
    1 3116   89   39 66.0 79.0 1
    1 1290  120  120 59.0 59.0 1
    1 1619  297   54 34.0 75.0 1
    1 1846  286   77 35.0 69.0 1
    1 3322  238   81 40.0 68.0 0
    1 1208  230    0 41.0 90.0 1
    1 3535   81    0 68.0 90.0 1
    1 2813   39    0 79.0 90.0 1
    1 3151   81   54 68.0 75.0 1
    1 2678    3    0 89.0 90.0 0
    1  434  106    0 62.0 90.0 1
    1 1790   69    7 71.0 88.0 1
    1 2208   98    0 64.0 90.0 1
    1 3440  193    0 46.0 90.0 1
    1 1834   98    0 64.0 90.0 1
    1 2768  115    0 60.0 90.0 1
    1 1674  230    0 41.0 90.0 1
    1 1488  297  162 34.0 51.0 0
    1 1949  156    0 52.0 90.0 1
    1 2572  187    0 47.0 90.0 0
    1 1690  140   43 55.0 78.0 1
    1 2667  230  180 41.0 48.0 1
    1 3311  120    0 59.0 90.0 1
    1 3157   81   69 68.0 71.0 1
    1 2501   43    0 78.0 90.0 1
    1 3480  102  102 63.0 63.0 1
    1 2842  130   89 57.0 66.0 1
    1 1365  286    0 35.0 90.0 1
    1 3312   69   35 71.0 80.0 1
    1  781  111    0 61.0 90.0 1
    1 1845   69    0 71.0 90.0 1
    1 1018  156   77 52.0 69.0 0
    1 1579  308   14 33.0 86.0 1
    1  865   14    0 86.0 90.0 1
    1 2529   77   14 69.0 86.0 1
    1  987  200  102 45.0 63.0 1
    1 3598   39    0 79.0 90.0 1
    1 2912  168    0 50.0 90.0 1
    1  473  135    0 56.0 90.0 1
    1 1450   32   14 81.0 86.0 0
    1 3193  275  180 36.0 48.0 1
    1 1022  115   46 60.0 77.0 1
    1 2003  125    0 58.0 90.0 1
    1  341  102    0 63.0 90.0 1
    1  475  180    0 48.0 90.0 1
    1 3012  193   77 46.0 69.0 0
    1  828  174    0 49.0 90.0 1
    1 2432   77    0 69.0 90.0 1
    1 1783   57    0 74.0 90.0 1
    1 2050  151   65 53.0 72.0 1
    1 1407  151    0 53.0 90.0 1
