 500 500 500 129
    1 1386   23    0 77.0 90.0 0
    1 1213  119   31 40.0 73.0 1
    1 2370  100   36 45.0 70.0 1
    1 1194  173  119 30.0 40.0 1
    1  869  148   97 34.0 46.0 1
    1  841  143    3 35.0 88.0 1
    1 1285  115   65 41.0 57.0 1
    1  472   75    0 53.0 90.0 0
    1  554   21    0 78.0 90.0 1
    1 3600   58    2 60.0 89.0 1
    1 1503  119   29 40.0 74.0 0
    1 1538  119    3 40.0 88.0 1
    1  464   29    0 74.0 90.0 1
    1 2580  104    0 44.0 90.0 1
    1  977  154    0 33.0 90.0 1
    1 2661   23   21 77.0 78.0 1
    1  714   16    0 81.0 90.0 1
    1 2589  166  128 31.0 38.0 1
    1 2357  107   73 43.0 54.0 0
    1 2176    9    0 85.0 90.0 1
    1 2330   45   40 66.0 68.0 1
    1 1025  154   40 33.0 68.0 1
    1 3421   51   27 63.0 75.0 1
    1  670  107    3 43.0 88.0 1
    1 2694  111   73 42.0 54.0 0
    1  780   87    0 49.0 90.0 1
    1 1005   53    0 62.0 90.0 1
    1 2426   49    0 64.0 90.0 1
    1 3460  143   29 35.0 74.0 1
    1 1559  100   18 45.0 80.0 1
    1 2357   16    0 81.0 90.0 1
    1 1360  154   31 33.0 73.0 1
    1 3309  107    0 43.0 90.0 0
    1  583  138   14 36.0 82.0 1
    1  310   49    0 64.0 90.0 0
    1  794  119   90 40.0 48.0 1
    1 1370   84   34 50.0 71.0 1
    1 2607   73   70 54.0 55.0 1
    1  411  148   38 34.0 69.0 1
    1 3515   73   47 54.0 65.0 1
    1  670   38    0 69.0 90.0 1
    1 2098   32   16 72.0 81.0 1
    1 2294  138   40 36.0 68.0 1
    1  581   78   67 52.0 56.0 0
    1 1986  138   23 36.0 77.0 1
    1 2767   34   18 71.0 80.0 1
    1 2323  173   19 30.0 79.0 1
    1 1325  100   75 45.0 53.0 1
    1  846   62   31 58.0 73.0 1
    1 3361   87   19 49.0 79.0 1
    1 1442   67    0 56.0 90.0 1
    1  894   42    0 67.0 90.0 1
    1 1163   27    0 75.0 90.0 1
    1 2091   23    0 77.0 90.0 1
    1 1929  128   53 38.0 62.0 1
    1 3505  115    0 41.0 90.0 1
    1 1417  100    0 45.0 90.0 1
    1 2325  133    0 37.0 90.0 1
    1 3233   27    5 75.0 87.0 0
    1 3134   75    0 53.0 90.0 1
    1 1860   81   19 51.0 79.0 1
    1  882  148   42 34.0 67.0 0
    1 1452  104    0 44.0 90.0 0
    1  820  148   81 34.0 51.0 1
    1 2445   70   16 55.0 81.0 0
    1 2504   81   29 51.0 74.0 1
    1 2138    7    0 86.0 90.0 1
    1 3160   84   34 50.0 71.0 1
    1  351   75    0 53.0 90.0 1
    1 3096   93   42 47.0 67.0 1
    1 2081   31    0 73.0 90.0 1
    1 1449   18    0 80.0 90.0 1
    1 1338   16    0 81.0 90.0 1
    1  779   81   81 51.0 51.0 1
    1 1936   51   32 63.0 72.0 1
    1 1275  154   23 33.0 77.0 1
    1 1581   84    5 50.0 87.0 1
    1  477   29   12 74.0 83.0 0
    1  428   34    0 71.0 90.0 1
    1 1913  143  133 35.0 37.0 1
    1 2346   40   32 68.0 72.0 0
    1 1919   73   23 54.0 77.0 1
    1 1509   67   18 56.0 80.0 1
    1 3321   40   16 68.0 81.0 1
    1 3239  160  107 32.0 43.0 1
    1 2034   40    5 68.0 87.0 1
    1 2816   40    0 68.0 90.0 1
    1  982  107   75 43.0 53.0 1
    1 2679  173   70 30.0 55.0 1
    1 2589  100    0 45.0 90.0 1
    1 1516   40   16 68.0 81.0 1
    1 2557  133  107 37.0 43.0 1
    1 1110   93    0 47.0 90.0 1
    1 1262  111   87 42.0 49.0 1
    1 3345  148  148 34.0 34.0 1
    1 3097  148   62 34.0 58.0 1
    1 2965  128    9 38.0 85.0 1
    1 2546  115   60 41.0 59.0 1
    1  579  138   73 36.0 54.0 1
    1 1616  111   27 42.0 75.0 0
    1 2048   93    0 47.0 90.0 1
    1 2910   55   42 61.0 67.0 1
    1  861   27    0 75.0 90.0 1
    1 1832  100   67 45.0 56.0 1
    1 1653   36    0 70.0 90.0 1
    1 2072  160   93 32.0 47.0 1
    1 1055  111    0 42.0 90.0 1
    1 3534  148    0 34.0 90.0 0
    1  714   38   21 69.0 78.0 1
    1 2528   27   12 75.0 83.0 1
    1 1914   65    0 57.0 90.0 1
    1 3585   78    0 52.0 90.0 1
    1 1209   11    0 84.0 90.0 0
    1 3483   32   19 72.0 79.0 1
    1  400  107   40 43.0 68.0 1
    1 1512   81    0 51.0 90.0 1
    1 1222  111  104 42.0 44.0 1
    1 2385   75   45 53.0 66.0 1
    1 1050   87    0 49.0 90.0 0
    1 3302  148  104 34.0 44.0 1
    1  885   58    0 60.0 90.0 1
    1 3144  100    0 45.0 90.0 1
    1  976   49   42 64.0 67.0 1
    1 3142  148   31 34.0 73.0 1
    1  744   42   14 67.0 82.0 1
    1 3307   87   47 49.0 65.0 1
    1 2075  160   62 32.0 58.0 1
    1 1004  104   70 44.0 55.0 1
    1 3099  119   49 40.0 64.0 1
    1 3350    5    0 87.0 90.0 1
    1 3544   97   27 46.0 75.0 1
    1 1590   55   51 61.0 63.0 1
    1 2948   42    5 67.0 87.0 1
    1 1900  100   25 45.0 76.0 1
    1 1117  160    0 32.0 90.0 0
    1  446   84    0 50.0 90.0 1
    1  946    7    7 86.0 86.0 1
    1 2651   67   58 56.0 60.0 1
    1 3221   49   14 64.0 82.0 1
    1 1545   25   16 76.0 81.0 1
    1 2111   36   27 70.0 75.0 1
    1 1019  119    9 40.0 85.0 1
    1 3085   84   42 50.0 67.0 1
    1 2168  115  111 41.0 42.0 1
    1 1344   70   42 55.0 67.0 1
    1 3556   38    0 69.0 90.0 1
    1  636   51   31 63.0 73.0 1
    1 2668   12    0 83.0 90.0 0
    1  571   18    0 80.0 90.0 0
    1 2280   58   45 60.0 66.0 1
    1  806   12    0 83.0 90.0 1
    1 2798    7    0 86.0 90.0 1
    1 2947    5    0 87.0 90.0 1
    1 1282   25   25 76.0 76.0 1
    1 1293   47    0 65.0 90.0 0
    1 2898  173   14 30.0 82.0 1
    1  604   97    0 46.0 90.0 0
    1 2403   70   34 55.0 71.0 1
    1 3398  115    0 41.0 90.0 1
    1 1621  160    0 32.0 90.0 1
    1 2790   40    0 68.0 90.0 1
    1 3469   67   49 56.0 64.0 1
    1 2279  100   73 45.0 54.0 1
    1 1229   84   58 50.0 60.0 1
    1 2514  107    0 43.0 90.0 1
    1 3229   90   45 48.0 66.0 0
    1 2350   42    0 67.0 90.0 1
    1  911    3    0 88.0 90.0 1
    1 1158   49   12 64.0 83.0 0
    1 3291  115   78 41.0 52.0 1
    1  432   65   42 57.0 67.0 1
    1 3412  111    0 42.0 90.0 1
    1  671   84    0 50.0 90.0 1
    1 2865   14    2 82.0 89.0 1
    1  391   36   25 70.0 76.0 1
    1 2170  138    0 36.0 90.0 1
    1 2980   21    0 78.0 90.0 1
    1 1546  115   60 41.0 59.0 1
    1 3573  100   62 45.0 58.0 1
    1 2542   53    0 62.0 90.0 0
    1 1274   67    2 56.0 89.0 1
    1 1522  154   90 33.0 48.0 1
    1 1397   31    3 73.0 88.0 1
    1 2732   51   27 63.0 75.0 1
    1 2165   93    0 47.0 90.0 0
    1  719   51   21 63.0 78.0 1
    1 3298   87   34 49.0 71.0 1
    1 1182   62   42 58.0 67.0 0
    1  562   34    0 71.0 90.0 1
    1 3032   14    0 82.0 90.0 0
    1  628   42   40 67.0 68.0 0
    1 1289   67    0 56.0 90.0 1
    1 2792  115    0 41.0 90.0 1
    1  752   16    2 81.0 89.0 1
    1 2381  160    0 32.0 90.0 1
    1 1262   97   62 46.0 58.0 1
    1 1420  166  111 31.0 42.0 1
    1 2012  160   34 32.0 71.0 1
    1  612   90   25 48.0 76.0 1
    1  874   18    0 80.0 90.0 1
    1 1471    2    0 89.0 90.0 1
    1 2042   70   11 55.0 84.0 1
    1 2880   58    3 60.0 88.0 1
    1  708  133   31 37.0 73.0 1
    1 3068   93   60 47.0 59.0 0
    1 1485   11    0 84.0 90.0 1
    1 1193  154    3 33.0 88.0 1
    1 1556  166    0 31.0 90.0 1
    1  935   53   51 62.0 63.0 1
    1 3258  123   25 39.0 76.0 1
    1 2958   60    0 59.0 90.0 1
    1 1082   27    0 75.0 90.0 1
    1  486   67    0 56.0 90.0 1
    1 1435   27    0 75.0 90.0 1
    1 3441   67   47 56.0 65.0 1
    1 2896  154   70 33.0 55.0 1
    1 2530   97   90 46.0 48.0 1
    1 2614   84    0 50.0 90.0 1
    1 2752   87    0 49.0 90.0 1
    1  512   32    0 72.0 90.0 1
    1  837  123    0 39.0 90.0 1
    1 2357  173    0 30.0 90.0 1
    1 1750   62   12 58.0 83.0 1
    1 2627  148    0 34.0 90.0 1
    1  498   62    0 58.0 90.0 1
    1  545   45   18 66.0 80.0 1
    1 1317  154   53 33.0 62.0 1
    1  596   12    0 83.0 90.0 1
    1  583  115   16 41.0 81.0 1
    1 2080   42   12 67.0 83.0 1
    1  359   70    0 55.0 90.0 1
    1 1520  119   11 40.0 84.0 1
    1 2702   67   40 56.0 68.0 1
    1  371   47   16 65.0 81.0 1
    1 2126   32    0 72.0 90.0 1
    1 2041   51   27 63.0 75.0 1
    1 1292   84    0 50.0 90.0 1
    1 1569   16    0 81.0 90.0 1
    1  373   47    0 65.0 90.0 0
    1 2698   93   31 47.0 73.0 1
    1  574   58    0 60.0 90.0 0
    1 3375   60   51 59.0 63.0 1
    1  488   21    0 78.0 90.0 1
    1  895    9    0 85.0 90.0 1
    1 1155  115    7 41.0 86.0 1
    1 3203   62    0 58.0 90.0 1
    1 1049   65    0 57.0 90.0 1
    1 1378   65   19 57.0 79.0 1
    1 3069   29    0 74.0 90.0 1
    1 3379  104   55 44.0 61.0 1
    1 2284  119   32 40.0 72.0 1
    1  887   40    0 68.0 90.0 1
    1  653  138   55 36.0 61.0 1
    1 2048  133   58 37.0 60.0 0
    1 1834   93   38 47.0 69.0 1
    1 2978  119    0 40.0 90.0 1
    1 1568   62    0 58.0 90.0 1
    1 1066  154   67 33.0 56.0 0
    1 2179   45   12 66.0 83.0 1
    1  302  107   14 43.0 82.0 1
    1 1746  138    0 36.0 90.0 1
    1 1772  166  148 31.0 34.0 1
    1 2237  143   21 35.0 78.0 1
    1 3029  115   53 41.0 62.0 0
    1  905  123    0 39.0 90.0 1
    1  347   38    0 69.0 90.0 1
    1 3266  107   58 43.0 60.0 1
    1 1682  173    0 30.0 90.0 1
    1 1915  115   40 41.0 68.0 1
    1 2476  154    7 33.0 86.0 0
    1 1767  100    0 45.0 90.0 0
    1 1902   27   16 75.0 81.0 1
    1 2834   29    0 74.0 90.0 1
    1 1978  166   53 31.0 62.0 1
    1 1630   58   32 60.0 72.0 1
    1  895  119    0 40.0 90.0 1
    1 1486   53   21 62.0 78.0 1
    1 2738   27   14 75.0 82.0 1
    1 2891   73   73 54.0 54.0 0
    1 1090  133   67 37.0 56.0 1
    1 2229  111  107 42.0 43.0 1
    1 1482  138  115 36.0 41.0 1
    1  609  160   84 32.0 50.0 1
    1 1320   29   12 74.0 83.0 1
    1  930   16    0 81.0 90.0 1
    1 2622   78    3 52.0 88.0 1
    1 2514   75    0 53.0 90.0 1
    1 1471    9    0 85.0 90.0 0
    1  684   36    9 70.0 85.0 1
    1 3573   84   29 50.0 74.0 1
    1 2429  107   49 43.0 64.0 1
    1 2235   84   51 50.0 63.0 1
    1 2244   25    0 76.0 90.0 1
    1  784   55   51 61.0 63.0 1
    1 1460   62   45 58.0 66.0 1
    1  891   55   47 61.0 65.0 1
    1 2344   38   29 69.0 74.0 1
    1  822   42    0 67.0 90.0 1
    1  640  100    0 45.0 90.0 1
    1 1656  128    0 38.0 90.0 1
    1 1359  173  133 30.0 37.0 1
    1 2326  173   53 30.0 62.0 1
    1  340   40   25 68.0 76.0 1
    1 3264   36    0 70.0 90.0 1
    1  535  123   11 39.0 84.0 1
    1 1892  107   70 43.0 55.0 1
    1 2119    5    0 87.0 90.0 1
    1 3108   23    0 77.0 90.0 1
    1  614  173    3 30.0 88.0 1
    1 1155   97   55 46.0 61.0 1
    1 2014   18    3 80.0 88.0 1
    1  868  138   84 36.0 50.0 0
    1 2175  123   55 39.0 61.0 1
    1  946   97   67 46.0 56.0 1
    1 1382   90   31 48.0 73.0 1
    1  407   84   38 50.0 69.0 1
    1 2810   81   27 51.0 75.0 1
    1 2771  173   31 30.0 73.0 1
    1 1207  100    0 45.0 90.0 0
    1 2789  123   60 39.0 59.0 1
    1 1962   60   18 59.0 80.0 1
    1 2733  138  111 36.0 42.0 1
    1  623   29   19 74.0 79.0 1
    1 3140    3    0 88.0 90.0 1
    1  566   70   60 55.0 59.0 1
    1 1279   36   12 70.0 83.0 1
    1 2922   65   34 57.0 71.0 1
    1 1422  143    0 35.0 90.0 1
    1  676   12    0 83.0 90.0 1
    1 1104   58    0 60.0 90.0 1
    1 2887   55    0 61.0 90.0 1
    1 3378  173  138 30.0 36.0 1
    1 1286   49    3 64.0 88.0 1
    1 1585  123   36 39.0 70.0 1
    1 1350  160   55 32.0 61.0 0
    1  895   84    0 50.0 90.0 1
    1 2295   60    0 59.0 90.0 1
    1 2200  143   32 35.0 72.0 0
    1 2835   67   18 56.0 80.0 1
    1 2750  160   67 32.0 56.0 0
    1 1870   60   23 59.0 77.0 1
    1  466   18    0 80.0 90.0 1
    1  372  138   34 36.0 71.0 1
    1 3162  154   42 33.0 67.0 1
    1 1052  166   97 31.0 46.0 1
    1 2756  154   16 33.0 81.0 1
    1  491   70   32 55.0 72.0 0
    1 2153   84    5 50.0 87.0 0
    1  448   25    0 76.0 90.0 1
    1  375   34   12 71.0 83.0 1
    1 3490   84    5 50.0 87.0 1
    1 2992   90    0 48.0 90.0 1
    1 2888  143  107 35.0 43.0 1
    1 1398   40    2 68.0 89.0 1
    1 1812  138   23 36.0 77.0 0
    1 1823   21   11 78.0 84.0 1
    1  372   42   38 67.0 69.0 1
    1 1222   81   32 51.0 72.0 1
    1 2121   18    0 80.0 90.0 1
    1 1831   75   23 53.0 77.0 1
    1 1765  119   75 40.0 53.0 1
    1 3596   73    2 54.0 89.0 0
    1 2224  133  133 37.0 37.0 1
    1  352   84   40 50.0 68.0 1
    1 1342  123    0 39.0 90.0 1
    1  335   38    0 69.0 90.0 1
    1 2345  128  123 38.0 39.0 1
    1 2325  104    0 44.0 90.0 1
    1 1269  104    2 44.0 89.0 1
    1  589   58    0 60.0 90.0 1
    1 1632   27    5 75.0 87.0 1
    1  796   62    2 58.0 89.0 1
    1  494  128    0 38.0 90.0 0
    1 2098   45   25 66.0 76.0 0
    1 1838  166   93 31.0 47.0 1
    1 2456    9    5 85.0 87.0 1
    1 2808  166  148 31.0 34.0 1
    1 1319  128   81 38.0 51.0 1
    1 1940  148   60 34.0 59.0 1
    1 3465  166   25 31.0 76.0 1
    1 1483  143   84 35.0 50.0 1
    1  413  173   12 30.0 83.0 1
    1 2935  104   42 44.0 67.0 1
    1 1915  160   16 32.0 81.0 1
    1  955   78   67 52.0 56.0 1
    1  867    2    0 89.0 90.0 1
    1 3447   47   11 65.0 84.0 1
    1 2464   97   34 46.0 71.0 1
    1 2527   58   16 60.0 81.0 1
    1 1479   97   32 46.0 72.0 1
    1 2042   42   38 67.0 69.0 1
    1 1617  115   75 41.0 53.0 1
    1 1029   75   21 53.0 78.0 1
    1 3450  138  138 36.0 36.0 1
    1  458  133   81 37.0 51.0 1
    1 3420   67   60 56.0 59.0 1
    1 1093   29   21 74.0 78.0 1
    1 2544   62    0 58.0 90.0 1
    1 1236   87   60 49.0 59.0 1
    1  742   90   81 48.0 51.0 1
    1 2646   31    0 73.0 90.0 1
    1  381   40   34 68.0 71.0 1
    1 1051  100   49 45.0 64.0 1
    1 1182  138   40 36.0 68.0 1
    1 3528   78    0 52.0 90.0 0
    1 3580  115   47 41.0 65.0 1
    1 2400  104   73 44.0 54.0 1
    1 1655   31    0 73.0 90.0 1
    1 2581   67   12 56.0 83.0 1
    1 1262   67   38 56.0 69.0 1
    1  914   58   45 60.0 66.0 1
    1 1213   67   67 56.0 56.0 1
    1 3141    9    0 85.0 90.0 1
    1 2412   73   65 54.0 57.0 1
    1  728   73   45 54.0 66.0 0
    1 2152  111   70 42.0 55.0 0
    1  463   27   21 75.0 78.0 1
    1 2264    9    0 85.0 90.0 1
    1  942   87   75 49.0 53.0 1
    1 1484   27    0 75.0 90.0 1
    1 3450  128    0 38.0 90.0 1
    1 1329   75   14 53.0 82.0 1
    1 2463  133    3 37.0 88.0 1
    1 1292   65    9 57.0 85.0 1
    1  614   93   23 47.0 77.0 1
    1 2867  138    7 36.0 86.0 1
    1 3316   25    0 76.0 90.0 1
    1 2137   31    0 73.0 90.0 1
    1  786   55   34 61.0 71.0 1
    1 2134   23   14 77.0 82.0 0
    1 1569  128   36 38.0 70.0 1
    1 2560  111    5 42.0 87.0 1
    1 3514   55   18 61.0 80.0 1
    1 1993   29    5 74.0 87.0 1
    1 3170   97   25 46.0 76.0 1
    1 1030   32    0 72.0 90.0 1
    1  634   58    0 60.0 90.0 0
    1  542  133  111 37.0 42.0 1
    1 1104   55   21 61.0 78.0 0
    1 1461   34   21 71.0 78.0 1
    1 3500   49   18 64.0 80.0 1
    1 2713   65   12 57.0 83.0 0
    1 3407  148  115 34.0 41.0 1
    1 2445   84    0 50.0 90.0 1
    1 3098  128    0 38.0 90.0 1
    1 3305  143   90 35.0 48.0 1
    1 3106   70    0 55.0 90.0 1
    1  496   34   31 71.0 73.0 1
    1 2838   65   58 57.0 60.0 1
    1 2440   38   34 69.0 71.0 1
    1 1204   75   38 53.0 69.0 1
    1 2524  111   47 42.0 65.0 1
    1 3334   53   23 62.0 77.0 1
    1  998  166    0 31.0 90.0 0
    1  757   97    0 46.0 90.0 1
    1 2607  143    0 35.0 90.0 1
    1 1034  100   32 45.0 72.0 1
    1  700   12    0 83.0 90.0 0
    1 3428   78    0 52.0 90.0 1
    1  743   27    0 75.0 90.0 1
    1 1211    2    0 89.0 90.0 1
    1 1486  104    0 44.0 90.0 0
    1 1618   65   49 57.0 64.0 1
    1  547   45   25 66.0 76.0 1
    1  967  123   19 39.0 79.0 1
    1 2930   42   29 67.0 74.0 1
    1 2342  107   36 43.0 70.0 1
    1 1091   73    0 54.0 90.0 1
    1  751   75    7 53.0 86.0 1
    1 2644  148    0 34.0 90.0 1
    1  931    9    0 85.0 90.0 1
    1 2059  104    0 44.0 90.0 1
    1 1377   38    0 69.0 90.0 1
    1 3393   78    0 52.0 90.0 1
    1 2585   87   11 49.0 84.0 0
    1  380  128   23 38.0 77.0 1
    1 1973   78   11 52.0 84.0 1
    1  447   84   70 50.0 55.0 0
    1 3090    7    0 86.0 90.0 1
    1 1414   53    0 62.0 90.0 1
    1 2823   70   45 55.0 66.0 1
    1 2782   53    2 62.0 89.0 1
    1 3304   36    2 70.0 89.0 1
    1 3103  148  107 34.0 43.0 1
    1  433   65   65 57.0 57.0 1
    1 2497  143   42 35.0 67.0 1
    1  982   70   36 55.0 70.0 1
    1 1325   42    0 67.0 90.0 0
    1 3138   90   47 48.0 65.0 1
    1 2218  111   55 42.0 61.0 1
    1 1569  160    0 32.0 90.0 1
    1 2328   73   62 54.0 58.0 1
    1  916  133   49 37.0 64.0 1
    1 2346  111   16 42.0 81.0 1
    1 3348  166  166 31.0 31.0 1
    1 1647   34    7 71.0 86.0 1
    1 1505   23    0 77.0 90.0 1
    1 2621   47   18 65.0 80.0 1
    1 1092   40   16 68.0 81.0 1
    1  977  148   97 34.0 46.0 1
