 500 500 500 129
    1 2257   90    0 48.0 90.0 1
    1 2857  138    5 36.0 87.0 1
    1 2080  138   49 36.0 64.0 1
    1  788   53    0 62.0 90.0 1
    1 1832  123   97 39.0 46.0 1
    1 1079  123   18 39.0 80.0 1
    1 1962   38   31 69.0 73.0 1
    1 3477   25   23 76.0 77.0 1
    1 1804  100   97 45.0 46.0 1
    1 1173   87    7 49.0 86.0 1
    1 3003   36   19 70.0 79.0 1
    1 1610  115   78 41.0 52.0 1
    1 2380    9    0 85.0 90.0 0
    1 3491    3    0 88.0 90.0 1
    1  355   90   12 48.0 83.0 1
    1 1005   75   51 53.0 63.0 1
    1 2603   87   40 49.0 68.0 1
    1 2422   11    9 84.0 85.0 1
    1 3454    2    0 89.0 90.0 0
    1 3569   84   31 50.0 73.0 1
    1 2904   87   55 49.0 61.0 1
    1 2256   49   34 64.0 71.0 1
    1  650   65   23 57.0 77.0 1
    1 2856  143  123 35.0 39.0 1
    1 2624   16    9 81.0 85.0 1
    1 3209   70   47 55.0 65.0 0
    1 1097  166    0 31.0 90.0 0
    1 1194   53   45 62.0 66.0 1
    1 1053   87   34 49.0 71.0 1
    1  444  148   55 34.0 61.0 1
    1 1537   34   18 71.0 80.0 1
    1 3291  166   70 31.0 55.0 1
    1 2511   19   19 79.0 79.0 1
    1 2728   31    0 73.0 90.0 1
    1 2035  173   78 30.0 52.0 0
    1 1315   47    9 65.0 85.0 1
    1 1272   53    3 62.0 88.0 1
    1 1499  115    2 41.0 89.0 1
    1 3234  133    0 37.0 90.0 1
    1 1378  107   31 43.0 73.0 1
    1 1198  100    0 45.0 90.0 1
    1 2709  119   36 40.0 70.0 1
    1 3239   29    0 74.0 90.0 1
    1 1867   29    0 74.0 90.0 1
    1 2233   36   34 70.0 71.0 1
    1 1959   31    0 73.0 90.0 1
    1 2880   58   55 60.0 61.0 1
    1 1250  160   12 32.0 83.0 1
    1 2742  143    0 35.0 90.0 1
    1 1980   75    0 53.0 90.0 1
    1 3420  119   29 40.0 74.0 1
    1 1246  148   23 34.0 77.0 1
    1 3434  128   97 38.0 46.0 1
    1 2984   19    0 79.0 90.0 1
    1 2206    9    0 85.0 90.0 1
    1 3485   40   18 68.0 80.0 1
    1 2090   32    0 72.0 90.0 1
    1 1516    2    0 89.0 90.0 1
    1 2179  115   58 41.0 60.0 1
    1 3222  104   60 44.0 59.0 1
    1 3115   67   47 56.0 65.0 1
    1  349   81   81 51.0 51.0 1
    1 1469   51    0 63.0 90.0 1
    1 2348  143   78 35.0 52.0 1
    1  977  123    0 39.0 90.0 1
    1 2370   18   16 80.0 81.0 1
    1 3407    9    0 85.0 90.0 1
    1 1753  138    0 36.0 90.0 1
    1 1974   45   32 66.0 72.0 1
    1 3289  148   90 34.0 48.0 1
    1  458   53    0 62.0 90.0 1
    1 2805  100   18 45.0 80.0 0
    1  895  115   65 41.0 57.0 1
    1 2704   34    0 71.0 90.0 1
    1  881  111    0 42.0 90.0 1
    1  969   19    0 79.0 90.0 0
    1 2966   90   81 48.0 51.0 1
    1 2636   93   14 47.0 82.0 1
    1 3138  148    0 34.0 90.0 1
    1 2500  100    0 45.0 90.0 0
    1 2352   19    0 79.0 90.0 1
    1 1044  104   18 44.0 80.0 1
    1 2968   47   12 65.0 83.0 1
    1 3437   18   14 80.0 82.0 1
    1 1316   42   14 67.0 82.0 1
    1  439   73    0 54.0 90.0 1
    1 1331  123   16 39.0 81.0 1
    1 1051  138   93 36.0 47.0 1
    1 1456  111   49 42.0 64.0 1
    1 2673   45   42 66.0 67.0 1
    1 2014   75    0 53.0 90.0 1
    1 2653   31   12 73.0 83.0 1
    1 2819  173   67 30.0 56.0 1
    1 1119   65   47 57.0 65.0 1
    1 1928    5    0 87.0 90.0 1
    1 2281   23    0 77.0 90.0 1
    1 2712  119    0 40.0 90.0 1
    1 1355   49   31 64.0 73.0 1
    1 1413  123    0 39.0 90.0 1
    1 2812   40    0 68.0 90.0 1
    1 3341   81   16 51.0 81.0 1
    1 3581  115    0 41.0 90.0 1
    1  646   16   11 81.0 84.0 1
    1  925   81    2 51.0 89.0 1
    1 3281   53   14 62.0 82.0 0
    1 1183   62    0 58.0 90.0 1
    1 2922  148   70 34.0 55.0 1
    1 1966   75    0 53.0 90.0 1
    1 2043  138    0 36.0 90.0 1
    1 2233   51    2 63.0 89.0 1
    1 2213  107   16 43.0 81.0 0
    1 2209   49    3 64.0 88.0 1
    1  475   58    0 60.0 90.0 1
    1  334   53   12 62.0 83.0 1
    1 3408  154   45 33.0 66.0 1
    1 2681   97   49 46.0 64.0 1
    1 2658  104   97 44.0 46.0 1
    1  966   67    2 56.0 89.0 1
    1 1201  154    0 33.0 90.0 1
    1 3231  173   27 30.0 75.0 1
    1 2337  173   11 30.0 84.0 1
    1 2438  166   73 31.0 54.0 0
    1 2439  138   36 36.0 70.0 1
    1  920   29   25 74.0 76.0 1
    1 2749   18    3 80.0 88.0 1
    1 3350   62   34 58.0 71.0 1
    1 1795   42   34 67.0 71.0 1
    1 2341   60    0 59.0 90.0 1
    1 2144   53   11 62.0 84.0 1
    1 2190   14    3 82.0 88.0 0
    1 3307  166   25 31.0 76.0 1
    1 2224  143   78 35.0 52.0 1
    1 1805   53   36 62.0 70.0 1
    1 1172  104   67 44.0 56.0 1
    1 1122   93    0 47.0 90.0 0
    1 2586   38    0 69.0 90.0 1
    1 3428   40    0 68.0 90.0 1
    1 2517   67   14 56.0 82.0 1
    1 2207   81   78 51.0 52.0 1
    1  557   42    0 67.0 90.0 1
    1 2164  154   34 33.0 71.0 1
    1  402  111   87 42.0 49.0 1
    1 1004   38    0 69.0 90.0 1
    1 1302   25    0 76.0 90.0 1
    1 2987   65   49 57.0 64.0 1
    1 1588   31    0 73.0 90.0 1
    1 1029   84   12 50.0 83.0 1
    1 3316  143  138 35.0 36.0 1
    1 3533   60    0 59.0 90.0 1
    1 1254   93    0 47.0 90.0 1
    1 3023   78   18 52.0 80.0 1
    1 1024   53   31 62.0 73.0 0
    1 2982   27   16 75.0 81.0 1
    1  860   12    0 83.0 90.0 0
    1  663   60   23 59.0 77.0 0
    1 2320   55   18 61.0 80.0 1
    1 2383  133    9 37.0 85.0 1
    1 2404  119   38 40.0 69.0 0
    1 1976   70   19 55.0 79.0 1
    1 1132  133    0 37.0 90.0 1
    1 3360   32   12 72.0 83.0 1
    1 3236   34    5 71.0 87.0 1
    1 1652   51   12 63.0 83.0 0
    1 2524   49    7 64.0 86.0 1
    1 1699  154  100 33.0 45.0 1
    1 1092   73    0 54.0 90.0 1
    1  816   73   38 54.0 69.0 1
    1 2962  160   90 32.0 48.0 1
    1 2545   93   62 47.0 58.0 1
    1 2069  138   25 36.0 76.0 1
    1 2510  138    0 36.0 90.0 1
    1 1579  115  111 41.0 42.0 0
    1  378   97   18 46.0 80.0 1
    1 2527   93   53 47.0 62.0 1
    1 3044  160  111 32.0 42.0 1
    1 2387   87    0 49.0 90.0 1
    1 1172    5    0 87.0 90.0 0
    1 3182  123   16 39.0 81.0 1
    1 1102   73   70 54.0 55.0 1
    1 3579   81   34 51.0 71.0 1
    1 1700   14    7 82.0 86.0 1
    1 1331   90   47 48.0 65.0 1
    1 1526   53   16 62.0 81.0 1
    1 3283  115   81 41.0 51.0 1
    1  334   11    7 84.0 86.0 1
    1 2503  160   11 32.0 84.0 1
    1 1757   81   65 51.0 57.0 1
    1 3513   87    0 49.0 90.0 1
    1 2842  143  107 35.0 43.0 1
    1 2308    9    0 85.0 90.0 1
    1 2814   75   49 53.0 64.0 1
    1 2268  143   65 35.0 57.0 1
    1 2258  123  100 39.0 45.0 1
    1 2807  166   42 31.0 67.0 1
    1  591   87    0 49.0 90.0 1
    1 1393   97    0 46.0 90.0 1
    1 3442   87    0 49.0 90.0 0
    1 1277   70    0 55.0 90.0 0
    1 3460  166   49 31.0 64.0 1
    1  376  148    5 34.0 87.0 1
    1 1042   78   75 52.0 53.0 1
    1 1500  166  115 31.0 41.0 1
    1 2866   53    0 62.0 90.0 1
    1 3050   90   23 48.0 77.0 1
    1 1060   14    0 82.0 90.0 1
    1 1133   87   73 49.0 54.0 1
    1  870   65   21 57.0 78.0 1
    1 3029   45   11 66.0 84.0 1
    1  999   12    0 83.0 90.0 1
    1 2579  123   55 39.0 61.0 1
    1  950  173   21 30.0 78.0 1
    1 2608    7    0 86.0 90.0 1
    1 1374   81   31 51.0 73.0 1
    1  748    7    0 86.0 90.0 0
    1 2678  166    0 31.0 90.0 1
    1 2130   97   87 46.0 49.0 1
    1 2851   49    0 64.0 90.0 1
    1 2571  100   78 45.0 52.0 1
    1  969   19    5 79.0 87.0 1
    1 1199  115   51 41.0 63.0 1
    1  785  128   97 38.0 46.0 1
    1 2458    2    0 89.0 90.0 1
    1 1536   93    5 47.0 87.0 1
    1  854   40    0 68.0 90.0 1
    1 2691   65    9 57.0 85.0 1
    1  496   73    5 54.0 87.0 1
    1 2698  160    7 32.0 86.0 1
    1 2908    9    0 85.0 90.0 1
    1 2309  148   16 34.0 81.0 1
    1 1962   97   12 46.0 83.0 1
    1  694   78    7 52.0 86.0 1
    1 2699   34    0 71.0 90.0 1
    1 1265   23    0 77.0 90.0 1
    1 1812   70   58 55.0 60.0 1
    1 1237  133    0 37.0 90.0 0
    1 3008   60   12 59.0 83.0 1
    1 1059  119   14 40.0 82.0 1
    1 2017  166    0 31.0 90.0 1
    1 2493  115    0 41.0 90.0 0
    1 3458  143   42 35.0 67.0 1
    1 1044  133   87 37.0 49.0 1
    1 2673   53    2 62.0 89.0 1
    1 1056  148    9 34.0 85.0 1
    1  322   65   31 57.0 73.0 1
    1 1729  166  154 31.0 33.0 1
    1 2319   38    0 69.0 90.0 1
    1 3085   11    0 84.0 90.0 1
    1 2430   47   45 65.0 66.0 1
    1 2470   14    9 82.0 85.0 1
    1 2336   93    0 47.0 90.0 1
    1 1057  154   42 33.0 67.0 1
    1 1944  119   23 40.0 77.0 1
    1 2388   97   55 46.0 61.0 1
    1 1478  173  148 30.0 34.0 1
    1  305    7    0 86.0 90.0 1
    1 2182  111   16 42.0 81.0 1
    1 1564   40    0 68.0 90.0 1
    1 3546    3    0 88.0 90.0 1
    1 1951   84    0 50.0 90.0 1
    1 2383  107   58 43.0 60.0 1
    1  954   87   73 49.0 54.0 1
    1 1525   65   31 57.0 73.0 1
    1 1128   78   65 52.0 57.0 1
    1  635   23   11 77.0 84.0 1
    1 2827   49   12 64.0 83.0 0
    1 2736   70    0 55.0 90.0 1
    1 2969   47    0 65.0 90.0 1
    1 1574  154    0 33.0 90.0 1
    1 2538   62    5 58.0 87.0 1
    1 1234  173   70 30.0 55.0 1
    1  782   32    0 72.0 90.0 1
    1  497  115   55 41.0 61.0 1
    1 1263   55   38 61.0 69.0 0
    1 2728   93   49 47.0 64.0 1
    1 2665   19    5 79.0 87.0 1
    1  314   32    2 72.0 89.0 1
    1 1463    9    0 85.0 90.0 1
    1 2677   49   31 64.0 73.0 1
    1  654  128   81 38.0 51.0 1
    1 2934   78    0 52.0 90.0 1
    1  866   27   25 75.0 76.0 1
    1 2172   65    0 57.0 90.0 1
    1 1230   78    0 52.0 90.0 1
    1 3384   75    0 53.0 90.0 1
    1 2249  115   67 41.0 56.0 1
    1  323  115    3 41.0 88.0 1
    1  610   19    0 79.0 90.0 1
    1 2541   23    0 77.0 90.0 1
    1  309   60    0 59.0 90.0 1
    1 1847  123    0 39.0 90.0 1
    1 3372   84   53 50.0 62.0 0
    1 1252   87    0 49.0 90.0 1
    1 3082   87   60 49.0 59.0 1
    1 3113  111    0 42.0 90.0 1
    1  644   23    7 77.0 86.0 1
    1  601   29    0 74.0 90.0 1
    1 2427  107   12 43.0 83.0 1
    1 3310   29    0 74.0 90.0 1
    1 2567  173   25 30.0 76.0 1
    1 2423   93    0 47.0 90.0 1
    1 3297  166    7 31.0 86.0 1
    1 1491  115    0 41.0 90.0 1
    1 3480  100   60 45.0 59.0 0
    1  935  138  133 36.0 37.0 1
    1 1637  107   62 43.0 58.0 1
    1 1842   23    0 77.0 90.0 0
    1 1210   81   40 51.0 68.0 0
    1 2932  100    0 45.0 90.0 1
    1 3294  143   87 35.0 49.0 1
    1  591   70   29 55.0 74.0 0
    1 2437   47    2 65.0 89.0 1
    1 2624  154    0 33.0 90.0 0
    1 2565  123   47 39.0 65.0 0
    1 2611   87   11 49.0 84.0 1
    1  578   97   32 46.0 72.0 0
    1 2366  111   47 42.0 65.0 1
    1 2756   16    0 81.0 90.0 1
    1 3096   23    2 77.0 89.0 1
    1 1335   75   23 53.0 77.0 1
    1 1112   45    0 66.0 90.0 1
    1 1323  154  138 33.0 36.0 1
    1 3432  115    0 41.0 90.0 1
    1 2506  166    0 31.0 90.0 1
    1 2365  133   18 37.0 80.0 0
    1 1599   40   11 68.0 84.0 1
    1 3312  143    0 35.0 90.0 1
    1 1346   81   60 51.0 59.0 0
    1 2206   55   53 61.0 62.0 0
    1 2326  123   14 39.0 82.0 1
    1 1110   60    0 59.0 90.0 1
    1  983   14    0 82.0 90.0 1
    1 2434   58   25 60.0 76.0 1
    1  655  166  100 31.0 45.0 1
    1 1155   75   23 53.0 77.0 0
    1 2689  143  111 35.0 42.0 1
    1 2228   12    0 83.0 90.0 1
    1 2645   49    0 64.0 90.0 1
    1 2571   47    0 65.0 90.0 1
    1 2486   73    3 54.0 88.0 1
    1 2137   42    0 67.0 90.0 1
    1 2158   40   40 68.0 68.0 1
    1  750  154   32 33.0 72.0 1
    1 1430   81   34 51.0 71.0 1
    1 3357   60   14 59.0 82.0 1
    1 3466   62    0 58.0 90.0 1
    1 3356   93   32 47.0 72.0 1
    1 2546   87    3 49.0 88.0 1
    1 2605   16    0 81.0 90.0 0
    1 1756  166   47 31.0 65.0 1
    1 1271   70   27 55.0 75.0 1
    1  664   38    0 69.0 90.0 1
    1 1767  133  119 37.0 40.0 1
    1  921   11    0 84.0 90.0 1
    1 1443   75    5 53.0 87.0 1
    1 3121  148    0 34.0 90.0 1
    1 3028  119   11 40.0 84.0 0
    1 2610  154   34 33.0 71.0 1
    1 2277   21    0 78.0 90.0 1
    1 1524    2    0 89.0 90.0 1
    1 2101  133   75 37.0 53.0 1
    1 1643  148   75 34.0 53.0 1
    1 3146   12    0 83.0 90.0 1
    1 2082   87    0 49.0 90.0 1
    1 2707   42    7 67.0 86.0 1
    1  537   19    0 79.0 90.0 0
    1 2282    9    5 85.0 87.0 1
    1  673  160   49 32.0 64.0 1
    1 3530    7    0 86.0 90.0 1
    1 1797   11    0 84.0 90.0 1
    1 3241   73   23 54.0 77.0 1
    1 2120   25    0 76.0 90.0 1
    1 2332  107   32 43.0 72.0 1
    1 2680   12    0 83.0 90.0 1
    1 1187  138   47 36.0 65.0 1
    1 1664   78   34 52.0 71.0 1
    1  997  148   53 34.0 62.0 1
    1 1980  119   53 40.0 62.0 1
    1 1520   51    0 63.0 90.0 1
    1 1896   84   34 50.0 71.0 1
    1 2918   97    0 46.0 90.0 0
    1  999   97   21 46.0 78.0 1
    1 2570  111   51 42.0 63.0 1
    1 1321  173  111 30.0 42.0 1
    1 3440   67   16 56.0 81.0 1
    1 3278  160   34 32.0 71.0 1
    1 3131   27    0 75.0 90.0 1
    1  444  166   36 31.0 70.0 1
    1 1712  133   53 37.0 62.0 1
    1 3351   87   38 49.0 69.0 1
    1 2085  148   58 34.0 60.0 1
    1 3175   27    0 75.0 90.0 1
    1 2230  143   14 35.0 82.0 1
    1  356    7    0 86.0 90.0 1
    1 2960  160   32 32.0 72.0 1
    1  582  100   14 45.0 82.0 1
    1 3546  104   81 44.0 51.0 0
    1 1184  100   81 45.0 51.0 0
    1 2316  154    0 33.0 90.0 1
    1  790  104  100 44.0 45.0 1
    1  648   42    0 67.0 90.0 1
    1 1782   14   12 82.0 83.0 1
    1 2218  133   84 37.0 50.0 1
    1 2975   42    0 67.0 90.0 1
    1 1831   78   60 52.0 59.0 0
    1  722    3    2 88.0 89.0 1
    1 3506   18    3 80.0 88.0 1
    1 1752   73    9 54.0 85.0 1
    1 1829   62   34 58.0 71.0 1
    1 3588   42    0 67.0 90.0 1
    1 2308   70   49 55.0 64.0 1
    1  546  154    0 33.0 90.0 1
    1 1839   75    0 53.0 90.0 1
    1  869   73   70 54.0 55.0 1
    1 1133  173   97 30.0 46.0 1
    1 1946  154   18 33.0 80.0 1
    1 2735  115    0 41.0 90.0 1
    1 3048   90    0 48.0 90.0 1
    1  989   12    2 83.0 89.0 1
    1 2785   78   51 52.0 63.0 1
    1 1160   34   21 71.0 78.0 1
    1 1072   27    0 75.0 90.0 1
    1  702   67    0 56.0 90.0 1
    1  555  119   47 40.0 65.0 1
    1  647  173  100 30.0 45.0 1
    1 3549   93   84 47.0 50.0 1
    1 1807   12    0 83.0 90.0 1
    1 1470  143   73 35.0 54.0 1
    1 3064  138   67 36.0 56.0 1
    1  593   65   32 57.0 72.0 1
    1 1307  123    0 39.0 90.0 1
    1 1360   75   47 53.0 65.0 1
    1 2305   53    0 62.0 90.0 1
    1 2666   60   60 59.0 59.0 1
    1 3104  107   45 43.0 66.0 1
    1  831    9    5 85.0 87.0 1
    1 2022   34   25 71.0 76.0 1
    1 1101  128   87 38.0 49.0 1
    1 1872    9    2 85.0 89.0 1
    1 2846  119   27 40.0 75.0 0
    1 2855  138    0 36.0 90.0 1
    1 3261   97    0 46.0 90.0 1
    1  983  128   32 38.0 72.0 1
    1 3059   84    0 50.0 90.0 1
    1  335   49   32 64.0 72.0 1
    1 1022   34    2 71.0 89.0 1
    1 1308  173   81 30.0 51.0 1
    1 2937   53   11 62.0 84.0 1
    1 1992   84   53 50.0 62.0 1
    1 1847   81   23 51.0 77.0 1
    1  834   67    0 56.0 90.0 1
    1 3074   51    0 63.0 90.0 1
    1 2722  100    7 45.0 86.0 1
    1  325   70   34 55.0 71.0 1
    1 2996   42    0 67.0 90.0 1
    1 2116  173    0 30.0 90.0 1
    1  840  143    0 35.0 90.0 0
    1 1202  143   93 35.0 47.0 1
    1 3207   65   49 57.0 64.0 1
    1 2493  166  148 31.0 34.0 1
    1 1319  111   81 42.0 51.0 1
    1 2225    5    0 87.0 90.0 1
    1 1998   78   21 52.0 78.0 1
    1 3337  100   75 45.0 53.0 1
    1 3306  143   12 35.0 83.0 1
    1 3542  111  107 42.0 43.0 0
    1 1812   23   16 77.0 81.0 1
    1 2152   49    7 64.0 86.0 1
    1  330  100   45 45.0 66.0 1
    1 1340   51    0 63.0 90.0 1
    1 1477  138    2 36.0 89.0 1
    1  452   31    0 73.0 90.0 1
    1 1597  154   32 33.0 72.0 1
    1 2850   19    0 79.0 90.0 1
    1  585   97    0 46.0 90.0 1
    1 1138   29   18 74.0 80.0 1
    1 3263  173   84 30.0 50.0 1
    1 1696  154    0 33.0 90.0 1
    1  886  148   42 34.0 67.0 1
    1 2588   38    0 69.0 90.0 1
    1 1255   16   11 81.0 84.0 1
    1 2745   51   49 63.0 64.0 1
    1 3139   70    0 55.0 90.0 1
    1 1170   62   36 58.0 70.0 1
    1 1173   90    0 48.0 90.0 1
    1 1291   81    5 51.0 87.0 1
    1 2646   84    0 50.0 90.0 1
    1 1611  173    0 30.0 90.0 0
    1  682  148    7 34.0 86.0 0
    1 2657  133    0 37.0 90.0 1
    1 1913    2    0 89.0 90.0 1
    1 2521   97   58 46.0 60.0 1
    1  706   11    0 84.0 90.0 1
    1 1508  160    0 32.0 90.0 1
    1  641  148  115 34.0 41.0 1
    1 1363   62   55 58.0 61.0 1
    1 2478   42    7 67.0 86.0 1
    1  778   93    3 47.0 88.0 1
    1 2895   14   12 82.0 83.0 1
    1 2878   87    0 49.0 90.0 1
    1 3359   73    2 54.0 89.0 1
