 500 500 500 129
    1  916   34   25 71.0 76.0 1
    1 2319  123    0 39.0 90.0 1
    1  675   53   36 62.0 70.0 1
    1 1725   40    9 68.0 85.0 1
    1 2072   32    0 72.0 90.0 1
    1 1577   87    0 49.0 90.0 1
    1  394    9    0 85.0 90.0 1
    1  459   32   31 72.0 73.0 1
    1  318   51    0 63.0 90.0 1
    1 2466  154    5 33.0 87.0 1
    1 3392   81   27 51.0 75.0 1
    1 1703  104    0 44.0 90.0 1
    1 2180  173   67 30.0 56.0 1
    1 3086  154   36 33.0 70.0 1
    1 2463  128    0 38.0 90.0 1
    1 2005  133   27 37.0 75.0 1
    1 2046  154    0 33.0 90.0 1
    1 1756   42    2 67.0 89.0 1
    1 1709   38   32 69.0 72.0 1
    1 2243  115    0 41.0 90.0 1
    1  435   49    0 64.0 90.0 1
    1 2044   40    0 68.0 90.0 1
    1 2471  111  107 42.0 43.0 1
    1 2002  128    0 38.0 90.0 1
    1 2738   67    0 56.0 90.0 1
    1 2450    7    0 86.0 90.0 1
    1 2937   78   47 52.0 65.0 1
    1 3250  104   67 44.0 56.0 1
    1 1117  111   58 42.0 60.0 1
    1 1111  128   34 38.0 71.0 1
    1 3003  166    0 31.0 90.0 1
    1 1516  115   93 41.0 47.0 1
    1  304   53   42 62.0 67.0 1
    1 1698   78   45 52.0 66.0 1
    1 1988   87   60 49.0 59.0 1
    1 3595   23    2 77.0 89.0 1
    1 3244  133    0 37.0 90.0 1
    1 2103   23    0 77.0 90.0 1
    1 1176  100   49 45.0 64.0 0
    1  616   65    0 57.0 90.0 1
    1 2924  143    0 35.0 90.0 1
    1 1845   40    0 68.0 90.0 1
    1 1464  160    0 32.0 90.0 1
    1  984  119   21 40.0 78.0 1
    1  655  148   55 34.0 61.0 1
    1 2911   70    0 55.0 90.0 1
    1 2837  143   67 35.0 56.0 1
    1 1235   58    3 60.0 88.0 0
    1 3589   75    0 53.0 90.0 1
    1  842   87    0 49.0 90.0 1
    1 1772   58    0 60.0 90.0 1
    1 2568   67   36 56.0 70.0 0
    1 2664  104    0 44.0 90.0 1
    1 1982  115    0 41.0 90.0 1
    1 1194    5    0 87.0 90.0 1
    1  678  133   25 37.0 76.0 0
    1 3365   19   16 79.0 81.0 1
    1 3165  160    0 32.0 90.0 0
    1 2728   67   32 56.0 72.0 0
    1 3365   25    0 76.0 90.0 1
    1 1721   38    0 69.0 90.0 1
    1 3163   29    0 74.0 90.0 0
    1 3206   90   34 48.0 71.0 1
    1 2540   25    0 76.0 90.0 1
    1 2672  128    0 38.0 90.0 1
    1 3197   97   32 46.0 72.0 1
    1 3368   11    0 84.0 90.0 1
    1 2498   38    0 69.0 90.0 1
    1 1694   90    3 48.0 88.0 1
    1 3412   58   58 60.0 60.0 1
    1 1470  154  104 33.0 44.0 1
    1  633   45   11 66.0 84.0 0
    1 2807  115  111 41.0 42.0 1
    1 2478   87    0 49.0 90.0 1
    1 2836   55    0 61.0 90.0 1
    1 1354  133  128 37.0 38.0 1
    1 2381   62   58 58.0 60.0 1
    1 3333  148   55 34.0 61.0 1
    1 2738  133   31 37.0 73.0 1
    1 1530   51    0 63.0 90.0 1
    1 1708  160    0 32.0 90.0 1
    1 2329   73   42 54.0 67.0 0
    1 2356   19    7 79.0 86.0 0
    1 1014  119    7 40.0 86.0 1
    1 2189   67   18 56.0 80.0 1
    1  873  119   32 40.0 72.0 1
    1 2125   16    0 81.0 90.0 1
    1 1164  111    0 42.0 90.0 0
    1 1166   38    0 69.0 90.0 1
    1 1683   14    0 82.0 90.0 0
    1 2383   53    0 62.0 90.0 1
    1 3599  138  107 36.0 43.0 1
    1 1203   47    0 65.0 90.0 1
    1  323   78    0 52.0 90.0 1
    1 2597   53   19 62.0 79.0 1
    1 2861   45   38 66.0 69.0 1
    1 2480   93   23 47.0 77.0 1
    1 1379   51   27 63.0 75.0 1
    1  836   55   11 61.0 84.0 1
    1 1585  173   62 30.0 58.0 1
    1 3207  123  104 39.0 44.0 1
    1 1766    9    0 85.0 90.0 1
    1 1490   97   70 46.0 55.0 1
    1 1994  107   49 43.0 64.0 1
    1 1472   62   19 58.0 79.0 1
    1  698   53   38 62.0 69.0 0
    1  349   65   60 57.0 59.0 1
    1 1313   73   19 54.0 79.0 1
    1 1293   93    2 47.0 89.0 1
    1 3366   97   90 46.0 48.0 1
    1 2712    9    0 85.0 90.0 1
    1 3399   90    0 48.0 90.0 1
    1 3422  160    0 32.0 90.0 1
    1 2413   97   14 46.0 82.0 1
    1 1338   93   78 47.0 52.0 1
    1 1831   51    0 63.0 90.0 1
    1 1879   29    0 74.0 90.0 1
    1 3506   75   12 53.0 83.0 1
    1 1364   12    5 83.0 87.0 1
    1 2324  115   73 41.0 54.0 1
    1  525   90    0 48.0 90.0 1
    1 2890  104    0 44.0 90.0 0
    1 1126  154   93 33.0 47.0 0
    1 2189  119    0 40.0 90.0 1
    1  535  115   81 41.0 51.0 1
    1 1757   23    0 77.0 90.0 1
    1 1051   97   18 46.0 80.0 1
    1 2965  138   49 36.0 64.0 1
    1 1649   90    0 48.0 90.0 1
    1 1402   90    0 48.0 90.0 1
    1 2265  166    0 31.0 90.0 0
    1  624  173    0 30.0 90.0 1
    1 2407   90   87 48.0 49.0 1
    1  967   42   23 67.0 77.0 1
    1 2312   47    2 65.0 89.0 1
    1 1592   90   70 48.0 55.0 1
    1 3589  115   34 41.0 71.0 1
    1  432    5    0 87.0 90.0 1
    1 1830  160   31 32.0 73.0 1
    1 2712   16    2 81.0 89.0 1
    1 2504   40    0 68.0 90.0 1
    1  840  166   47 31.0 65.0 1
    1 1748   49   42 64.0 67.0 1
    1  674  128    3 38.0 88.0 1
    1 1546  148    0 34.0 90.0 1
    1 1854  115    0 41.0 90.0 1
    1 2365   27   18 75.0 80.0 0
    1 1018  148    0 34.0 90.0 1
    1 2722   70    0 55.0 90.0 1
    1 1902   38   38 69.0 69.0 1
    1 3583   31   14 73.0 82.0 0
    1 3381   62   25 58.0 76.0 0
    1 2394  173    0 30.0 90.0 1
    1 2573   93   65 47.0 57.0 1
    1  975   25   18 76.0 80.0 1
    1 3519   78    0 52.0 90.0 1
    1  384   36    0 70.0 90.0 1
    1 1875  119   23 40.0 77.0 1
    1 2933   87   47 49.0 65.0 1
    1 1541  148  138 34.0 36.0 1
    1 1578   53    0 62.0 90.0 1
    1 1953  100    0 45.0 90.0 1
    1 2838   62    0 58.0 90.0 1
    1  968  160    0 32.0 90.0 1
    1 2749   87   60 49.0 59.0 1
    1 1138  166   70 31.0 55.0 1
    1 3036  148   78 34.0 52.0 1
    1 1778   47    0 65.0 90.0 1
    1 1360  148   81 34.0 51.0 1
    1  682   12    0 83.0 90.0 1
    1 2199  138   70 36.0 55.0 1
    1 2524  148  143 34.0 35.0 1
    1 2174   75   65 53.0 57.0 1
    1 1862   97   40 46.0 68.0 1
    1 2496   78    0 52.0 90.0 1
    1 2009   58   42 60.0 67.0 1
    1 3488  111   65 42.0 57.0 1
    1  812  104   21 44.0 78.0 1
    1 2116  111   45 42.0 66.0 1
    1 3482  143   97 35.0 46.0 1
    1 3446  128   53 38.0 62.0 1
    1 1797  173   45 30.0 66.0 1
    1 2170  154  138 33.0 36.0 1
    1 3484   45    0 66.0 90.0 1
    1 1363   60    0 59.0 90.0 1
    1 1911   40    0 68.0 90.0 0
    1  731   73   65 54.0 57.0 1
    1 3472   49    0 64.0 90.0 1
    1  501   45    0 66.0 90.0 1
    1 1251   67    0 56.0 90.0 1
    1  762    9    0 85.0 90.0 0
    1  369   25    0 76.0 90.0 1
    1 1547   73    0 54.0 90.0 1
    1 1700   51    0 63.0 90.0 1
    1 2638   16    3 81.0 88.0 1
    1 1353  100   49 45.0 64.0 1
    1 2245   47   19 65.0 79.0 1
    1 3508   40    0 68.0 90.0 1
    1  934  100   34 45.0 71.0 1
    1 3238  133   55 37.0 61.0 1
    1 2776   19    0 79.0 90.0 1
    1 3286   87   53 49.0 62.0 1
    1 1947   62   45 58.0 66.0 0
    1  893  104   62 44.0 58.0 1
    1 2439   49    0 64.0 90.0 1
    1 1944   53   49 62.0 64.0 1
    1 2012   47   36 65.0 70.0 1
    1 2975   67    0 56.0 90.0 1
    1 3070   75   23 53.0 77.0 1
    1 3035  166   23 31.0 77.0 1
    1 1007  160   84 32.0 50.0 1
    1  771   32    0 72.0 90.0 1
    1 2061   53   29 62.0 74.0 1
    1  537   87    0 49.0 90.0 1
    1  338   11    0 84.0 90.0 1
    1 3277   90   19 48.0 79.0 0
    1 2958   53    7 62.0 86.0 1
    1 3440   97   34 46.0 71.0 1
    1  997  133   70 37.0 55.0 1
    1 1049  104   58 44.0 60.0 1
    1 1803  166   62 31.0 58.0 1
    1 2535  100    0 45.0 90.0 1
    1  672   49    9 64.0 85.0 0
    1 3516   70   25 55.0 76.0 1
    1 1323   31    0 73.0 90.0 1
    1 2773    7    0 86.0 90.0 1
    1  544  166   78 31.0 52.0 1
    1 1067  133    3 37.0 88.0 1
    1 1047   14    0 82.0 90.0 1
    1 2091   81    0 51.0 90.0 1
    1 3035  138   36 36.0 70.0 1
    1 1214   53    0 62.0 90.0 1
    1 1283  143   23 35.0 77.0 1
    1 3465  166    0 31.0 90.0 1
    1  994  104   11 44.0 84.0 1
    1  449   36   27 70.0 75.0 1
    1 1809  107    3 43.0 88.0 1
    1  571  143   93 35.0 47.0 1
    1  617  100   11 45.0 84.0 1
    1 2833   58   45 60.0 66.0 1
    1 1020   23    0 77.0 90.0 1
    1 1660   16    0 81.0 90.0 1
    1 3007   60    0 59.0 90.0 0
    1 1907  123   58 39.0 60.0 1
    1 1584    5    0 87.0 90.0 1
    1  379   81    0 51.0 90.0 1
    1 1326   11    0 84.0 90.0 1
    1 2922  123  100 39.0 45.0 1
    1 1706   84   42 50.0 67.0 1
    1  312   55   36 61.0 70.0 1
    1 2559   47    0 65.0 90.0 1
    1  441    9    5 85.0 87.0 1
    1 3504  166   47 31.0 65.0 1
    1 2296    2    0 89.0 90.0 0
    1 1825   19    0 79.0 90.0 1
    1 2197  166    0 31.0 90.0 0
    1 2624  100   38 45.0 69.0 1
    1 2734   14    0 82.0 90.0 1
    1 1918   23   18 77.0 80.0 1
    1 2385   45   21 66.0 78.0 1
    1 1742  133  107 37.0 43.0 1
    1 2252   75   65 53.0 57.0 0
    1 2307   47    0 65.0 90.0 1
    1 2962  154    0 33.0 90.0 0
    1 2772  104   21 44.0 78.0 1
    1 3144   97   53 46.0 62.0 1
    1 2426   81   21 51.0 78.0 1
    1 1549   65    3 57.0 88.0 0
    1 2131  104    0 44.0 90.0 1
    1 2812   67   18 56.0 80.0 1
    1 1648   32   21 72.0 78.0 1
    1 1137   32    0 72.0 90.0 1
    1 3132   60    0 59.0 90.0 0
    1 3214   58   36 60.0 70.0 1
    1 2465   78    0 52.0 90.0 0
    1 1600  119   11 40.0 84.0 1
    1 3331   21    2 78.0 89.0 1
    1 1425   90   18 48.0 80.0 1
    1  972   84   49 50.0 64.0 1
    1 3111  148    0 34.0 90.0 1
    1 3177   90   21 48.0 78.0 1
    1 1179  123    0 39.0 90.0 1
    1 1736   81    0 51.0 90.0 1
    1 2995   78   65 52.0 57.0 1
    1 2824   53   34 62.0 71.0 1
    1 3023   16    0 81.0 90.0 0
    1 3201  115    0 41.0 90.0 1
    1 2339   53    0 62.0 90.0 1
    1 1201   16    0 81.0 90.0 1
    1 2810   73    0 54.0 90.0 1
    1 1567  148    0 34.0 90.0 1
    1 1012   81    0 51.0 90.0 1
    1 1471  111   84 42.0 50.0 1
    1  882  166    5 31.0 87.0 1
    1 2636   70   49 55.0 64.0 1
    1 2378   34    0 71.0 90.0 1
    1 3060   25    9 76.0 85.0 1
    1 2198   67    0 56.0 90.0 1
    1 1274  160   36 32.0 70.0 1
    1  378   65   51 57.0 63.0 1
    1  478   84   40 50.0 68.0 1
    1 1515  154  111 33.0 42.0 1
    1  882   51    0 63.0 90.0 1
    1 2862  123   19 39.0 79.0 1
    1 1195  100    2 45.0 89.0 1
    1 2023   90    0 48.0 90.0 1
    1  491   67    0 56.0 90.0 1
    1 2480    9    0 85.0 90.0 1
    1 1002   47    0 65.0 90.0 1
    1 2173  104   81 44.0 51.0 1
    1 2975  138   18 36.0 80.0 1
    1  965   65   11 57.0 84.0 1
    1  869  143  107 35.0 43.0 1
    1 3492  160   49 32.0 64.0 1
    1 3004   81   53 51.0 62.0 1
    1 3529   93   81 47.0 51.0 1
    1 2668   21   18 78.0 80.0 1
    1 2928   70    0 55.0 90.0 1
    1 3299   55   25 61.0 76.0 1
    1 3066   49    0 64.0 90.0 1
    1  871   75   51 53.0 63.0 1
    1 1071  173    0 30.0 90.0 1
    1 2928   97   27 46.0 75.0 1
    1 3355    7    0 86.0 90.0 0
    1  755   65   32 57.0 72.0 0
    1 3522   62   40 58.0 68.0 1
    1 2157  143    0 35.0 90.0 1
    1 1711   53   29 62.0 74.0 1
    1 3251   67   16 56.0 81.0 1
    1 3502   11    0 84.0 90.0 1
    1 2178  119   29 40.0 74.0 1
    1 1952   55    0 61.0 90.0 1
    1 3406    7    0 86.0 90.0 1
    1 2718   84    0 50.0 90.0 1
    1 2618  123   12 39.0 83.0 1
    1  408  128   70 38.0 55.0 1
    1 1841  107   19 43.0 79.0 1
    1 2384   81   60 51.0 59.0 1
    1 2685   75   47 53.0 65.0 1
    1 1318   45    0 66.0 90.0 1
    1 2249  154    0 33.0 90.0 1
    1  827  104   47 44.0 65.0 1
    1  619   31   16 73.0 81.0 1
    1 1074  100   73 45.0 54.0 1
    1 2363   36    0 70.0 90.0 1
    1  520   65   16 57.0 81.0 1
    1 1391   12    0 83.0 90.0 1
    1 1759   65   23 57.0 77.0 1
    1 1421  160  148 32.0 34.0 1
    1 2879   19   12 79.0 83.0 1
    1 2736  123   51 39.0 63.0 1
    1  423   87    0 49.0 90.0 0
    1 1715   36   16 70.0 81.0 1
    1 1372   36    0 70.0 90.0 1
    1 3520   75   42 53.0 67.0 1
    1  685   14    0 82.0 90.0 1
    1 2735   65    3 57.0 88.0 1
    1 3179   84   81 50.0 51.0 1
    1  723  173  123 30.0 39.0 1
    1 2114   75   38 53.0 69.0 0
    1 1050  123    0 39.0 90.0 1
    1 1076  154  107 33.0 43.0 1
    1 2562   45   21 66.0 78.0 0
    1 2613  160    0 32.0 90.0 1
    1 1819   78    0 52.0 90.0 1
    1 3088   25    0 76.0 90.0 1
    1 1000  138   47 36.0 65.0 0
    1  625  115   60 41.0 59.0 1
    1 3205  160   29 32.0 74.0 1
    1 3497   97    5 46.0 87.0 1
    1  645   84   14 50.0 82.0 1
    1 3280  148   21 34.0 78.0 1
    1 1995   29   19 74.0 79.0 1
    1 3382  123   31 39.0 73.0 1
    1 2247   65   31 57.0 73.0 0
    1 3014   55    0 61.0 90.0 1
    1  764   53    9 62.0 85.0 1
    1  890   18   18 80.0 80.0 1
    1 1237  128   23 38.0 77.0 1
    1  755  138    0 36.0 90.0 1
    1 2001  148   23 34.0 77.0 1
    1 2812   81    0 51.0 90.0 0
    1 2045    3    0 88.0 90.0 1
    1 3329  115   31 41.0 73.0 1
    1 2621    5    0 87.0 90.0 1
    1  584    5    0 87.0 90.0 1
    1  376  123    0 39.0 90.0 1
    1 1992   67    2 56.0 89.0 1
    1 3383   19    0 79.0 90.0 1
    1  537  154    0 33.0 90.0 1
    1 1812  107    0 43.0 90.0 0
    1 1924  128   78 38.0 52.0 1
    1 2737   60   58 59.0 60.0 1
    1 1992   70   18 55.0 80.0 1
    1 2877  154    2 33.0 89.0 1
    1 2187  138   31 36.0 73.0 1
    1 2931   78    0 52.0 90.0 1
    1 3024   78   38 52.0 69.0 1
    1 1085  115    0 41.0 90.0 1
    1 1751   47    0 65.0 90.0 1
    1 1219  123  100 39.0 45.0 1
    1  565   97    0 46.0 90.0 1
    1 3240   87   18 49.0 80.0 1
    1 3095   18    0 80.0 90.0 1
    1 1943   65    0 57.0 90.0 1
    1 1789   42   18 67.0 80.0 1
    1 2051   49    0 64.0 90.0 1
    1 3445   27    0 75.0 90.0 1
    1 3056   38    0 69.0 90.0 1
    1  540   90   62 48.0 58.0 1
    1  925   84    0 50.0 90.0 1
    1 1966  160    0 32.0 90.0 1
    1 1487  148   36 34.0 70.0 0
    1 2340  119   40 40.0 68.0 1
    1  791  166   12 31.0 83.0 1
    1 1692   18    0 80.0 90.0 1
    1 2664   38    0 69.0 90.0 1
    1 1720   36    0 70.0 90.0 1
    1 2916  104   29 44.0 74.0 1
    1 1955   81    0 51.0 90.0 1
    1 3358   31    2 73.0 89.0 0
    1 3054   93   60 47.0 59.0 1
    1 3261   40    3 68.0 88.0 1
    1 1023  160    9 32.0 85.0 1
    1 2155   62   60 58.0 59.0 1
    1 1826   97    5 46.0 87.0 1
    1 2239  133    0 37.0 90.0 1
    1 3418  115   12 41.0 83.0 1
    1 2289   84    0 50.0 90.0 1
    1 1667   97    0 46.0 90.0 1
    1 2080   70    0 55.0 90.0 1
    1 2911  166    0 31.0 90.0 1
    1 1784   49    0 64.0 90.0 1
    1 2251   84    0 50.0 90.0 1
    1 3134  154  119 33.0 40.0 1
    1 2378  166   53 31.0 62.0 1
    1 3394  160   53 32.0 62.0 1
    1  837   87   14 49.0 82.0 1
    1 1460   81    0 51.0 90.0 1
    1 1094   87   31 49.0 73.0 1
    1 1781   90    2 48.0 89.0 1
    1 2529    2    0 89.0 90.0 1
    1 3392   73   31 54.0 73.0 1
    1  668   90    0 48.0 90.0 1
    1 2877  138   31 36.0 73.0 1
    1 1726  104  100 44.0 45.0 1
    1  809  111   21 42.0 78.0 1
    1  534   45    0 66.0 90.0 1
    1  671  104    5 44.0 87.0 1
    1 3134   75   18 53.0 80.0 1
    1 3258   97   27 46.0 75.0 0
    1 2438   36    0 70.0 90.0 1
    1 2006  104   49 44.0 64.0 1
    1 1206  111   25 42.0 76.0 0
    1 2087  160   97 32.0 46.0 1
    1 1022  123   60 39.0 59.0 1
    1  515  173    0 30.0 90.0 1
    1 2221  115   55 41.0 61.0 0
    1 3533   81    5 51.0 87.0 1
    1  642  138   38 36.0 69.0 0
    1  883  154   18 33.0 80.0 1
    1 1828  160   87 32.0 49.0 1
    1 3110  115    0 41.0 90.0 1
    1 3406   93   25 47.0 76.0 1
    1  662  128   53 38.0 62.0 1
    1 1534   14    0 82.0 90.0 1
    1 2093  123    0 39.0 90.0 1
    1  757  143  128 35.0 38.0 1
    1 2076  160   36 32.0 70.0 1
    1 2715  123    0 39.0 90.0 1
    1 1575   23    3 77.0 88.0 0
    1  934   45   21 66.0 78.0 1
    1 1512   93   87 47.0 49.0 1
    1 1316  160    0 32.0 90.0 1
    1  383   31   25 73.0 76.0 1
    1 1716   81   65 51.0 57.0 1
    1  713  154    3 33.0 88.0 0
    1 2950  148    0 34.0 90.0 1
    1  793   32    0 72.0 90.0 1
    1 1247   84   34 50.0 71.0 1
    1 2548   58    5 60.0 87.0 1
    1 1168   84   36 50.0 70.0 1
    1 2090   90   81 48.0 51.0 1
    1  550  104   11 44.0 84.0 1
    1 2635   38   16 69.0 81.0 1
    1 1667  128   70 38.0 55.0 1
    1 1275  119    3 40.0 88.0 1
    1 1096   58    0 60.0 90.0 1
    1  660   67   36 56.0 70.0 1
    1 1473  128  107 38.0 43.0 1
    1 1795   31   23 73.0 77.0 1
    1 1874   97   55 46.0 61.0 1
    1 1838   67    0 56.0 90.0 1
    1 2885   78    0 52.0 90.0 1
    1  351   62   31 58.0 73.0 1
    1  787   25    0 76.0 90.0 1
    1 3471  166    3 31.0 88.0 1
    1 2221   93   36 47.0 70.0 1
    1 3286    3    0 88.0 90.0 0
    1 2706  100   90 45.0 48.0 1
