 500 500 500 129
    1 2721   58   40 60.0 68.0 1
    1 2188  133    5 37.0 87.0 1
    1  681   62    0 58.0 90.0 1
    1 2804   29    0 74.0 90.0 1
    1 2168   81   75 51.0 53.0 1
    1  808   75   27 53.0 75.0 1
    1 2137   16    0 81.0 90.0 0
    1 2151   70   18 55.0 80.0 1
    1 2073   14    0 82.0 90.0 1
    1  446   55   42 61.0 67.0 1
    1 2347  166   32 31.0 72.0 1
    1 1534   62   60 58.0 59.0 1
    1 3098  133  119 37.0 40.0 1
    1  686  119   87 40.0 49.0 1
    1 2987  166   78 31.0 52.0 1
    1 3531  143  128 35.0 38.0 1
    1 1340   34   32 71.0 72.0 1
    1 1148   14    0 82.0 90.0 1
    1 2163   34    3 71.0 88.0 0
    1  357   31    0 73.0 90.0 1
    1 1216   87   62 49.0 58.0 1
    1 1370  119    2 40.0 89.0 1
    1 2057   75   36 53.0 70.0 1
    1 1628   32    0 72.0 90.0 1
    1 3400  119   58 40.0 60.0 1
    1  698  148    2 34.0 89.0 1
    1  510  133   58 37.0 60.0 0
    1  520  138    5 36.0 87.0 1
    1 2442  123    0 39.0 90.0 1
    1 2444  123  107 39.0 43.0 1
    1 2582  115    0 41.0 90.0 0
    1  620   14    0 82.0 90.0 1
    1 3112   49    0 64.0 90.0 1
    1 2101   34    0 71.0 90.0 0
    1 1911   73    0 54.0 90.0 1
    1 2228   45   25 66.0 76.0 1
    1 3579   27    2 75.0 89.0 1
    1 2465  115   18 41.0 80.0 1
    1  848   93    0 47.0 90.0 1
    1 2430    5    0 87.0 90.0 1
    1  459   21   12 78.0 83.0 1
    1 2599   84   67 50.0 56.0 1
    1 2754  107   60 43.0 59.0 1
    1 1751    2    0 89.0 90.0 1
    1 1209   78    0 52.0 90.0 1
    1 1775  100   40 45.0 68.0 1
    1 3156  173   19 30.0 79.0 1
    1 2724   45    5 66.0 87.0 1
    1 1027   49    0 64.0 90.0 0
    1 2674  160  148 32.0 34.0 1
    1 2430   14    0 82.0 90.0 1
    1  841   93   14 47.0 82.0 1
    1 2624  173   53 30.0 62.0 1
    1 3048  115   93 41.0 47.0 1
    1 2723  148  123 34.0 39.0 1
    1  325   84   32 50.0 72.0 1
    1 2197  100   31 45.0 73.0 1
    1 1001   38    0 69.0 90.0 1
    1 1028   47    0 65.0 90.0 1
    1 2645   81   31 51.0 73.0 1
    1 3446  107   49 43.0 64.0 1
    1 1773   75   47 53.0 65.0 1
    1 3280  115   31 41.0 73.0 1
    1 2969   32    0 72.0 90.0 1
    1 2653  154    0 33.0 90.0 1
    1 3534  166  111 31.0 42.0 1
    1 1973  133   11 37.0 84.0 1
    1 2817  128   14 38.0 82.0 1
    1 1559  100    7 45.0 86.0 1
    1 3118   81   27 51.0 75.0 1
    1  756  138    0 36.0 90.0 1
    1 1655   53   23 62.0 77.0 1
    1 2197   34    0 71.0 90.0 1
    1  765   38   36 69.0 70.0 1
    1 1407  173  148 30.0 34.0 1
    1 1713   87    0 49.0 90.0 1
    1 3061   78   62 52.0 58.0 1
    1  868  143   25 35.0 76.0 1
    1 3015  173   42 30.0 67.0 1
    1 1012   58    3 60.0 88.0 1
    1  708  173   78 30.0 52.0 1
    1 2857  148    0 34.0 90.0 0
    1 1900   31    0 73.0 90.0 0
    1 1975  138   90 36.0 48.0 1
    1  502  119   21 40.0 78.0 1
    1 1640  173   53 30.0 62.0 1
    1  784  119    0 40.0 90.0 1
    1 1916  160  148 32.0 34.0 1
    1  913   29   19 74.0 79.0 0
    1 3330   62    0 58.0 90.0 1
    1  632  111    0 42.0 90.0 1
    1 3427  148   51 34.0 63.0 1
    1 1871  111  107 42.0 43.0 1
    1 2480  100   47 45.0 65.0 1
    1 3573  133    7 37.0 86.0 0
    1 3275   81   49 51.0 64.0 1
    1  902   55    0 61.0 90.0 0
    1 1991   49    0 64.0 90.0 1
    1 3595   55    0 61.0 90.0 1
    1  472   19    0 79.0 90.0 1
    1 3323   32    0 72.0 90.0 1
    1  379  104   51 44.0 63.0 0
    1 2023  104   23 44.0 77.0 1
    1 3291   38    7 69.0 86.0 1
    1 2610  111   36 42.0 70.0 1
    1 2406   78    5 52.0 87.0 1
    1 2307   62    2 58.0 89.0 1
    1 2527  173   38 30.0 69.0 1
    1  689  123   16 39.0 81.0 1
    1 1240  100   27 45.0 75.0 1
    1  512   55   38 61.0 69.0 1
    1  499  107    2 43.0 89.0 1
    1 1842  115   14 41.0 82.0 1
    1 1876   38    0 69.0 90.0 1
    1 2722  123   67 39.0 56.0 1
    1 2504   55   27 61.0 75.0 1
    1 1127  160  111 32.0 42.0 1
    1 2040  160  107 32.0 43.0 1
    1 1586  173   73 30.0 54.0 1
    1 3344   97   65 46.0 57.0 1
    1 2953   60   11 59.0 84.0 1
    1 1427   55   19 61.0 79.0 1
    1 2578   60   31 59.0 73.0 1
    1 2886  166    0 31.0 90.0 1
    1 3126  104   90 44.0 48.0 1
    1 1078   81   51 51.0 63.0 1
    1  700   73    0 54.0 90.0 1
    1 1001   16    0 81.0 90.0 1
    1  885  173    0 30.0 90.0 1
    1 1978   58    2 60.0 89.0 1
    1 1129  123    0 39.0 90.0 1
    1  455   75    5 53.0 87.0 1
    1 3577  100   58 45.0 60.0 1
    1 2749   45   11 66.0 84.0 1
    1 1131   97   31 46.0 73.0 1
    1 1974  154   38 33.0 69.0 0
    1 1056  173   97 30.0 46.0 0
    1 1443   11    0 84.0 90.0 1
    1 2988  111    0 42.0 90.0 0
    1  430  166    0 31.0 90.0 1
    1 1593  133   32 37.0 72.0 1
    1 1512   19    0 79.0 90.0 1
    1 3484   21    9 78.0 85.0 1
    1 1649  104   49 44.0 64.0 1
    1 3475  133   62 37.0 58.0 1
    1 1812   84    0 50.0 90.0 1
    1  773  166  133 31.0 37.0 1
    1 1791  123  123 39.0 39.0 0
    1 3538   90    0 48.0 90.0 1
    1  416    5    0 87.0 90.0 1
    1 2013   36    2 70.0 89.0 1
    1 1072  128   65 38.0 57.0 1
    1 1481   93   53 47.0 62.0 1
    1 2403  154   25 33.0 76.0 1
    1 2254   67   27 56.0 75.0 1
    1 2859   60    0 59.0 90.0 1
    1  420  115   67 41.0 56.0 1
    1  985  148   16 34.0 81.0 1
    1  476   36    0 70.0 90.0 1
    1 2068  138   67 36.0 56.0 1
    1 1630  173   90 30.0 48.0 1
    1  463  104   49 44.0 64.0 1
    1 3326   67   51 56.0 63.0 1
    1 1090  148  123 34.0 39.0 1
    1 3198   12    3 83.0 88.0 1
    1 1777   45    0 66.0 90.0 1
    1 1226   51   34 63.0 71.0 1
    1 1372   29    0 74.0 90.0 1
    1 1401  138    5 36.0 87.0 1
    1 1004   78    0 52.0 90.0 1
    1 1385   70    0 55.0 90.0 1
    1  446   90   16 48.0 81.0 1
    1 1896  154   21 33.0 78.0 1
    1 2855   49    0 64.0 90.0 1
    1  457  104    2 44.0 89.0 1
    1 3526   84   19 50.0 79.0 1
    1  546  100   38 45.0 69.0 1
    1 1193   70   65 55.0 57.0 1
    1 2989  100   14 45.0 82.0 1
    1 1910  119   14 40.0 82.0 1
    1 3400  128   11 38.0 84.0 1
    1  745   67   29 56.0 74.0 1
    1 3328   34    0 71.0 90.0 0
    1 1370  104   19 44.0 79.0 1
    1 2820  111    0 42.0 90.0 1
    1 1334   42    0 67.0 90.0 1
    1 1337   58   42 60.0 67.0 1
    1  669   47    0 65.0 90.0 1
    1 1860   60   21 59.0 78.0 1
    1 3186   93   21 47.0 78.0 1
    1 1854  138   78 36.0 52.0 1
    1 2240   19    0 79.0 90.0 1
    1 2327  128    0 38.0 90.0 1
    1  518   81    0 51.0 90.0 1
    1  452  115   18 41.0 80.0 1
    1  766  123   29 39.0 74.0 1
    1 3153  128    0 38.0 90.0 1
    1 1701  119    0 40.0 90.0 1
    1 3476  111    0 42.0 90.0 1
    1  353   60   21 59.0 78.0 1
    1 1965   16    0 81.0 90.0 1
    1 3407   21    2 78.0 89.0 1
    1  471   38    0 69.0 90.0 1
    1 3375   62   14 58.0 82.0 1
    1 1404  104   70 44.0 55.0 0
    1 3168   90    0 48.0 90.0 1
    1 3334   97   60 46.0 59.0 1
    1  316   34   34 71.0 71.0 1
    1  962   32    0 72.0 90.0 1
    1  615   49   25 64.0 76.0 1
    1 2322   70    0 55.0 90.0 1
    1 3185   65   47 57.0 65.0 0
    1 1471  123    2 39.0 89.0 1
    1 2451   18    0 80.0 90.0 1
    1  432   49   16 64.0 81.0 1
    1  314  154    0 33.0 90.0 1
    1  514   38    0 69.0 90.0 1
    1 3379   90   78 48.0 52.0 1
    1 2826   12    9 83.0 85.0 1
    1  500   16    0 81.0 90.0 1
    1 2909   62   16 58.0 81.0 1
    1 2129    2    0 89.0 90.0 1
    1 2829  166   23 31.0 77.0 1
    1 1431  133   81 37.0 51.0 1
    1 2096   65   12 57.0 83.0 1
    1 2879   65   51 57.0 63.0 0
    1 2706   70   16 55.0 81.0 1
    1 1506   40    0 68.0 90.0 1
    1 2599  123    7 39.0 86.0 1
    1 3357   21    0 78.0 90.0 1
    1 3489  143   55 35.0 61.0 1
    1 1538   97    0 46.0 90.0 1
    1 2045  107   19 43.0 79.0 1
    1 2178  133   49 37.0 64.0 1
    1  819   81   45 51.0 66.0 1
    1 1438   90   11 48.0 84.0 1
    1 3355    2    0 89.0 90.0 1
    1 3550   23    0 77.0 90.0 1
    1 2138   93   18 47.0 80.0 1
    1 1979   67    9 56.0 85.0 0
    1 1151   55   23 61.0 77.0 1
    1  744  133   25 37.0 76.0 0
    1  732   45    0 66.0 90.0 1
    1 1346   70   58 55.0 60.0 1
    1 2272   16    0 81.0 90.0 1
    1 1451  138  123 36.0 39.0 1
    1 2534   87   16 49.0 81.0 1
    1 3083  160   87 32.0 49.0 1
    1 2482   93    0 47.0 90.0 1
    1 1594   75   21 53.0 78.0 1
    1 1024  148    0 34.0 90.0 1
    1  658   87    7 49.0 86.0 1
    1 2766   23    0 77.0 90.0 1
    1 2968  133   38 37.0 69.0 1
    1 2336   70   47 55.0 65.0 1
    1 2998  100    0 45.0 90.0 1
    1 1584   67   51 56.0 63.0 1
    1 1205  166  148 31.0 34.0 1
    1 2312   40    0 68.0 90.0 0
    1 2853   21    0 78.0 90.0 1
    1 1747    7    0 86.0 90.0 1
    1  519  166   18 31.0 80.0 1
    1 3487   58   21 60.0 78.0 0
    1 2017   65    0 57.0 90.0 1
    1 3403   97   16 46.0 81.0 1
    1 2921  154  143 33.0 35.0 1
    1 1213   62    0 58.0 90.0 1
    1 2688  154  111 33.0 42.0 1
    1 3269   29    0 74.0 90.0 1
    1 3201  138  111 36.0 42.0 1
    1  428   21   18 78.0 80.0 0
    1 1806   36    0 70.0 90.0 1
    1 2492  115   45 41.0 66.0 1
    1 1794   42   12 67.0 83.0 0
    1 1137  166   53 31.0 62.0 1
    1 1607  166   40 31.0 68.0 1
    1 1233  123   42 39.0 67.0 1
    1  393    2    0 89.0 90.0 1
    1 1156  133   81 37.0 51.0 1
    1  497  104    9 44.0 85.0 1
    1  877  173   27 30.0 75.0 1
    1 3271  173  100 30.0 45.0 1
    1 3204   29   23 74.0 77.0 1
    1  332  128   29 38.0 74.0 1
    1  934   73   27 54.0 75.0 1
    1  545   90   65 48.0 57.0 1
    1 2534  115   29 41.0 74.0 1
    1 1129   40    5 68.0 87.0 1
    1 1309   62    0 58.0 90.0 0
    1 1589  100   47 45.0 65.0 1
    1 1645  138  115 36.0 41.0 1
    1 2777  128    0 38.0 90.0 1
    1 2584  111   47 42.0 65.0 0
    1 3306   62    7 58.0 86.0 0
    1 2103  107   29 43.0 74.0 1
    1 2516    9    0 85.0 90.0 1
    1 2511   60   18 59.0 80.0 1
    1  420  104   18 44.0 80.0 1
    1 3468   70   31 55.0 73.0 1
    1 1444   73    0 54.0 90.0 0
    1 2763   67   53 56.0 62.0 1
    1  345   93   32 47.0 72.0 1
    1 2070   58   38 60.0 69.0 1
    1 1133   25   16 76.0 81.0 1
    1  372   40    0 68.0 90.0 1
    1 1907  104    0 44.0 90.0 1
    1 2456  154   70 33.0 55.0 1
    1 1862   47    0 65.0 90.0 1
    1 2456  115   58 41.0 60.0 1
    1  391   70   31 55.0 73.0 1
    1  631   23    0 77.0 90.0 1
    1 2364  154    0 33.0 90.0 1
    1  980   78   11 52.0 84.0 0
    1 2709  160   29 32.0 74.0 1
    1 1579  111    0 42.0 90.0 1
    1  339   53    2 62.0 89.0 1
    1 3171  138   45 36.0 66.0 1
    1 1903   93    0 47.0 90.0 1
    1  364   55   25 61.0 76.0 1
    1 1489   60    0 59.0 90.0 1
    1 2008    7    0 86.0 90.0 1
    1  485   65    0 57.0 90.0 1
    1 3329   34    0 71.0 90.0 1
    1 1423   75    2 53.0 89.0 1
    1 3502   27    3 75.0 88.0 1
    1 1112   18    3 80.0 88.0 1
    1 2063  133   51 37.0 63.0 1
    1 1575  138    0 36.0 90.0 1
    1 1794   12    0 83.0 90.0 1
    1 2736  133   93 37.0 47.0 1
    1 2577  111   93 42.0 47.0 0
    1  895   97    0 46.0 90.0 1
    1 1108  143    0 35.0 90.0 0
    1 1197  104    0 44.0 90.0 1
    1 1259  107   73 43.0 54.0 1
    1 2787   27   25 75.0 76.0 1
    1 2037   67   29 56.0 74.0 0
    1 1293   21    0 78.0 90.0 1
    1 3596    5    0 87.0 90.0 1
    1 2550   40   16 68.0 81.0 0
    1 1238   32    0 72.0 90.0 1
    1 3555   73    7 54.0 86.0 1
    1 2927   51   21 63.0 78.0 1
    1 1939   51   32 63.0 72.0 1
    1 3272  173   90 30.0 48.0 0
    1 3067   32    0 72.0 90.0 1
    1 1545   65    5 57.0 87.0 1
    1  653   32   23 72.0 77.0 1
    1 1611   87   36 49.0 70.0 1
    1 1822   97    0 46.0 90.0 1
    1 3509  111    0 42.0 90.0 1
    1 2990   21   12 78.0 83.0 1
    1 1219  111    0 42.0 90.0 1
    1 3404   34   32 71.0 72.0 1
    1 1717  115   93 41.0 47.0 1
    1 2838   60   31 59.0 73.0 1
    1 1605  104  100 44.0 45.0 1
    1  567   70    0 55.0 90.0 1
    1 2591  154    0 33.0 90.0 1
    1 1338  143   18 35.0 80.0 1
    1 2605   67    7 56.0 86.0 1
    1 2555  133   23 37.0 77.0 1
    1 3275   51   34 63.0 71.0 1
    1 2874  119    0 40.0 90.0 1
    1 1306  123    0 39.0 90.0 1
    1  958  143   27 35.0 75.0 1
    1  902   34   23 71.0 77.0 1
    1 2471   32    0 72.0 90.0 1
    1 1980  100    0 45.0 90.0 1
    1  310  100   36 45.0 70.0 1
    1 3162   62   51 58.0 63.0 1
    1  682   12   11 83.0 84.0 1
    1 3565  107   11 43.0 84.0 1
    1  580    3    0 88.0 90.0 1
    1 2265  123   42 39.0 67.0 1
    1 1212   47   12 65.0 83.0 1
    1 1626   84   21 50.0 78.0 1
    1 1822  148    0 34.0 90.0 1
    1 2787   27    0 75.0 90.0 1
    1 2374  148    0 34.0 90.0 1
    1 1065   34    0 71.0 90.0 1
    1 2314   90    0 48.0 90.0 1
    1 1998  173   23 30.0 77.0 1
    1 3162  173   81 30.0 51.0 1
    1 2158  166  138 31.0 36.0 1
    1 1815  133   12 37.0 83.0 1
    1 1561  107   47 43.0 65.0 1
    1 1967   49    0 64.0 90.0 1
    1 2343   58    0 60.0 90.0 1
    1 2734   38   14 69.0 82.0 1
    1 3383  160   16 32.0 81.0 1
    1 1925   25    3 76.0 88.0 1
    1 1903  100    0 45.0 90.0 1
    1  445  123   49 39.0 64.0 1
    1 1624  148    0 34.0 90.0 1
    1 2135   27    5 75.0 87.0 1
    1 3064   73    0 54.0 90.0 1
    1  423   70   25 55.0 76.0 1
    1  830    7    0 86.0 90.0 1
    1 1434   36    0 70.0 90.0 1
    1 2664   97   93 46.0 47.0 1
    1 1557  138   31 36.0 73.0 1
    1 2323  128  119 38.0 40.0 1
    1 2963   62    0 58.0 90.0 1
    1 1205   81   38 51.0 69.0 1
    1 1055   67   27 56.0 75.0 1
    1 1941   18    0 80.0 90.0 1
    1 2817  166  148 31.0 34.0 1
    1  475    3    0 88.0 90.0 1
    1 2891   67    0 56.0 90.0 1
    1 1759   67   18 56.0 80.0 1
    1 2798   73   42 54.0 67.0 1
    1 1008   25    3 76.0 88.0 1
    1 2060   29   16 74.0 81.0 1
    1 2235  138   18 36.0 80.0 1
    1 2514  133    0 37.0 90.0 1
    1 2528  115  107 41.0 43.0 1
    1 1136   62    0 58.0 90.0 1
    1 1223  133   12 37.0 83.0 1
    1  395  100    5 45.0 87.0 1
    1  314   58    0 60.0 90.0 1
    1 1513  166  138 31.0 36.0 1
    1 1049  173   38 30.0 69.0 1
    1  689   21    0 78.0 90.0 1
    1  588    2    0 89.0 90.0 1
    1 2334   14    9 82.0 85.0 0
    1  802   81    0 51.0 90.0 1
    1  427   67   47 56.0 65.0 1
    1 2331  123   62 39.0 58.0 1
    1 2202  166   19 31.0 79.0 1
    1 1565  119  104 40.0 44.0 1
    1 2942  111   81 42.0 51.0 1
    1 1643  119   84 40.0 50.0 0
    1 3510  123   87 39.0 49.0 1
    1 1951   67   58 56.0 60.0 1
    1  889   14    0 82.0 90.0 1
    1 2847   84    5 50.0 87.0 1
    1  356  123   38 39.0 69.0 1
    1 2793  148   36 34.0 70.0 1
    1 3589   67   14 56.0 82.0 1
    1 1103   78   75 52.0 53.0 1
    1 1424  104   12 44.0 83.0 1
    1 1484  107   25 43.0 76.0 0
    1 2663  160    0 32.0 90.0 1
    1 3315   38    9 69.0 85.0 1
    1 1135   55   49 61.0 64.0 1
    1 1001   78   70 52.0 55.0 1
    1  826   87   23 49.0 77.0 1
    1 1121  100   18 45.0 80.0 1
    1 1989   29    0 74.0 90.0 1
    1  958   73    0 54.0 90.0 1
    1 1823  160    0 32.0 90.0 0
    1 1078  123   84 39.0 50.0 1
    1 1512   67   12 56.0 83.0 1
    1 2336  128    0 38.0 90.0 1
    1 1590   40    0 68.0 90.0 1
    1 2993   62   45 58.0 66.0 0
    1 1577   21    0 78.0 90.0 1
    1 3324   90    0 48.0 90.0 1
    1 1691   73   25 54.0 76.0 0
    1 3015   93   18 47.0 80.0 1
    1  300  128   21 38.0 78.0 1
    1 1936  154    0 33.0 90.0 1
    1 1945  111   38 42.0 69.0 1
    1 1852   34   19 71.0 79.0 1
    1 1118   18    0 80.0 90.0 1
    1 3473  119   78 40.0 52.0 0
    1 1435  123   47 39.0 65.0 1
    1 2209   90    0 48.0 90.0 1
    1  306   58   40 60.0 68.0 1
    1 1818   60   47 59.0 65.0 0
    1 1183  143  128 35.0 38.0 1
    1  962   38    0 69.0 90.0 0
    1  876  154   25 33.0 76.0 1
    1 1200   38    0 69.0 90.0 0
    1 1139  154   45 33.0 66.0 1
    1 3319  111   62 42.0 58.0 1
    1 3178    7    2 86.0 89.0 1
    1 2462  166    0 31.0 90.0 1
    1 3137  166   78 31.0 52.0 1
    1 1083   31   19 73.0 79.0 1
    1 1282   81    0 51.0 90.0 0
    1 3241   73    0 54.0 90.0 1
    1 2425   55    0 61.0 90.0 1
    1 1431   90   40 48.0 68.0 1
    1 3419   38   32 69.0 72.0 1
    1  859   16    0 81.0 90.0 0
    1  863  173    7 30.0 86.0 1
    1 3352   67   11 56.0 84.0 1
    1 2769   75    0 53.0 90.0 1
    1  542   38   19 69.0 79.0 0
    1  491   65   34 57.0 71.0 1
    1 2922   34    3 71.0 88.0 1
    1 1133   49   34 64.0 71.0 1
    1  340  160    0 32.0 90.0 1
    1  820  133   47 37.0 65.0 1
    1 1400   73   27 54.0 75.0 1
    1 1953  115   47 41.0 65.0 1
    1 3149  133   32 37.0 72.0 1
    1 1145   19   18 79.0 80.0 1
