 500 500 500 129
    1  442   55   47 61.0 65.0 1
    1 1382   73   58 54.0 60.0 1
    1 2019  123    2 39.0 89.0 1
    1 1035  104   87 44.0 49.0 0
    1 3225  154   84 33.0 50.0 1
    1 1188  138   51 36.0 63.0 1
    1 3267   55   16 61.0 81.0 1
    1 2748  133   75 37.0 53.0 1
    1 3417  133   47 37.0 65.0 1
    1 2246   53    0 62.0 90.0 1
    1 1685  133    0 37.0 90.0 1
    1 1054   73    7 54.0 86.0 1
    1 2720   58    0 60.0 90.0 1
    1 2701    3    0 88.0 90.0 1
    1 1416  104   27 44.0 75.0 1
    1  801   27    3 75.0 88.0 1
    1  578   23    0 77.0 90.0 1
    1 2543   53    0 62.0 90.0 1
    1 1009   84    0 50.0 90.0 1
    1  319    2    0 89.0 90.0 1
    1  589  100   16 45.0 81.0 1
    1 2033   31   21 73.0 78.0 1
    1  498  111   40 42.0 68.0 1
    1 1570   81   38 51.0 69.0 1
    1 3026   67   67 56.0 56.0 1
    1 3362  119   16 40.0 81.0 1
    1 2598  128    5 38.0 87.0 1
    1  779  166   67 31.0 56.0 0
    1  692   38   19 69.0 79.0 1
    1 1461   81   55 51.0 61.0 1
    1  831   36    0 70.0 90.0 1
    1  477   47    0 65.0 90.0 1
    1  784  100   51 45.0 63.0 1
    1 1243  143    0 35.0 90.0 1
    1 1280   62    0 58.0 90.0 1
    1 1389   67    9 56.0 85.0 1
    1 1848   75    0 53.0 90.0 1
    1  940   49   45 64.0 66.0 1
    1 1254   31   14 73.0 82.0 1
    1 1940  107    0 43.0 90.0 1
    1 3318   84   51 50.0 63.0 1
    1 2846  138   49 36.0 64.0 1
    1  981   45    0 66.0 90.0 1
    1  446   14   11 82.0 84.0 1
    1 1330  111    2 42.0 89.0 1
    1 3232  160   23 32.0 77.0 1
    1 1515   18    0 80.0 90.0 1
    1 2277    7    0 86.0 90.0 1
    1 3124   60    0 59.0 90.0 1
    1 1640   78    0 52.0 90.0 1
    1 1072  111  104 42.0 44.0 1
    1 1610   19    0 79.0 90.0 1
    1  628   34    0 71.0 90.0 1
    1 2600  148  115 34.0 41.0 1
    1 2102   51   25 63.0 76.0 1
    1 2296   16   14 81.0 82.0 1
    1 3182   42    0 67.0 90.0 1
    1 2315   93    0 47.0 90.0 0
    1 1632   87    3 49.0 88.0 1
    1 2981   62   55 58.0 61.0 0
    1 3287   55   55 61.0 61.0 1
    1 2831    5    3 87.0 88.0 1
    1  311  115    0 41.0 90.0 1
    1 1639   84    0 50.0 90.0 1
    1 1784   65   45 57.0 66.0 1
    1 1916   36    0 70.0 90.0 0
    1 2166  154  115 33.0 41.0 1
    1 1570   73   42 54.0 67.0 1
    1  695   67    0 56.0 90.0 1
    1 1360  119   75 40.0 53.0 1
    1 1755  143   93 35.0 47.0 1
    1 3268  104   11 44.0 84.0 1
    1 1897    7    3 86.0 88.0 1
    1 1360   27    0 75.0 90.0 1
    1 2514   55    2 61.0 89.0 1
    1 2250  115   23 41.0 77.0 1
    1 1569   78   73 52.0 54.0 1
    1  607  104    0 44.0 90.0 0
    1 1736   19    0 79.0 90.0 1
    1 1426    5    0 87.0 90.0 1
    1 1965   38    3 69.0 88.0 1
    1 2891  166    0 31.0 90.0 1
    1 1462  115  100 41.0 45.0 1
    1 1000   40    0 68.0 90.0 1
    1 3175  160    0 32.0 90.0 1
    1  541   84   45 50.0 66.0 1
    1 3301  100   31 45.0 73.0 1
    1 2216   97   31 46.0 73.0 1
    1 1304  160   67 32.0 56.0 1
    1  403    3    3 88.0 88.0 1
    1 2948   70   53 55.0 62.0 1
    1 3359   60    2 59.0 89.0 1
    1 2388  166   34 31.0 71.0 1
    1 1519   38    0 69.0 90.0 1
    1 2545   58   23 60.0 77.0 1
    1 2617   78   32 52.0 72.0 0
    1 1864  160    0 32.0 90.0 1
    1 2457    9    0 85.0 90.0 1
    1  487   87   11 49.0 84.0 1
    1 2713  100    3 45.0 88.0 1
    1 2723  115   16 41.0 81.0 1
    1 1159  166  128 31.0 38.0 1
    1  586  119  100 40.0 45.0 1
    1 2578  104   81 44.0 51.0 1
    1 1853  160   75 32.0 53.0 1
    1 1067  143   75 35.0 53.0 1
    1  995   58   25 60.0 76.0 1
    1 2254   32    7 72.0 86.0 1
    1 1499   12    9 83.0 85.0 1
    1 3301   49    0 64.0 90.0 1
    1 1727  123    2 39.0 89.0 1
    1  963  138  133 36.0 37.0 1
    1 1028  123   67 39.0 56.0 1
    1 2460  166    0 31.0 90.0 1
    1 1307   51   49 63.0 64.0 1
    1 3001    7    3 86.0 88.0 1
    1 2330  123   81 39.0 51.0 1
    1 3241   12    0 83.0 90.0 1
    1 2627   84   36 50.0 70.0 1
    1 3192  111   73 42.0 54.0 1
    1 1534  166   49 31.0 64.0 1
    1  561  160  111 32.0 42.0 1
    1 2021   67    3 56.0 88.0 1
    1 2156  133   42 37.0 67.0 1
    1 2388  107   53 43.0 62.0 1
    1 2609  107   23 43.0 77.0 1
    1 2412   14    0 82.0 90.0 1
    1 3469    3    0 88.0 90.0 1
    1 2439   49   27 64.0 75.0 1
    1 1032  166    0 31.0 90.0 1
    1 1903   73    7 54.0 86.0 1
    1 3504  104   25 44.0 76.0 1
    1 3508   47    0 65.0 90.0 1
    1  850   27    0 75.0 90.0 1
    1 3119  115  104 41.0 44.0 1
    1  535    2    0 89.0 90.0 0
    1 2215   53   23 62.0 77.0 1
    1 3373  173   81 30.0 51.0 1
    1 3034  128   70 38.0 55.0 1
    1 1282  100    0 45.0 90.0 0
    1 1677  107   36 43.0 70.0 1
    1 3062  100   32 45.0 72.0 1
    1 2342   51    0 63.0 90.0 1
    1 2800  148   42 34.0 67.0 1
    1 2954  133   25 37.0 76.0 1
    1  908   49   32 64.0 72.0 1
    1 2367    5    0 87.0 90.0 1
    1 2679  123   81 39.0 51.0 1
    1 3096   87   53 49.0 62.0 1
    1  561   93   65 47.0 57.0 1
    1 1240   23    0 77.0 90.0 1
    1 3211   42    0 67.0 90.0 1
    1 2786  115   49 41.0 64.0 1
    1 1833   29   21 74.0 78.0 1
    1 2016  138    0 36.0 90.0 1
    1  867   55    0 61.0 90.0 1
    1 1891   32    0 72.0 90.0 1
    1 2954   60   29 59.0 74.0 1
    1  363   73    0 54.0 90.0 1
    1 3415  138   14 36.0 82.0 1
    1  878  119   42 40.0 67.0 1
    1 1739   78   70 52.0 55.0 1
    1 1599   19    0 79.0 90.0 1
    1 2736  100   58 45.0 60.0 1
    1 2163   40   12 68.0 83.0 1
    1 2130   78   45 52.0 66.0 1
    1 3252  119    7 40.0 86.0 1
    1 1709   81   19 51.0 79.0 1
    1  605   81   75 51.0 53.0 1
    1 3388   18    0 80.0 90.0 1
    1 2740   19    0 79.0 90.0 1
    1  982  166   38 31.0 69.0 1
    1  301   32    0 72.0 90.0 1
    1 3263  154   53 33.0 62.0 0
    1 1207   42   32 67.0 72.0 1
    1  509   47    0 65.0 90.0 1
    1 3502   58   16 60.0 81.0 1
    1 3406   62   32 58.0 72.0 1
    1 1353  173    0 30.0 90.0 1
    1 3372   29    0 74.0 90.0 1
    1 1594  154  111 33.0 42.0 1
    1 1769   14    5 82.0 87.0 1
    1 3409   84   42 50.0 67.0 0
    1 2623   78    0 52.0 90.0 1
    1  538   32    0 72.0 90.0 1
    1  652   11    0 84.0 90.0 1
    1 1280   62   18 58.0 80.0 1
    1  574  154   31 33.0 73.0 1
    1 1392   55   29 61.0 74.0 1
    1  405   51   12 63.0 83.0 1
    1 3456  104    0 44.0 90.0 1
    1 3254   47   16 65.0 81.0 1
    1 1476   78   12 52.0 83.0 1
    1 1714   31    0 73.0 90.0 1
    1  468   75    0 53.0 90.0 0
    1 1003  107    0 43.0 90.0 1
    1 3077  104   75 44.0 53.0 1
    1 2764   87    0 49.0 90.0 1
    1 3478  148   23 34.0 77.0 0
    1 2302   87   60 49.0 59.0 0
    1 1578   34    0 71.0 90.0 1
    1  773   36    0 70.0 90.0 1
    1 3304  100   75 45.0 53.0 1
    1 2542   73   45 54.0 66.0 1
    1 3136   14    0 82.0 90.0 1
    1  894  119  100 40.0 45.0 1
    1  880  166   93 31.0 47.0 1
    1 1489   78   21 52.0 78.0 1
    1 2477    3    0 88.0 90.0 1
    1 3145  128  107 38.0 43.0 1
    1 2331   70    3 55.0 88.0 1
    1 2885  111   32 42.0 72.0 1
    1 2210   51   45 63.0 66.0 1
    1 1684   40   29 68.0 74.0 1
    1 3160   81   53 51.0 62.0 1
    1 2005  111    0 42.0 90.0 1
    1 2267  173   90 30.0 48.0 1
    1  675   23    0 77.0 90.0 1
    1 2239  107   67 43.0 56.0 1
    1 2066  100   84 45.0 50.0 1
    1 1316  107   34 43.0 71.0 1
    1  659   19    0 79.0 90.0 1
    1  991  107   70 43.0 55.0 1
    1 1538   75   18 53.0 80.0 1
    1 1283   27    0 75.0 90.0 1
    1 3187  173    0 30.0 90.0 1
    1 2553   38    0 69.0 90.0 1
    1 2062   51    0 63.0 90.0 0
    1 2291   73    0 54.0 90.0 1
    1 3148  148  107 34.0 43.0 1
    1 1180   81   70 51.0 55.0 1
    1 2787  143    0 35.0 90.0 1
    1 3000   53    0 62.0 90.0 1
    1 1009    3    0 88.0 90.0 1
    1 1617   67    5 56.0 87.0 1
    1 2032  148   25 34.0 76.0 1
    1 1268   90   60 48.0 59.0 1
    1  692  154   65 33.0 57.0 1
    1 2122   81   23 51.0 77.0 1
    1 2269   11    0 84.0 90.0 1
    1  337   34   18 71.0 80.0 1
    1 1538   97   73 46.0 54.0 1
    1  602   25   19 76.0 79.0 1
    1 3216   93   12 47.0 83.0 1
    1 1862   75    0 53.0 90.0 1
    1 2723   55   47 61.0 65.0 1
    1 3093   78   55 52.0 61.0 1
    1 3563  119  115 40.0 41.0 1
    1 2912   84    0 50.0 90.0 1
    1  441   97    7 46.0 86.0 1
    1 3535  104    0 44.0 90.0 1
    1 2695   97    7 46.0 86.0 1
    1 1939   31   27 73.0 75.0 1
    1  690  107   84 43.0 50.0 0
    1 1750   87   14 49.0 82.0 1
    1 1490   47   42 65.0 67.0 1
    1 2929  119   34 40.0 71.0 1
    1 3270   45   11 66.0 84.0 1
    1 1150  154   45 33.0 66.0 1
    1 1213  166    2 31.0 89.0 1
    1  879  107   55 43.0 61.0 1
    1  482  115    0 41.0 90.0 1
    1 2305   78    0 52.0 90.0 1
    1 3319   51    0 63.0 90.0 1
    1 1135  138   31 36.0 73.0 0
    1 2645  173    7 30.0 86.0 1
    1 2109  166    0 31.0 90.0 1
    1 1225  119    0 40.0 90.0 1
    1 1524    3    0 88.0 90.0 1
    1 1794   11    0 84.0 90.0 1
    1  979   31   18 73.0 80.0 1
    1 2870  138  119 36.0 40.0 0
    1 3038   73    0 54.0 90.0 0
    1 1762   55    0 61.0 90.0 1
    1 1837   25   16 76.0 81.0 1
    1 3043   18    0 80.0 90.0 1
    1 2974   25    0 76.0 90.0 1
    1 3292   45    0 66.0 90.0 1
    1 1391   78   60 52.0 59.0 1
    1 2371   40   32 68.0 72.0 1
    1 2075   87   12 49.0 83.0 1
    1  974   21    0 78.0 90.0 1
    1 1972  128   84 38.0 50.0 1
    1 1237   31    2 73.0 89.0 1
    1 1406   97   51 46.0 63.0 1
    1 3446   34    0 71.0 90.0 1
    1  841  107   87 43.0 49.0 1
    1 2376   65   16 57.0 81.0 1
    1 2831   47    0 65.0 90.0 1
    1 3322    5    0 87.0 90.0 1
    1 3230  166  115 31.0 41.0 1
    1 3599  133   31 37.0 73.0 0
    1  359  104    0 44.0 90.0 1
    1 3087  160  148 32.0 34.0 1
    1 1727  115   27 41.0 75.0 0
    1 1174  133    3 37.0 88.0 1
    1 1321   84   81 50.0 51.0 1
    1 3598   87    0 49.0 90.0 1
    1 2948  111   81 42.0 51.0 0
    1  980   31    3 73.0 88.0 1
    1 1411   51    0 63.0 90.0 1
    1  462  138    0 36.0 90.0 1
    1 3082  173  143 30.0 35.0 1
    1 2254    3    0 88.0 90.0 0
    1 2964   87   42 49.0 67.0 1
    1 2208   60    0 59.0 90.0 1
    1 1341   55   32 61.0 72.0 1
    1 2756  111   90 42.0 48.0 1
    1 3430   65   14 57.0 82.0 1
    1 2877   11    9 84.0 85.0 1
    1 1651  133   51 37.0 63.0 1
    1 1127   21    0 78.0 90.0 1
    1 2371    9    0 85.0 90.0 1
    1 3023   38   31 69.0 73.0 1
    1 3071  100   12 45.0 83.0 1
    1 1726   70    0 55.0 90.0 1
    1 1810   60    0 59.0 90.0 1
    1 3324   18    0 80.0 90.0 1
    1 3591   73   25 54.0 76.0 1
    1  948   67   34 56.0 71.0 1
    1  799   19    0 79.0 90.0 1
    1 2966  133   51 37.0 63.0 1
    1 2803    7    0 86.0 90.0 1
    1  463   84   42 50.0 67.0 1
    1 2672  173    5 30.0 87.0 1
    1 1305  111   18 42.0 80.0 1
    1 1956  154   47 33.0 65.0 1
    1  599    9    0 85.0 90.0 1
    1 3322   23    0 77.0 90.0 1
    1 1220   40   34 68.0 71.0 1
    1 1261   84   62 50.0 58.0 1
    1 2357  173  133 30.0 37.0 1
    1 3069   78    0 52.0 90.0 1
    1 3272   32    0 72.0 90.0 1
    1 1088   93   70 47.0 55.0 1
    1 2620   34    0 71.0 90.0 1
    1 3162    9    0 85.0 90.0 0
    1 1421  154   81 33.0 51.0 1
    1 3076   75    0 53.0 90.0 0
    1  899  119   60 40.0 59.0 1
    1  651  128    0 38.0 90.0 1
    1 2314  107   58 43.0 60.0 1
    1 2020   16    7 81.0 86.0 1
    1 3013   93   47 47.0 65.0 1
    1 1443   38    0 69.0 90.0 1
    1 1560  148   34 34.0 71.0 1
    1 2189   73    7 54.0 86.0 1
    1  842  104   45 44.0 66.0 1
    1  391   67   36 56.0 70.0 1
    1  554  107    0 43.0 90.0 1
    1 2141   75   36 53.0 70.0 1
    1 2771   49   18 64.0 80.0 1
    1 1327   73   49 54.0 64.0 0
    1 1242  173    0 30.0 90.0 1
    1 1651   47   42 65.0 67.0 0
    1  893   65    0 57.0 90.0 1
    1  762  173    0 30.0 90.0 0
    1 1309   81   14 51.0 82.0 1
    1 1522  111   70 42.0 55.0 1
    1 2472   32    0 72.0 90.0 1
    1 3276   73   19 54.0 79.0 1
    1 2296  173    0 30.0 90.0 1
    1 1568  107   67 43.0 56.0 1
    1 1746   67   45 56.0 66.0 1
    1  393  119   42 40.0 67.0 1
    1 1049   81    0 51.0 90.0 1
    1 1006  143    3 35.0 88.0 0
    1  363   49    7 64.0 86.0 1
    1 1797   51    0 63.0 90.0 1
    1 2074   84   53 50.0 62.0 1
    1 1726  173    0 30.0 90.0 1
    1  483   19    0 79.0 90.0 1
    1 3543  128    0 38.0 90.0 1
    1 1799   75    0 53.0 90.0 1
    1 3585  133    0 37.0 90.0 1
    1 3355   70   36 55.0 70.0 1
    1  578  115   87 41.0 49.0 0
    1  852  128  100 38.0 45.0 1
    1  708  166  160 31.0 32.0 1
    1 2527   65    0 57.0 90.0 1
    1 2502   97    0 46.0 90.0 1
    1 2747   21    0 78.0 90.0 1
    1 3100  123   55 39.0 61.0 1
    1 1942  173    0 30.0 90.0 0
    1 1605   58    0 60.0 90.0 1
    1 3285  107    0 43.0 90.0 1
    1  552   58   14 60.0 82.0 1
    1 1764  138   58 36.0 60.0 1
    1 1632   75    5 53.0 87.0 1
    1 1862  138    0 36.0 90.0 1
    1 3417   40    9 68.0 85.0 1
    1 1756   34    7 71.0 86.0 1
    1 1554  104  100 44.0 45.0 1
    1 1685  119    0 40.0 90.0 1
    1 2468  160    0 32.0 90.0 1
    1 2084    9    0 85.0 90.0 1
    1 3463   36   14 70.0 82.0 1
    1 2903   90   19 48.0 79.0 1
    1 1659  154    0 33.0 90.0 1
    1 3564   11    0 84.0 90.0 0
    1  999   40    0 68.0 90.0 1
    1 1882  173    2 30.0 89.0 1
    1 1495   45   21 66.0 78.0 1
    1  749   75   62 53.0 58.0 1
    1 2985  133   23 37.0 77.0 1
    1 1941  138  100 36.0 45.0 1
    1 1146  166    0 31.0 90.0 1
    1 2793   81   36 51.0 70.0 1
    1 3139   55    0 61.0 90.0 1
    1 3391   14    0 82.0 90.0 1
    1 2394   29    9 74.0 85.0 0
    1 2020    9    0 85.0 90.0 1
    1 1964   40    0 68.0 90.0 0
    1  569  111   60 42.0 59.0 1
    1 1249   90   14 48.0 82.0 1
    1 2244  115   23 41.0 77.0 1
    1 2349   45   12 66.0 83.0 1
    1 3541   90   23 48.0 77.0 1
    1 3145   58    0 60.0 90.0 1
    1  644  115    0 41.0 90.0 1
    1 2020   60    0 59.0 90.0 1
    1 2480  143  107 35.0 43.0 1
    1 2949   29    0 74.0 90.0 1
    1  996   49    0 64.0 90.0 1
    1 2742   45    0 66.0 90.0 1
    1  801  119   70 40.0 55.0 1
    1 3282    9    0 85.0 90.0 1
    1 1541   90   87 48.0 49.0 1
    1  303   67    0 56.0 90.0 1
    1 2544   42   14 67.0 82.0 1
    1 2446  173    0 30.0 90.0 1
    1 1431   11    0 84.0 90.0 0
    1 1234   40    0 68.0 90.0 1
    1 1046   49    0 64.0 90.0 1
    1  651  173   12 30.0 83.0 1
    1 1854  138   19 36.0 79.0 0
    1  919   78   55 52.0 61.0 0
    1 2944   84   73 50.0 54.0 1
    1 2710   49   45 64.0 66.0 1
    1 1940  111   42 42.0 67.0 1
    1 1649   97    7 46.0 86.0 1
    1 2061   93   32 47.0 72.0 1
    1 2861   81   18 51.0 80.0 1
    1  700   49    0 64.0 90.0 1
    1 2478  115   78 41.0 52.0 1
    1 2876   47    0 65.0 90.0 1
    1 1970   49    0 64.0 90.0 1
    1 1259   65   14 57.0 82.0 1
    1  534  111    0 42.0 90.0 1
    1 1758   45    0 66.0 90.0 1
    1 1043  128  115 38.0 41.0 1
    1 1980  111    0 42.0 90.0 1
    1  495   25   19 76.0 79.0 1
    1 2667   19    0 79.0 90.0 1
    1 1189  166    0 31.0 90.0 1
    1 2009   62    0 58.0 90.0 1
    1  922   67   55 56.0 61.0 1
    1 2861  104   19 44.0 79.0 1
    1 1288   55    0 61.0 90.0 0
    1 2010  133  123 37.0 39.0 1
    1 2417  123   18 39.0 80.0 1
    1 2811  128    0 38.0 90.0 1
    1 2540    9    0 85.0 90.0 1
    1  773  100   19 45.0 79.0 1
    1 1298   29    5 74.0 87.0 1
    1 2334   34    2 71.0 89.0 1
    1 1619   31   27 73.0 75.0 1
    1  964   27    0 75.0 90.0 1
    1 2593   25   12 76.0 83.0 1
    1 2092  100   51 45.0 63.0 1
    1 1713  138   40 36.0 68.0 1
    1 2191  115   58 41.0 60.0 1
    1 2122   27    0 75.0 90.0 1
    1  925   78   16 52.0 81.0 1
    1 2876  173   27 30.0 75.0 1
    1 2847   97    0 46.0 90.0 1
    1 3275  143   21 35.0 78.0 0
    1 1392   23   11 77.0 84.0 1
    1 1144   55    0 61.0 90.0 1
    1  368   36    0 70.0 90.0 1
    1  765   51    0 63.0 90.0 1
    1 1299   45    0 66.0 90.0 1
    1  465   34   16 71.0 81.0 0
    1 2288  138    0 36.0 90.0 0
    1 1492   29    0 74.0 90.0 1
    1 1049   23    0 77.0 90.0 1
    1 1126   14    9 82.0 85.0 1
    1 2191   65   34 57.0 71.0 1
    1 1145  148    0 34.0 90.0 1
    1  823   97    0 46.0 90.0 0
    1  931   29    9 74.0 85.0 1
    1 1615   97    7 46.0 86.0 1
    1 1422   62    0 58.0 90.0 1
    1 2331  100    0 45.0 90.0 1
    1 1299    9    0 85.0 90.0 1
    1 2851   60   45 59.0 66.0 0
    1 2455   18    0 80.0 90.0 1
    1  602   23    9 77.0 85.0 1
    1 3599   78   53 52.0 62.0 1
    1  747  160   31 32.0 73.0 1
