 500 500 500 129
    1 3100  166  107 31.0 43.0 0
    1 2715   42   34 67.0 71.0 1
    1 1999   97   87 46.0 49.0 1
    1  588  173   19 30.0 79.0 1
    1 1495   93   21 47.0 78.0 0
    1 1603   60   40 59.0 68.0 0
    1  801   31    9 73.0 85.0 1
    1 3421   36    0 70.0 90.0 1
    1  448   75   19 53.0 79.0 1
    1 2611   38   34 69.0 71.0 0
    1 2862  107    0 43.0 90.0 1
    1 2249    2    0 89.0 90.0 1
    1  418  154    0 33.0 90.0 1
    1 1667   65   53 57.0 62.0 0
    1 2799  119   67 40.0 56.0 1
    1 3224  154    0 33.0 90.0 1
    1  400  143   36 35.0 70.0 0
    1 1758   34    0 71.0 90.0 1
    1 2588  128   16 38.0 81.0 1
    1  343  123    0 39.0 90.0 1
    1 1024  138   14 36.0 82.0 1
    1 1273   75    0 53.0 90.0 0
    1  925   27    0 75.0 90.0 1
    1 2401   47   14 65.0 82.0 1
    1 1440  154   42 33.0 67.0 1
    1 1111   62    0 58.0 90.0 1
    1 2439  128    0 38.0 90.0 0
    1 2723  160   19 32.0 79.0 1
    1 2235  119   87 40.0 49.0 1
    1 3588   11    2 84.0 89.0 1
    1 1243  104   45 44.0 66.0 1
    1 1043  143   11 35.0 84.0 1
    1 2058   14    5 82.0 87.0 1
    1 1974   62   60 58.0 59.0 1
    1 3316   90   27 48.0 75.0 1
    1 2584  111   90 42.0 48.0 1
    1 1499  123    0 39.0 90.0 1
    1 3367  166   62 31.0 58.0 0
    1 2842   65   23 57.0 77.0 1
    1 1849  173  173 30.0 30.0 1
    1 1502  133    0 37.0 90.0 1
    1  383   97   58 46.0 60.0 1
    1 1789   23    0 77.0 90.0 0
    1  667   21   11 78.0 84.0 1
    1 1700   90   51 48.0 63.0 1
    1 3386  148    0 34.0 90.0 1
    1  424   53    0 62.0 90.0 0
    1 2708  107   84 43.0 50.0 1
    1 2108  133   23 37.0 77.0 1
    1 1158  100   36 45.0 70.0 1
    1 3130   70   65 55.0 57.0 1
    1 1204   60   23 59.0 77.0 1
    1 2326  123   90 39.0 48.0 1
    1  875   25   21 76.0 78.0 1
    1 2973  166   65 31.0 57.0 1
    1 2188  115   12 41.0 83.0 1
    1 1609   78   27 52.0 75.0 1
    1 3380   42   14 67.0 82.0 1
    1 3042   67   31 56.0 73.0 1
    1  596   65   55 57.0 61.0 1
    1 3236   29   23 74.0 77.0 1
    1 2453    5    3 87.0 88.0 1
    1 1886   93   38 47.0 69.0 1
    1 1228   12    0 83.0 90.0 1
    1 2014   42   34 67.0 71.0 1
    1 1692   97   34 46.0 71.0 1
    1 1414  138    0 36.0 90.0 1
    1  448   70   11 55.0 84.0 1
    1 2153  160   14 32.0 82.0 1
    1 1713   73    0 54.0 90.0 1
    1 2878  128  107 38.0 43.0 0
    1 2324   70   29 55.0 74.0 1
    1  673   55   53 61.0 62.0 1
    1 3525   14    0 82.0 90.0 1
    1 1897   84    5 50.0 87.0 1
    1 3529   75   27 53.0 75.0 1
    1 2686   14    7 82.0 86.0 1
    1 3415  148   27 34.0 75.0 0
    1 2108   55    0 61.0 90.0 1
    1  893   93    0 47.0 90.0 1
    1 1246   42    0 67.0 90.0 1
    1 3093   25    0 76.0 90.0 1
    1  682   23    0 77.0 90.0 0
    1  401   49   47 64.0 65.0 1
    1  378   18    0 80.0 90.0 1
    1 1344  123    0 39.0 90.0 1
    1  428   73   53 54.0 62.0 0
    1  720  154  115 33.0 41.0 1
    1 1910   29   29 74.0 74.0 1
    1 3027   73    5 54.0 87.0 1
    1 1621  148   67 34.0 56.0 1
    1  653  166    0 31.0 90.0 1
    1 1604   23    0 77.0 90.0 1
    1  425   81    0 51.0 90.0 1
    1 3492  160   34 32.0 71.0 1
    1  629   84   12 50.0 83.0 1
    1 2752   97   53 46.0 62.0 1
    1 1097  148  119 34.0 40.0 1
    1  968   45    0 66.0 90.0 1
    1  482   55   53 61.0 62.0 1
    1 2952   87    7 49.0 86.0 1
    1 2039  173   97 30.0 46.0 1
    1 3115  115  100 41.0 45.0 1
    1 2439    7    0 86.0 90.0 1
    1 2601  123    0 39.0 90.0 1
    1 3489  166  100 31.0 45.0 1
    1  415  100   73 45.0 54.0 1
    1 2287   19    5 79.0 87.0 1
    1 1512   55   16 61.0 81.0 1
    1 1507  173  154 30.0 33.0 1
    1 2156   19   14 79.0 82.0 1
    1  684  166    0 31.0 90.0 1
    1 2411   47    0 65.0 90.0 1
    1 1890  128    0 38.0 90.0 1
    1  752   11    0 84.0 90.0 1
    1 3109   55    0 61.0 90.0 1
    1 1940   73   55 54.0 61.0 1
    1 1144  173  107 30.0 43.0 1
    1  528  128   93 38.0 47.0 0
    1 1508   78   40 52.0 68.0 1
    1 2729   38   14 69.0 82.0 1
    1 2096   81   78 51.0 52.0 1
    1 2399   65   45 57.0 66.0 1
    1  534  111   38 42.0 69.0 1
    1 1461  123  104 39.0 44.0 1
    1 2209   87   67 49.0 56.0 1
    1 1576   42    0 67.0 90.0 1
    1 1069  143   27 35.0 75.0 1
    1 2181   53    0 62.0 90.0 1
    1 1310  128   90 38.0 48.0 1
    1 2216   25    0 76.0 90.0 1
    1 1092   73   55 54.0 61.0 1
    1 1403  107   25 43.0 76.0 1
    1 2533   55    0 61.0 90.0 1
    1  667    5    0 87.0 90.0 1
    1 1936  173   90 30.0 48.0 1
    1 3135   75    0 53.0 90.0 1
    1 1763   31    5 73.0 87.0 1
    1 1847  138   38 36.0 69.0 1
    1 3139   34    2 71.0 89.0 1
    1 1588    9    0 85.0 90.0 1
    1 2670    3    0 88.0 90.0 1
    1 2209  148   49 34.0 64.0 1
    1 2912  115   70 41.0 55.0 1
    1 2059  128    0 38.0 90.0 1
    1 2186  138   11 36.0 84.0 1
    1  979  138    5 36.0 87.0 1
    1 3488   34    0 71.0 90.0 1
    1 3582   87   75 49.0 53.0 1
    1 2047  148    0 34.0 90.0 1
    1 2100  123  100 39.0 45.0 1
    1  468   81    0 51.0 90.0 1
    1 3021  104    9 44.0 85.0 1
    1  458    3    0 88.0 90.0 1
    1 1046   78    0 52.0 90.0 1
    1 2446   12    0 83.0 90.0 1
    1  801  160   73 32.0 54.0 1
    1 3434  143  138 35.0 36.0 1
    1  912   97    0 46.0 90.0 1
    1 2728   14    7 82.0 86.0 1
    1  503   90   19 48.0 79.0 1
    1 1421    5    0 87.0 90.0 1
    1 2337  119   25 40.0 76.0 1
    1 2936  104   47 44.0 65.0 1
    1 2545  119  115 40.0 41.0 1
    1 3242   84    2 50.0 89.0 1
    1 2108  133    0 37.0 90.0 1
    1 2361   40   16 68.0 81.0 1
    1 1958  128   34 38.0 71.0 1
    1 1383   81   25 51.0 76.0 1
    1 1941   84    0 50.0 90.0 0
    1 1037   47    3 65.0 88.0 1
    1 1484   51    0 63.0 90.0 1
    1  936  166    0 31.0 90.0 1
    1  925   36   21 70.0 78.0 1
    1 2968  173   23 30.0 77.0 1
    1 2572  100   42 45.0 67.0 1
    1 1521  107    0 43.0 90.0 1
    1  918  160   53 32.0 62.0 1
    1 1252  104    0 44.0 90.0 1
    1  637  128    0 38.0 90.0 1
    1 3047   70   53 55.0 62.0 1
    1 1320   97   27 46.0 75.0 1
    1 3390  107   38 43.0 69.0 1
    1  792  166   55 31.0 61.0 0
    1 3231   78   67 52.0 56.0 1
    1 2404  123   18 39.0 80.0 1
    1 1901   32    0 72.0 90.0 1
    1 2733   25    0 76.0 90.0 1
    1  765  148   73 34.0 54.0 1
    1 2466  119   18 40.0 80.0 0
    1 1250   51   42 63.0 67.0 1
    1  567   58   11 60.0 84.0 1
    1 1860   78   62 52.0 58.0 1
    1 2679   31    0 73.0 90.0 1
    1  370   70   31 55.0 73.0 1
    1 2828   67    3 56.0 88.0 1
    1 2573  138   36 36.0 70.0 1
    1  746   78    0 52.0 90.0 1
    1  789   16    0 81.0 90.0 1
    1 3324  143   31 35.0 73.0 1
    1  352  119   23 40.0 77.0 1
    1 2100  100    0 45.0 90.0 1
    1 3580  115    0 41.0 90.0 1
    1 2232  138   23 36.0 77.0 1
    1  648   19    7 79.0 86.0 1
    1 1660   45    0 66.0 90.0 1
    1  605   21   12 78.0 83.0 0
    1 1323  143   36 35.0 70.0 1
    1 1246   84   19 50.0 79.0 0
    1 2022   73   25 54.0 76.0 1
    1  611  133   81 37.0 51.0 1
    1 1272    2    0 89.0 90.0 1
    1 3574   34   32 71.0 72.0 1
    1  446  160   49 32.0 64.0 1
    1 1734   47    0 65.0 90.0 1
    1 2854   75   36 53.0 70.0 1
    1 1309   93    9 47.0 85.0 1
    1 2164    3    0 88.0 90.0 1
    1  313   29    0 74.0 90.0 1
    1 2727  148    0 34.0 90.0 0
    1  747   40   16 68.0 81.0 1
    1 3547   27    0 75.0 90.0 1
    1  568    7    0 86.0 90.0 1
    1 2867   75   31 53.0 73.0 1
    1  602   75   55 53.0 61.0 1
    1 2083   47    0 65.0 90.0 1
    1 2780   75    0 53.0 90.0 1
    1 2648   42    0 67.0 90.0 1
    1  356   25    0 76.0 90.0 1
    1  482  138   21 36.0 78.0 1
    1 1113   90   36 48.0 70.0 1
    1 1276    7    0 86.0 90.0 1
    1 2352  160   84 32.0 50.0 1
    1 1267   55    0 61.0 90.0 1
    1 2864   45   12 66.0 83.0 1
    1  525   12    0 83.0 90.0 1
    1 1129   38    0 69.0 90.0 1
    1 2032   55   45 61.0 66.0 1
    1 2810  111  104 42.0 44.0 1
    1 1464    7    0 86.0 90.0 1
    1 2932  166    0 31.0 90.0 1
    1 2922   93   84 47.0 50.0 1
    1 1916  148   73 34.0 54.0 1
    1 1950  148   27 34.0 75.0 1
    1 1715   73    9 54.0 85.0 1
    1 2878   40    0 68.0 90.0 1
    1 3042  166   16 31.0 81.0 1
    1 2743   78   11 52.0 84.0 1
    1 2130  128   16 38.0 81.0 1
    1 3116   18    0 80.0 90.0 1
    1  854   55   51 61.0 63.0 1
    1 1339  111  104 42.0 44.0 1
    1 1472   31   23 73.0 77.0 1
    1  888   36   12 70.0 83.0 1
    1 1051  111   87 42.0 49.0 1
    1  698   97   73 46.0 54.0 0
    1 1693   55   11 61.0 84.0 1
    1 3155  119   78 40.0 52.0 1
    1 1556    9    0 85.0 90.0 1
    1  789   87   42 49.0 67.0 1
    1 2273  143  123 35.0 39.0 1
    1 1770  173   47 30.0 65.0 1
    1 2920  100   25 45.0 76.0 1
    1 3558   29    0 74.0 90.0 1
    1 1773   45    0 66.0 90.0 1
    1 2444   75    0 53.0 90.0 1
    1 2320   55    0 61.0 90.0 1
    1 2636   90   73 48.0 54.0 1
    1 3086  138    0 36.0 90.0 1
    1 3033   47    0 65.0 90.0 1
    1 1767   49   31 64.0 73.0 1
    1 2919  148   58 34.0 60.0 1
    1 2138    3    0 88.0 90.0 1
    1 1484   31   12 73.0 83.0 1
    1 2830   55   49 61.0 64.0 1
    1 1979   73   70 54.0 55.0 1
    1 3518  128   25 38.0 76.0 1
    1 1736    5    0 87.0 90.0 0
    1  737  160  107 32.0 43.0 1
    1 2193   16    7 81.0 86.0 1
    1 3398   70    0 55.0 90.0 1
    1 2533    7    0 86.0 90.0 1
    1 3228   21   16 78.0 81.0 1
    1 3436    9    0 85.0 90.0 1
    1 1076  148   55 34.0 61.0 1
    1 2527  143  133 35.0 37.0 1
    1 3047   97    0 46.0 90.0 1
    1 1379  115   75 41.0 53.0 0
    1 1386  104    2 44.0 89.0 1
    1 1493   21   14 78.0 82.0 1
    1 1037  123   75 39.0 53.0 1
    1 2960   55   36 61.0 70.0 1
    1  543   62    0 58.0 90.0 1
    1 2406   67    0 56.0 90.0 0
    1 2984  160   16 32.0 81.0 1
    1 1646   49    0 64.0 90.0 1
    1  856   27   19 75.0 79.0 1
    1 2932  104   51 44.0 63.0 1
    1 1342   55   42 61.0 67.0 1
    1 3129   78   38 52.0 69.0 1
    1 3127  123   12 39.0 83.0 1
    1  911  166    0 31.0 90.0 1
    1 1876  115    2 41.0 89.0 1
    1  626   62   51 58.0 63.0 1
    1  879   12    0 83.0 90.0 1
    1 2159  133    0 37.0 90.0 1
    1  711   49   32 64.0 72.0 1
    1 3050   31    0 73.0 90.0 1
    1  937   97   29 46.0 74.0 0
    1 3499   23    0 77.0 90.0 1
    1 3325   47    0 65.0 90.0 1
    1 3566   51   19 63.0 79.0 1
    1 2179   81    0 51.0 90.0 1
    1 1656   21    0 78.0 90.0 0
    1 1388  143   11 35.0 84.0 1
    1 3460   75    0 53.0 90.0 1
    1 3218   27    0 75.0 90.0 1
    1 3308  148  100 34.0 45.0 1
    1 3089  138   65 36.0 57.0 1
    1 1792   75   45 53.0 66.0 1
    1 2217   73   16 54.0 81.0 1
    1 3331  111   81 42.0 51.0 1
    1 3051   16    0 81.0 90.0 1
    1 1329   70   29 55.0 74.0 0
    1 2069   78    0 52.0 90.0 1
    1  432   90   11 48.0 84.0 1
    1 3269  115   60 41.0 59.0 0
    1 2398   70    7 55.0 86.0 1
    1 2686   53   31 62.0 73.0 1
    1  397  100   31 45.0 73.0 1
    1  589   42   36 67.0 70.0 1
    1 2358   58   14 60.0 82.0 1
    1 2500  104   60 44.0 59.0 0
    1 2035   58   32 60.0 72.0 1
    1 2242  133    0 37.0 90.0 0
    1 2270   97   27 46.0 75.0 1
    1  592  123    7 39.0 86.0 1
    1  450   90   53 48.0 62.0 1
    1 2525  160  123 32.0 39.0 1
    1 2976   16    0 81.0 90.0 1
    1 2713   87   51 49.0 63.0 1
    1 2777   49    0 64.0 90.0 1
    1 1628   65   36 57.0 70.0 1
    1  762   78   27 52.0 75.0 1
    1 1104   87    0 49.0 90.0 1
    1 1199  123    0 39.0 90.0 1
    1  698  104   65 44.0 57.0 1
    1 3235   78    0 52.0 90.0 1
    1 3196  138   19 36.0 79.0 1
    1 3262   84   75 50.0 53.0 0
    1 2117   47   19 65.0 79.0 1
    1 2348   12    0 83.0 90.0 1
    1  762  119   42 40.0 67.0 1
    1 1076   53    0 62.0 90.0 0
    1 3054  107   84 43.0 50.0 1
    1  630  107   42 43.0 67.0 1
    1 2233   75   49 53.0 64.0 1
    1 2546   60   12 59.0 83.0 0
    1 2702  173   45 30.0 66.0 1
    1 2948  115    0 41.0 90.0 1
    1 3262  104  100 44.0 45.0 1
    1 2479   25    0 76.0 90.0 1
    1 2691  143   40 35.0 68.0 1
    1 1120   84   70 50.0 55.0 1
    1  704  133   70 37.0 55.0 1
    1  734  111   19 42.0 79.0 0
    1  457  107   53 43.0 62.0 0
    1 2060   73    0 54.0 90.0 1
    1  929    5    0 87.0 90.0 0
    1  421   31    0 73.0 90.0 1
    1 1919   84   23 50.0 77.0 0
    1 2547  166   11 31.0 84.0 1
    1 1332  154  143 33.0 35.0 1
    1 1887   45   25 66.0 76.0 1
    1 2233   97   34 46.0 71.0 1
    1  806  119    0 40.0 90.0 1
    1 3216   19    2 79.0 89.0 1
    1 3253   62   38 58.0 69.0 1
    1 2483   51   38 63.0 69.0 1
    1 2995  133   23 37.0 77.0 1
    1 3521  119   12 40.0 83.0 1
    1 2087   42   36 67.0 70.0 1
    1 1995   90   75 48.0 53.0 1
    1  428   97   19 46.0 79.0 1
    1  933   40    0 68.0 90.0 0
    1 1569   62   38 58.0 69.0 1
    1 1797  115    7 41.0 86.0 1
    1 1286    7    0 86.0 90.0 1
    1 1227   19    0 79.0 90.0 1
    1 3246  160    0 32.0 90.0 0
    1 2808  133    0 37.0 90.0 1
    1 1087  143   23 35.0 77.0 1
    1 2201  123  100 39.0 45.0 1
    1  712  143   18 35.0 80.0 0
    1 3464   75   27 53.0 75.0 1
    1 2396   73    0 54.0 90.0 1
    1 3361    9    0 85.0 90.0 1
    1 1535   93    3 47.0 88.0 1
    1 3036  104   23 44.0 77.0 1
    1 2521   81    0 51.0 90.0 1
    1 1885  119   78 40.0 52.0 1
    1 2374  166  143 31.0 35.0 1
    1 1939  148    9 34.0 85.0 1
    1 2745   40    0 68.0 90.0 1
    1 2805   18    0 80.0 90.0 1
    1 3558   73   36 54.0 70.0 1
    1 2124   93   78 47.0 52.0 1
    1 2666   14    0 82.0 90.0 1
    1  645   87   21 49.0 78.0 1
    1 2828  128   40 38.0 68.0 1
    1 2110  173  107 30.0 43.0 1
    1 1642   42    0 67.0 90.0 1
    1 1543   65    0 57.0 90.0 1
    1 2729   51    0 63.0 90.0 0
    1 1328  173   81 30.0 51.0 1
    1 3157  115   75 41.0 53.0 1
    1 1983   31    0 73.0 90.0 1
    1 1141   47   36 65.0 70.0 0
    1 2176  133   78 37.0 52.0 1
    1  663  173  107 30.0 43.0 0
    1 2365  128    7 38.0 86.0 1
    1 3323    2    0 89.0 90.0 1
    1  802   93   78 47.0 52.0 1
    1  810  173   11 30.0 84.0 1
    1  317  154    0 33.0 90.0 0
    1 2702   90   51 48.0 63.0 1
    1 1577   97   58 46.0 60.0 1
    1 2974   73    0 54.0 90.0 0
    1  482   21    0 78.0 90.0 1
    1 3447   97   93 46.0 47.0 1
    1 1882  107    0 43.0 90.0 1
    1  552  123   58 39.0 60.0 1
    1 1554   31   14 73.0 82.0 1
    1 3203   55   21 61.0 78.0 1
    1 2645   42   42 67.0 67.0 1
    1  372  100   29 45.0 74.0 1
    1  503   40    0 68.0 90.0 0
    1 1122  115   45 41.0 66.0 1
    1 2890  138   36 36.0 70.0 1
    1 1988  154    0 33.0 90.0 1
    1  842  173   49 30.0 64.0 1
    1  757  166   65 31.0 57.0 1
    1 3442   65    0 57.0 90.0 1
    1 2864   27   21 75.0 78.0 1
    1 2541   75   47 53.0 65.0 1
    1 3464   36    3 70.0 88.0 0
    1 1393   60   21 59.0 78.0 1
    1 2561   70   19 55.0 79.0 1
    1 1676  166  133 31.0 37.0 1
    1 1315   93   40 47.0 68.0 1
    1 2186    3    0 88.0 90.0 0
    1 2633  138    0 36.0 90.0 1
    1  796  148    0 34.0 90.0 1
    1 3089  123   93 39.0 47.0 1
    1 2485   70   29 55.0 74.0 1
    1 3546  104   47 44.0 65.0 1
    1 3054   93   29 47.0 74.0 1
    1 1017  128   31 38.0 73.0 0
    1 3232   70    0 55.0 90.0 0
    1 3292   27   16 75.0 81.0 1
    1 1938  107    2 43.0 89.0 1
    1  505   93   90 47.0 48.0 1
    1  426  143    0 35.0 90.0 1
    1 1109   70    7 55.0 86.0 0
    1  874  128   49 38.0 64.0 1
    1  738  128    0 38.0 90.0 1
    1 2945   11    3 84.0 88.0 1
    1 3257   18    7 80.0 86.0 0
    1 1916   90   70 48.0 55.0 1
    1  480  119   73 40.0 54.0 1
    1  333    9    0 85.0 90.0 1
    1 1386   45    0 66.0 90.0 1
    1 2759   58   40 60.0 68.0 0
    1  470   67    0 56.0 90.0 1
    1 3070    9    0 85.0 90.0 1
    1 2573   34    0 71.0 90.0 1
    1 1105  154   90 33.0 48.0 1
    1 1628   36    9 70.0 85.0 0
    1  980   45   34 66.0 71.0 1
    1  736  154   78 33.0 52.0 0
    1 2160  111   42 42.0 67.0 1
    1  858  128  123 38.0 39.0 1
    1 1321  154   25 33.0 76.0 1
    1 2890   87    9 49.0 85.0 0
    1 2533  107   23 43.0 77.0 1
    1  998   81   49 51.0 64.0 1
    1  692   60   55 59.0 61.0 0
    1 2563  143   32 35.0 72.0 1
    1 1649  119   87 40.0 49.0 1
    1 1102  104   42 44.0 67.0 1
    1  333   51   40 63.0 68.0 1
    1  322  115   42 41.0 67.0 1
    1  914   78   60 52.0 59.0 0
    1 3567  111    0 42.0 90.0 1
    1  594  104    2 44.0 89.0 0
    1 1134   67    0 56.0 90.0 0
    1 1321  148  143 34.0 35.0 1
    1 1613  119   47 40.0 65.0 1
    1 3068   34   27 71.0 75.0 1
