 500 500 500 129
    1  831   27   18 75.0 80.0 1
    1 2500   36   31 70.0 73.0 1
    1 3238   23    0 77.0 90.0 1
    1 2785   47   11 65.0 84.0 1
    1 1341   90   78 48.0 52.0 1
    1 1535   67   60 56.0 59.0 1
    1 2120  148   14 34.0 82.0 1
    1 3263  138    0 36.0 90.0 1
    1  374   42    0 67.0 90.0 1
    1  935  133   93 37.0 47.0 1
    1 2622   75    0 53.0 90.0 1
    1 1773   62    0 58.0 90.0 1
    1 3462   47    0 65.0 90.0 1
    1 1203   58   16 60.0 81.0 1
    1 1945  138  107 36.0 43.0 1
    1 1358   84   11 50.0 84.0 1
    1 1426  119   38 40.0 69.0 1
    1 2452  104   58 44.0 60.0 1
    1 1036   73   42 54.0 67.0 0
    1 1665  148   21 34.0 78.0 1
    1 3051   84    0 50.0 90.0 0
    1 2404  119   58 40.0 60.0 1
    1 2405   87    0 49.0 90.0 1
    1 2039  104    3 44.0 88.0 1
    1 2351   75    0 53.0 90.0 1
    1 3385   21   16 78.0 81.0 1
    1  810  138   58 36.0 60.0 1
    1 3338   70   65 55.0 57.0 1
    1 1531    3    0 88.0 90.0 1
    1 3040  107    0 43.0 90.0 1
    1 2311  119   29 40.0 74.0 1
    1 3269   78    0 52.0 90.0 1
    1 2456   78    0 52.0 90.0 1
    1 3313   51   40 63.0 68.0 1
    1 1311   51   51 63.0 63.0 1
    1 2462   14    3 82.0 88.0 1
    1 2498   97   11 46.0 84.0 1
    1 1974   14    3 82.0 88.0 1
    1  908   34    0 71.0 90.0 1
    1 3333  119   40 40.0 68.0 1
    1 2625  100   87 45.0 49.0 1
    1  774  154    0 33.0 90.0 0
    1 3563   31   16 73.0 81.0 1
    1 1953  104    0 44.0 90.0 1
    1 1908   75   73 53.0 54.0 1
    1  750   87   70 49.0 55.0 1
    1 2201   40   16 68.0 81.0 1
    1  490  123  111 39.0 42.0 1
    1 3012   51   42 63.0 67.0 1
    1 3316   90   84 48.0 50.0 0
    1 1726  119   29 40.0 74.0 1
    1 2121   62   40 58.0 68.0 1
    1 3564   23    2 77.0 89.0 1
    1 3500   97    0 46.0 90.0 1
    1 2439   55   12 61.0 83.0 1
    1 1760  138    0 36.0 90.0 1
    1 2913   18    0 80.0 90.0 1
    1 2657  148    5 34.0 87.0 1
    1 2173   97    0 46.0 90.0 1
    1  522   62   31 58.0 73.0 1
    1 3069   87    3 49.0 88.0 1
    1 1646    5    0 87.0 90.0 1
    1  554   51    0 63.0 90.0 1
    1 2962   81   70 51.0 55.0 1
    1 1327   62    9 58.0 85.0 1
    1 1092  104   47 44.0 65.0 1
    1  985   73    0 54.0 90.0 1
    1 3084   60   31 59.0 73.0 1
    1 2902  133   47 37.0 65.0 1
    1  974   97    9 46.0 85.0 1
    1 3264   84   23 50.0 77.0 1
    1 3156  160   25 32.0 76.0 1
    1 2272   25    0 76.0 90.0 1
    1  573  143   73 35.0 54.0 1
    1 1049  154    0 33.0 90.0 1
    1  509   93   16 47.0 81.0 1
    1 2137   90    0 48.0 90.0 1
    1 2440  166  104 31.0 44.0 1
    1 2941   60   47 59.0 65.0 1
    1  382  111   49 42.0 64.0 0
    1 2511    3    0 88.0 90.0 1
    1 2052   97   42 46.0 67.0 1
    1 2814  104    0 44.0 90.0 1
    1  331   65   32 57.0 72.0 1
    1  936   75   38 53.0 69.0 1
    1 2197    9    0 85.0 90.0 1
    1  508   93   49 47.0 64.0 1
    1 2175  104   62 44.0 58.0 0
    1 3406   18    0 80.0 90.0 1
    1 3081   19   19 79.0 79.0 1
    1 1358  128    0 38.0 90.0 1
    1 1440   97   47 46.0 65.0 1
    1  695   40   18 68.0 80.0 1
    1 3415   67   18 56.0 80.0 1
    1 1510  107    9 43.0 85.0 1
    1 2175   53    0 62.0 90.0 1
    1 3276   36   23 70.0 77.0 1
    1 2170  128  123 38.0 39.0 1
    1 1931  133   55 37.0 61.0 1
    1 2373   93    0 47.0 90.0 1
    1 2093  148   25 34.0 76.0 1
    1 3318  128    0 38.0 90.0 1
    1  609   38   18 69.0 80.0 1
    1 3493    2    0 89.0 90.0 1
    1  435   31    0 73.0 90.0 1
    1 3369  128   18 38.0 80.0 1
    1 2563   93   34 47.0 71.0 1
    1 2678   93    0 47.0 90.0 1
    1 3493   29   23 74.0 77.0 1
    1 2828   25    0 76.0 90.0 1
    1 1696   31    3 73.0 88.0 1
    1  555   45    5 66.0 87.0 1
    1  888   32    0 72.0 90.0 1
    1 2386   75    0 53.0 90.0 1
    1 1209  143  119 35.0 40.0 1
    1 1701  143   51 35.0 63.0 1
    1  358  123   14 39.0 82.0 1
    1 1509  115    0 41.0 90.0 1
    1 2023    3    0 88.0 90.0 1
    1 3015  173  107 30.0 43.0 1
    1 2074   90   53 48.0 62.0 1
    1 1003   87   47 49.0 65.0 1
    1 1564   31    2 73.0 89.0 0
    1 3494   65   55 57.0 61.0 1
    1 3157   55   31 61.0 73.0 1
    1 2446   75   55 53.0 61.0 1
    1  603   62   49 58.0 64.0 1
    1  515   81    0 51.0 90.0 1
    1 1339   62   49 58.0 64.0 1
    1 3515   51   38 63.0 69.0 0
    1 2969   23    0 77.0 90.0 1
    1 1596   49    0 64.0 90.0 1
    1 2748  154  148 33.0 34.0 1
    1 1458  154   11 33.0 84.0 1
    1 1794  115    0 41.0 90.0 1
    1  314   23    3 77.0 88.0 1
    1 1556   93   45 47.0 66.0 1
    1 1419   42    0 67.0 90.0 1
    1 1467  128   25 38.0 76.0 1
    1 2082  111    0 42.0 90.0 1
    1 2483  173  104 30.0 44.0 1
    1  521   97   29 46.0 74.0 1
    1 3193  173   78 30.0 52.0 1
    1 1798   97   87 46.0 49.0 1
    1 2341  166   58 31.0 60.0 1
    1 2437  107    0 43.0 90.0 1
    1 2358   55    0 61.0 90.0 1
    1 2282  148   65 34.0 57.0 1
    1 1263  100   12 45.0 83.0 1
    1 2699   25    0 76.0 90.0 1
    1 1073  166   38 31.0 69.0 1
    1 1953   70    9 55.0 85.0 1
    1 2686  128   27 38.0 75.0 1
    1 1402   90    0 48.0 90.0 1
    1 1824   90   11 48.0 84.0 1
    1 2552   49    0 64.0 90.0 1
    1  683   97    0 46.0 90.0 1
    1 1259  115    0 41.0 90.0 1
    1 3270  123    0 39.0 90.0 0
    1 2744   93   67 47.0 56.0 1
    1 2193   93    0 47.0 90.0 1
    1 2129   23    9 77.0 85.0 1
    1 1435   32    0 72.0 90.0 1
    1 2537   40   25 68.0 76.0 1
    1 2498   60   18 59.0 80.0 1
    1 2705  148    0 34.0 90.0 1
    1 3517   97    0 46.0 90.0 1
    1 1561   65   25 57.0 76.0 1
    1 2897  138    0 36.0 90.0 1
    1 2880   84   32 50.0 72.0 1
    1 2998   62    0 58.0 90.0 1
    1 3192   90   55 48.0 61.0 1
    1 1933   65   21 57.0 78.0 1
    1  371  173    0 30.0 90.0 1
    1 2317   70    0 55.0 90.0 1
    1 3565   65    0 57.0 90.0 1
    1  784   93    0 47.0 90.0 1
    1 1861  154   93 33.0 47.0 1
    1  476   34    0 71.0 90.0 1
    1  558  148  104 34.0 44.0 1
    1 2512  160   84 32.0 50.0 1
    1 3219   87   11 49.0 84.0 1
    1 1073   21    0 78.0 90.0 1
    1 2857   97   70 46.0 55.0 1
    1 3310   81   34 51.0 71.0 1
    1 2066  166  111 31.0 42.0 1
    1 2159   21    5 78.0 87.0 1
    1 2883   87    0 49.0 90.0 1
    1 2457   19    0 79.0 90.0 1
    1 3397   67   34 56.0 71.0 1
    1 3381   55   12 61.0 83.0 1
    1  774   32    0 72.0 90.0 1
    1  709    5    0 87.0 90.0 1
    1  601    5    0 87.0 90.0 0
    1  407  111   73 42.0 54.0 1
    1 1069  128    0 38.0 90.0 1
    1 2514   18    3 80.0 88.0 1
    1 1351  115   31 41.0 73.0 1
    1 2218   67    0 56.0 90.0 1
    1 3104   27   25 75.0 76.0 1
    1 2172   58    0 60.0 90.0 1
    1 1242  104   31 44.0 73.0 1
    1  577   12    0 83.0 90.0 1
    1 2631   75    0 53.0 90.0 1
    1 2904   31    0 73.0 90.0 1
    1  986   23   18 77.0 80.0 1
    1 2065   45   21 66.0 78.0 1
    1 2158   75    0 53.0 90.0 1
    1 1300  119  100 40.0 45.0 1
    1 1447   73   58 54.0 60.0 1
    1 1091   73   42 54.0 67.0 1
    1 1287   73    0 54.0 90.0 1
    1 3276  166   78 31.0 52.0 1
    1 1710   32   18 72.0 80.0 1
    1 1222   45   34 66.0 71.0 1
    1 2064  115   42 41.0 67.0 1
    1 1471    7    2 86.0 89.0 1
    1 1109  160    2 32.0 89.0 1
    1 2962   11    0 84.0 90.0 1
    1 1518  154   75 33.0 53.0 1
    1 2124    7    0 86.0 90.0 1
    1  515   27    0 75.0 90.0 0
    1  665   42   14 67.0 82.0 1
    1 2274   18    5 80.0 87.0 1
    1 3329   25   19 76.0 79.0 0
    1 1826  123   23 39.0 77.0 1
    1 2441   84    0 50.0 90.0 1
    1 3463  123   16 39.0 81.0 1
    1 2387   36    0 70.0 90.0 1
    1  782  100   40 45.0 68.0 1
    1  586   19   18 79.0 80.0 1
    1 1275   81    0 51.0 90.0 1
    1  321   42    7 67.0 86.0 0
    1 2248  173   34 30.0 71.0 0
    1 3139   75   27 53.0 75.0 1
    1  538   23    0 77.0 90.0 0
    1  690  128   16 38.0 81.0 1
    1 2542  173   19 30.0 79.0 1
    1 1573   81   53 51.0 62.0 1
    1 2012   45    0 66.0 90.0 1
    1 2855   36    0 70.0 90.0 1
    1  866   11    0 84.0 90.0 1
    1 1067  128   45 38.0 66.0 1
    1 2906   73   27 54.0 75.0 1
    1 1110  111   12 42.0 83.0 1
    1  563  148   40 34.0 68.0 1
    1  547   51   14 63.0 82.0 1
    1 3457   55   49 61.0 64.0 1
    1  403   81   36 51.0 70.0 1
    1 2314  128   81 38.0 51.0 1
    1 2540   49   29 64.0 74.0 1
    1  612   29    2 74.0 89.0 1
    1 2693    7    0 86.0 90.0 1
    1 2430   87    0 49.0 90.0 1
    1 1819  173   47 30.0 65.0 1
    1 1362   60    0 59.0 90.0 1
    1  627   23   18 77.0 80.0 1
    1 1659  154   11 33.0 84.0 1
    1 2414   75   32 53.0 72.0 1
    1  311   81   47 51.0 65.0 1
    1 3449   60   23 59.0 77.0 1
    1 1035   55   14 61.0 82.0 1
    1 1785  143    0 35.0 90.0 1
    1 1644  154    5 33.0 87.0 1
    1 2189   11    0 84.0 90.0 1
    1  398   81    2 51.0 89.0 1
    1 1538   29    0 74.0 90.0 1
    1 1756   51    2 63.0 89.0 0
    1 2277   84    0 50.0 90.0 1
    1 3472   53    0 62.0 90.0 1
    1 1278  133   38 37.0 69.0 1
    1 3581    7    0 86.0 90.0 1
    1 2934   47    0 65.0 90.0 1
    1 2566  148   14 34.0 82.0 1
    1 2166   58    0 60.0 90.0 1
    1 3145   55    0 61.0 90.0 1
    1 1790   25    0 76.0 90.0 1
    1  438   73    0 54.0 90.0 1
    1 1016   78    9 52.0 85.0 1
    1 2193  160  119 32.0 40.0 1
    1 1979   58   16 60.0 81.0 1
    1 1854  143   53 35.0 62.0 1
    1 2277   23    7 77.0 86.0 1
    1 3341  133   51 37.0 63.0 1
    1 1877  154   87 33.0 49.0 0
    1 3365   70    0 55.0 90.0 1
    1 2496  133  111 37.0 42.0 1
    1 1933   65   31 57.0 73.0 1
    1 1823    9    0 85.0 90.0 1
    1  742   62    0 58.0 90.0 1
    1 3251   27    0 75.0 90.0 1
    1 3332  111    0 42.0 90.0 1
    1 3499   42    0 67.0 90.0 1
    1 2562  111    0 42.0 90.0 1
    1 1582  173   32 30.0 72.0 1
    1  869   67    0 56.0 90.0 0
    1 3393   53   40 62.0 68.0 1
    1  367   84    0 50.0 90.0 1
    1 2587   14    0 82.0 90.0 1
    1 1290   78   45 52.0 66.0 1
    1 2886   45    0 66.0 90.0 1
    1 1220   42    3 67.0 88.0 1
    1 2260   29    0 74.0 90.0 1
    1  397   60    0 59.0 90.0 1
    1  368   55    3 61.0 88.0 0
    1 1884   97   84 46.0 50.0 1
    1 3479  154   25 33.0 76.0 1
    1 2377    5    0 87.0 90.0 1
    1 2309   32    0 72.0 90.0 1
    1 3572   31   27 73.0 75.0 1
    1 2728  160   73 32.0 54.0 1
    1  771  133    0 37.0 90.0 0
    1 1946    3    0 88.0 90.0 0
    1  957   70   53 55.0 62.0 1
    1 3507   58    0 60.0 90.0 1
    1 1124   75    0 53.0 90.0 0
    1 1006   84    0 50.0 90.0 1
    1 1211   40    9 68.0 85.0 1
    1 2920  107   87 43.0 49.0 0
    1 3463   31    0 73.0 90.0 1
    1  631   42   25 67.0 76.0 1
    1  429    7    0 86.0 90.0 1
    1 3296   21   16 78.0 81.0 1
    1 3442   93    0 47.0 90.0 1
    1 1642   47   14 65.0 82.0 1
    1 2914   93   53 47.0 62.0 1
    1 3238  111   87 42.0 49.0 1
    1 1549  148    0 34.0 90.0 1
    1 3581  123   73 39.0 54.0 1
    1 1905   58   11 60.0 84.0 1
    1 3569   70   16 55.0 81.0 1
    1 2338   87   25 49.0 76.0 1
    1 3499   65    0 57.0 90.0 1
    1 1700   25    0 76.0 90.0 1
    1  642  115   31 41.0 73.0 1
    1 1468  143   19 35.0 79.0 1
    1 2231    2    0 89.0 90.0 1
    1 3058   58   38 60.0 69.0 1
    1 2753  160  123 32.0 39.0 1
    1 1213  160    0 32.0 90.0 1
    1 2921   25   12 76.0 83.0 1
    1 2748   16   11 81.0 84.0 1
    1 1871  104   84 44.0 50.0 1
    1  777  138   93 36.0 47.0 1
    1 3124  154    5 33.0 87.0 1
    1 2066  107   67 43.0 56.0 1
    1 3324   97   73 46.0 54.0 1
    1 2179   67    0 56.0 90.0 1
    1  696  111   21 42.0 78.0 1
    1 1137   70   60 55.0 59.0 0
    1  358    2    0 89.0 90.0 1
    1 1639   62   38 58.0 69.0 0
    1 1272   32    9 72.0 85.0 1
    1 3455  143   93 35.0 47.0 1
    1 2715  111   16 42.0 81.0 1
    1 2393   12    0 83.0 90.0 1
    1 3055  119    0 40.0 90.0 1
    1 1156   73    0 54.0 90.0 1
    1 2662  123  111 39.0 42.0 1
    1 1577  115    0 41.0 90.0 1
    1 1001   38    0 69.0 90.0 1
    1 1296   53   16 62.0 81.0 1
    1  509  104  100 44.0 45.0 0
    1  787  107   36 43.0 70.0 1
    1  727  166    9 31.0 85.0 1
    1 2496  160   84 32.0 50.0 1
    1 1243  154   60 33.0 59.0 0
    1 2907  128   19 38.0 79.0 1
    1 1815   73   70 54.0 55.0 1
    1 1511   90    0 48.0 90.0 1
    1 2226   32    0 72.0 90.0 1
    1 1432   11    0 84.0 90.0 1
    1  317   53   51 62.0 63.0 1
    1 2847  138  100 36.0 45.0 1
    1 1845   75    0 53.0 90.0 1
    1 1367   58   21 60.0 78.0 1
    1 1893  123   25 39.0 76.0 1
    1 3238   36   32 70.0 72.0 1
    1 3261  148   12 34.0 83.0 1
    1 2866  148   29 34.0 74.0 0
    1 1470   62   11 58.0 84.0 1
    1 1532   42   29 67.0 74.0 1
    1 1185   36    0 70.0 90.0 1
    1  539   32    0 72.0 90.0 1
    1  467  133   23 37.0 77.0 0
    1  788   78   12 52.0 83.0 0
    1 2187   25   18 76.0 80.0 1
    1 2682  173  104 30.0 44.0 1
    1  569   18    7 80.0 86.0 1
    1 2702  160   12 32.0 83.0 1
    1 2126  173   55 30.0 61.0 1
    1 1204  107  107 43.0 43.0 1
    1 1843  107   12 43.0 83.0 1
    1  607   60   55 59.0 61.0 1
    1  892   58   19 60.0 79.0 1
    1  496  133    2 37.0 89.0 1
    1 3491  133   47 37.0 65.0 1
    1  861   93   62 47.0 58.0 1
    1 2122  111    0 42.0 90.0 1
    1 3401  123    0 39.0 90.0 1
    1 1851   51    0 63.0 90.0 1
    1 1076   51    9 63.0 85.0 0
    1 2853  160   25 32.0 76.0 1
    1 2090  173   81 30.0 51.0 1
    1 1212   65   31 57.0 73.0 1
    1 1555  160   67 32.0 56.0 0
    1 3213   60    0 59.0 90.0 1
    1 1760   53   49 62.0 64.0 1
    1 1086  133    0 37.0 90.0 1
    1 2762   25    0 76.0 90.0 1
    1 1395  104    0 44.0 90.0 1
    1 1217  104    0 44.0 90.0 1
    1 2481   78    7 52.0 86.0 1
    1 1421   84   16 50.0 81.0 1
    1 1205   12    0 83.0 90.0 1
    1 1272   62    0 58.0 90.0 1
    1  316   40    0 68.0 90.0 1
    1 2664  104    7 44.0 86.0 1
    1 1274   73    5 54.0 87.0 1
    1 1499  154   18 33.0 80.0 1
    1  409   81    3 51.0 88.0 1
    1 2504  133   23 37.0 77.0 1
    1 3242   45   18 66.0 80.0 1
    1 3148  143   97 35.0 46.0 1
    1 1358   70    0 55.0 90.0 1
    1 2458  148   40 34.0 68.0 1
    1 2546   36   25 70.0 76.0 1
    1 1045   14    0 82.0 90.0 1
    1 2426   49    0 64.0 90.0 0
    1 2096  154   47 33.0 65.0 1
    1 1357   38    2 69.0 89.0 1
    1 2784  133    0 37.0 90.0 1
    1 1572  148    0 34.0 90.0 1
    1  615  154    0 33.0 90.0 1
    1 1327  138   62 36.0 58.0 1
    1 1510  100   18 45.0 80.0 1
    1 2130  160   90 32.0 48.0 1
    1  905   90   87 48.0 49.0 1
    1 2565  123   29 39.0 74.0 1
    1 3376  173   19 30.0 79.0 1
    1 1679  123   38 39.0 69.0 1
    1 3353   27   27 75.0 75.0 1
    1 1952   27    5 75.0 87.0 1
    1 2993   90    9 48.0 85.0 1
    1  850  138   31 36.0 73.0 0
    1 1679   27    0 75.0 90.0 1
    1 2686   62   14 58.0 82.0 1
    1 3415    3    0 88.0 90.0 1
    1 2425   75   19 53.0 79.0 1
    1 3314   60   25 59.0 76.0 1
    1 2975  123   21 39.0 78.0 1
    1 1741  128  115 38.0 41.0 1
    1 3526    5    2 87.0 89.0 1
    1  584    5    2 87.0 89.0 1
    1  362  138   40 36.0 68.0 1
    1 1819  115    3 41.0 88.0 1
    1  795  111    0 42.0 90.0 1
    1  418  160    0 32.0 90.0 0
    1  534  104   40 44.0 68.0 1
    1  639   38   12 69.0 83.0 1
    1 2103   67   27 56.0 75.0 1
    1 1872   25    5 76.0 87.0 1
    1  930   84   21 50.0 78.0 1
    1 2416  128   12 38.0 83.0 1
    1 1156   55   49 61.0 64.0 1
    1  977   97    0 46.0 90.0 1
    1 2803    7    0 86.0 90.0 1
    1 1798   19   18 79.0 80.0 1
    1 1799   81   42 51.0 67.0 1
    1 3432  143   78 35.0 52.0 0
    1 1404   49   45 64.0 66.0 1
    1 2402   84   21 50.0 78.0 1
    1  926   19    0 79.0 90.0 1
    1 3037   97    0 46.0 90.0 0
    1  643  123   87 39.0 49.0 1
    1 1909  166   40 31.0 68.0 1
    1 3278  104   29 44.0 74.0 1
    1 3306   45   31 66.0 73.0 1
    1 2549  107   70 43.0 55.0 1
    1 1849    7    0 86.0 90.0 0
    1 1870  143   70 35.0 55.0 1
    1 2847   19    2 79.0 89.0 0
    1 1930   70   32 55.0 72.0 1
    1 3202  148  138 34.0 36.0 0
    1 2693   55    0 61.0 90.0 1
    1 2420   42   36 67.0 70.0 1
    1 2033   25   21 76.0 78.0 1
    1 2060    7    0 86.0 90.0 1
    1  351   75    3 53.0 88.0 1
    1 1658   51   36 63.0 70.0 1
    1 1560  138    3 36.0 88.0 1
    1 2666   29    7 74.0 86.0 1
    1 1107  104    3 44.0 88.0 1
    1 2635  154   97 33.0 46.0 1
    1 3581   21    0 78.0 90.0 1
    1 1574   84    0 50.0 90.0 1
    1 2098  100   38 45.0 69.0 0
    1 1318  100   78 45.0 52.0 1
    1 3057   42    2 67.0 89.0 1
    1 1002   49   42 64.0 67.0 1
