 500 500 500 129
    1 3068   75    0 53.0 90.0 1
    1 1716   70   29 55.0 74.0 1
    1  644  100   45 45.0 66.0 0
    1 3202   51    0 63.0 90.0 1
    1 2532  111    0 42.0 90.0 1
    1 2488   49   45 64.0 66.0 1
    1  771   34    0 71.0 90.0 1
    1 2198   84   11 50.0 84.0 1
    1  699   27    0 75.0 90.0 1
    1 2567  123  107 39.0 43.0 1
    1 1787  143  104 35.0 44.0 1
    1 3387  128   11 38.0 84.0 1
    1 2957   62   58 58.0 60.0 1
    1 2369   70    2 55.0 89.0 1
    1 1437  115   62 41.0 58.0 1
    1 2988   40   12 68.0 83.0 1
    1  548   58   34 60.0 71.0 1
    1 3418   11    0 84.0 90.0 1
    1  601   78    9 52.0 85.0 1
    1 3372   97   60 46.0 59.0 1
    1 1644   73    0 54.0 90.0 1
    1  935  133   67 37.0 56.0 0
    1 3590   55   38 61.0 69.0 1
    1 3371   36    2 70.0 89.0 1
    1  983   81    0 51.0 90.0 1
    1 3119   29    0 74.0 90.0 1
    1 1736  107    0 43.0 90.0 1
    1 2069   73   62 54.0 58.0 1
    1 2425  100    0 45.0 90.0 1
    1 3269   70   21 55.0 78.0 1
    1  395   75    3 53.0 88.0 1
    1 2938  107    0 43.0 90.0 1
    1 1628   19    0 79.0 90.0 1
    1  621   47   25 65.0 76.0 1
    1 2222   97   65 46.0 57.0 1
    1 2155  128    7 38.0 86.0 1
    1 2131   55    0 61.0 90.0 1
    1  943   62   25 58.0 76.0 1
    1 1327   62   49 58.0 64.0 1
    1 1723   36    0 70.0 90.0 0
    1 1396  143    0 35.0 90.0 1
    1 3576   60   40 59.0 68.0 1
    1 3536  119    0 40.0 90.0 1
    1 2383   81   62 51.0 58.0 1
    1 1009  104    0 44.0 90.0 1
    1  484  133    0 37.0 90.0 1
    1  822   90    0 48.0 90.0 1
    1 3595   25   12 76.0 83.0 1
    1  960   47    0 65.0 90.0 1
    1 2423   31    0 73.0 90.0 1
    1 3068   70   42 55.0 67.0 1
    1  602  154   87 33.0 49.0 1
    1  949  138    9 36.0 85.0 1
    1  869   51    3 63.0 88.0 0
    1 2490   38    0 69.0 90.0 1
    1 2118   75   25 53.0 76.0 1
    1 2634  138   47 36.0 65.0 1
    1 3372   42    0 67.0 90.0 1
    1  648   42    0 67.0 90.0 1
    1 1691   55    0 61.0 90.0 1
    1 3584  133    7 37.0 86.0 1
    1  475  100   90 45.0 48.0 1
    1 2465  160  138 32.0 36.0 1
    1 2844   36   32 70.0 72.0 1
    1 2822   38   31 69.0 73.0 1
    1  640  104    0 44.0 90.0 1
    1 1288   87    0 49.0 90.0 1
    1 1073  143   75 35.0 53.0 1
    1 1732  119   78 40.0 52.0 1
    1 2096   65    0 57.0 90.0 1
    1  534  154   53 33.0 62.0 1
    1 2340   25   14 76.0 82.0 1
    1 2838  119   16 40.0 81.0 1
    1  836  128  111 38.0 42.0 1
    1  627  123   58 39.0 60.0 1
    1  785   65    0 57.0 90.0 1
    1 2206  160    0 32.0 90.0 1
    1 1027    7    0 86.0 90.0 1
    1 2679  154   65 33.0 57.0 0
    1 2440  111   53 42.0 62.0 1
    1 3148  133   60 37.0 59.0 1
    1 2556  160   97 32.0 46.0 1
    1  818   16    5 81.0 87.0 1
    1 2087   60   19 59.0 79.0 1
    1 3534   84   51 50.0 63.0 1
    1  854   58   18 60.0 80.0 1
    1  905   12    0 83.0 90.0 1
    1 3084   29    0 74.0 90.0 1
    1 1288   78   11 52.0 84.0 1
    1  371  133   51 37.0 63.0 1
    1 1907  107    0 43.0 90.0 1
    1 2301   19    0 79.0 90.0 1
    1 2684  119   58 40.0 60.0 1
    1 2667   21    7 78.0 86.0 1
    1 1325  111   55 42.0 61.0 1
    1 3472   38    0 69.0 90.0 1
    1 1577  133   18 37.0 80.0 1
    1 2611   29    0 74.0 90.0 1
    1 2478   34   25 71.0 76.0 1
    1 1572  173    9 30.0 85.0 0
    1  755  100    5 45.0 87.0 1
    1 2763  111    0 42.0 90.0 1
    1 1260  123   81 39.0 51.0 1
    1 2571   53    0 62.0 90.0 1
    1 2720   31    0 73.0 90.0 1
    1 3375  160   11 32.0 84.0 1
    1 3530   18    3 80.0 88.0 1
    1 3114   84   14 50.0 82.0 1
    1  757  104    0 44.0 90.0 1
    1 1041   38    0 69.0 90.0 1
    1 1513  128    5 38.0 87.0 1
    1 1168   90    9 48.0 85.0 1
    1 1257  115   60 41.0 59.0 1
    1 2629  148   65 34.0 57.0 1
    1 2481   40    0 68.0 90.0 1
    1 3222   40   14 68.0 82.0 1
    1 1306   87   21 49.0 78.0 1
    1  536   87    0 49.0 90.0 1
    1 2520   81    0 51.0 90.0 1
    1 1623  104    3 44.0 88.0 1
    1 1650   11    0 84.0 90.0 1
    1 2373  107   58 43.0 60.0 1
    1 3134    5    0 87.0 90.0 1
    1 2789   78   58 52.0 60.0 1
    1 1489  119    0 40.0 90.0 1
    1 3444  100    0 45.0 90.0 1
    1  367  173    0 30.0 90.0 1
    1 2656  143   31 35.0 73.0 1
    1 1537   75   34 53.0 71.0 1
    1 3248  119    0 40.0 90.0 1
    1 3362   38    0 69.0 90.0 0
    1 3569  173    0 30.0 90.0 1
    1 3464  173   84 30.0 50.0 1
    1 2235  104   60 44.0 59.0 1
    1 3344  166  104 31.0 44.0 1
    1 2131   36   31 70.0 73.0 1
    1  879   75   36 53.0 70.0 0
    1 1889  133   19 37.0 79.0 1
    1 1526   60    0 59.0 90.0 1
    1 2282   55    0 61.0 90.0 1
    1 1740   53    0 62.0 90.0 1
    1 2890   40   38 68.0 69.0 1
    1 2301   21    0 78.0 90.0 1
    1  972  173    0 30.0 90.0 1
    1 1204  119    2 40.0 89.0 1
    1 3377   62    7 58.0 86.0 1
    1 2691   84    0 50.0 90.0 0
    1 1695   67    0 56.0 90.0 1
    1 3217   32    0 72.0 90.0 1
    1 3379   31   19 73.0 79.0 1
    1  655   73   67 54.0 56.0 1
    1  605  133   34 37.0 71.0 1
    1 2686  111    0 42.0 90.0 1
    1 1469   12    0 83.0 90.0 1
    1 1492  173  100 30.0 45.0 0
    1 2913  173   93 30.0 47.0 1
    1 1701   67   65 56.0 57.0 1
    1 3313    5    0 87.0 90.0 1
    1 2939  100    0 45.0 90.0 1
    1 1332   60    0 59.0 90.0 1
    1  400   55   21 61.0 78.0 1
    1 1938  123   45 39.0 66.0 1
    1 2788  128    0 38.0 90.0 1
    1 2780  160    0 32.0 90.0 1
    1  920  173    0 30.0 90.0 1
    1 2289  138   40 36.0 68.0 1
    1  938  128   58 38.0 60.0 0
    1 2032   87    0 49.0 90.0 0
    1 2562  119  104 40.0 44.0 1
    1 1029   51    0 63.0 90.0 1
    1  790   55    5 61.0 87.0 1
    1  557  107    0 43.0 90.0 1
    1 3254   70    0 55.0 90.0 1
    1 1312  148   55 34.0 61.0 1
    1 2628   27    9 75.0 85.0 1
    1  395   58   27 60.0 75.0 0
    1 1602   32   14 72.0 82.0 1
    1  892  104   51 44.0 63.0 1
    1 3503  148    0 34.0 90.0 1
    1 1605   45    0 66.0 90.0 1
    1 1169  138  111 36.0 42.0 1
    1 1286  138   31 36.0 73.0 1
    1  479  100    0 45.0 90.0 1
    1  431   87   32 49.0 72.0 1
    1 3288  143    0 35.0 90.0 1
    1 2644   75    0 53.0 90.0 1
    1 2520  166    0 31.0 90.0 1
    1 1506  143   16 35.0 81.0 1
    1 1014   67   47 56.0 65.0 1
    1  524  107   73 43.0 54.0 1
    1  964  166   19 31.0 79.0 1
    1 3600   21   19 78.0 79.0 1
    1 1849   67   55 56.0 61.0 1
    1  492  173   23 30.0 77.0 1
    1  858  107   19 43.0 79.0 1
    1 1651    3    0 88.0 90.0 1
    1 3155   32    0 72.0 90.0 1
    1 3105  166   81 31.0 51.0 1
    1 3218   51   14 63.0 82.0 1
    1 3273   49   21 64.0 78.0 1
    1 2718   73   55 54.0 61.0 1
    1  600  100    0 45.0 90.0 1
    1  823  100   42 45.0 67.0 1
    1 3329  100   47 45.0 65.0 1
    1 3322   75    0 53.0 90.0 1
    1 2583  104    0 44.0 90.0 1
    1 1045   78   32 52.0 72.0 1
    1  702    2    0 89.0 90.0 1
    1 3316  119  100 40.0 45.0 1
    1  472  148    0 34.0 90.0 1
    1  769  111   14 42.0 82.0 1
    1 1958  143    3 35.0 88.0 1
    1 2136   84   34 50.0 71.0 1
    1 3568  128    7 38.0 86.0 1
    1 1062   29   16 74.0 81.0 1
    1 1391  173   19 30.0 79.0 1
    1 3250   21    0 78.0 90.0 1
    1 3128   27    0 75.0 90.0 1
    1 1965  123   47 39.0 65.0 1
    1  463  148   21 34.0 78.0 0
    1  928    5    0 87.0 90.0 1
    1 1029  119    0 40.0 90.0 1
    1 1830   97   55 46.0 61.0 1
    1 1925   53    0 62.0 90.0 1
    1  301   73    0 54.0 90.0 1
    1 2394  154    0 33.0 90.0 1
    1 2796   75   70 53.0 55.0 1
    1 1972  115    0 41.0 90.0 1
    1 2435   65    0 57.0 90.0 1
    1 1128  143   90 35.0 48.0 1
    1 2539   47   31 65.0 73.0 1
    1 2057   47   32 65.0 72.0 1
    1  505  115   62 41.0 58.0 1
    1 3538  173    0 30.0 90.0 1
    1 2929  148   47 34.0 65.0 0
    1  496  166    0 31.0 90.0 1
    1  306   53   53 62.0 62.0 1
    1  511  104    0 44.0 90.0 1
    1  448  143   14 35.0 82.0 1
    1 1922   29   19 74.0 79.0 1
    1 2166  138   40 36.0 68.0 1
    1 1434  143    0 35.0 90.0 1
    1 3264   49   32 64.0 72.0 0
    1 1007   93    0 47.0 90.0 1
    1 1730   93   12 47.0 83.0 1
    1 2599  123  107 39.0 43.0 0
    1 2144  154   34 33.0 71.0 1
    1 3029   70    0 55.0 90.0 1
    1  476   73   51 54.0 63.0 1
    1 3254   65    0 57.0 90.0 1
    1 2626   34   25 71.0 76.0 1
    1 2662   62   12 58.0 83.0 1
    1 2535   51   23 63.0 77.0 1
    1 1597  154  104 33.0 44.0 1
    1 3330   51   47 63.0 65.0 1
    1  330  115   11 41.0 84.0 1
    1 1627   38   38 69.0 69.0 1
    1  480  166    0 31.0 90.0 1
    1 1331   18    0 80.0 90.0 1
    1 2583  160   87 32.0 49.0 1
    1 1652  133  100 37.0 45.0 1
    1 1348   65    0 57.0 90.0 1
    1 1681  100   45 45.0 66.0 0
    1 2061   49   40 64.0 68.0 0
    1 2792  138    0 36.0 90.0 1
    1  764  166   49 31.0 64.0 1
    1 3153   60    0 59.0 90.0 1
    1 1896   16    7 81.0 86.0 1
    1 2255   49   42 64.0 67.0 1
    1 1763  128   23 38.0 77.0 0
    1 1030  148   73 34.0 54.0 1
    1 3251  100    0 45.0 90.0 1
    1 3295   78   14 52.0 82.0 1
    1 1080   29   12 74.0 83.0 1
    1 2820  160   27 32.0 75.0 1
    1  488   97    0 46.0 90.0 1
    1 1480   70    3 55.0 88.0 1
    1 2807  148   65 34.0 57.0 1
    1 1280  154   75 33.0 53.0 1
    1 2827   23    0 77.0 90.0 1
    1 3014  138   40 36.0 68.0 1
    1 2726   78    0 52.0 90.0 1
    1  774  138   58 36.0 60.0 1
    1  807  115    0 41.0 90.0 1
    1 2734  173   73 30.0 54.0 0
    1 3356  143    0 35.0 90.0 1
    1 1467   40    9 68.0 85.0 1
    1 3148    3    0 88.0 90.0 1
    1 2356  111   42 42.0 67.0 1
    1 1604   32    0 72.0 90.0 1
    1 1585  100    2 45.0 89.0 1
    1 2068   93   18 47.0 80.0 0
    1 2135   67   18 56.0 80.0 1
    1  997   97    5 46.0 87.0 1
    1 2298   90   53 48.0 62.0 1
    1 3515  160  107 32.0 43.0 1
    1 3193   73   27 54.0 75.0 1
    1 2718   40   16 68.0 81.0 1
    1 1435  154    9 33.0 85.0 1
    1 2177  154    0 33.0 90.0 1
    1  690   34   11 71.0 84.0 1
    1 3411  100   84 45.0 50.0 1
    1 2633   51   16 63.0 81.0 1
    1 3012   90    0 48.0 90.0 0
    1 2235   67    0 56.0 90.0 1
    1 2909   19    0 79.0 90.0 1
    1 2218   34    0 71.0 90.0 1
    1 1591  107   40 43.0 68.0 1
    1 1126  107   90 43.0 48.0 1
    1 3525   58   49 60.0 64.0 1
    1 1924   90    0 48.0 90.0 1
    1  309   81    0 51.0 90.0 1
    1  926   55   11 61.0 84.0 1
    1  338  123    0 39.0 90.0 1
    1 1605  104   53 44.0 62.0 1
    1 1980   51   42 63.0 67.0 1
    1 2844  166   25 31.0 76.0 1
    1  521   81    0 51.0 90.0 0
    1 1897  166   18 31.0 80.0 1
    1 1106   11    0 84.0 90.0 1
    1 2174    2    0 89.0 90.0 1
    1  747   40   21 68.0 78.0 0
    1 2477   34    0 71.0 90.0 1
    1 1369   93    0 47.0 90.0 1
    1 3478   81    0 51.0 90.0 0
    1 1245   53    0 62.0 90.0 1
    1 3535  133   38 37.0 69.0 1
    1 3158   19    0 79.0 90.0 1
    1 3415  104    2 44.0 89.0 1
    1 3158   78    7 52.0 86.0 1
    1 2246   58    0 60.0 90.0 1
    1 2210  133    5 37.0 87.0 1
    1 2737   90   87 48.0 49.0 1
    1 2026   58   16 60.0 81.0 1
    1 2931  111    0 42.0 90.0 1
    1 3143  119   90 40.0 48.0 1
    1 2945   47    0 65.0 90.0 1
    1 3124  133    0 37.0 90.0 1
    1  998   62    0 58.0 90.0 1
    1 1074   81   81 51.0 51.0 1
    1 2533   38    9 69.0 85.0 1
    1  763   53    0 62.0 90.0 1
    1 2100   31    0 73.0 90.0 1
    1 1485   60    0 59.0 90.0 1
    1 1978   53   12 62.0 83.0 1
    1 3121   73    9 54.0 85.0 1
    1 3426  128   12 38.0 83.0 1
    1  648  123    0 39.0 90.0 1
    1 2048   67    0 56.0 90.0 1
    1  360   58   42 60.0 67.0 0
    1 1367   47   25 65.0 76.0 1
    1 2401  119    0 40.0 90.0 1
    1 2410  123   11 39.0 84.0 1
    1 1460   84   70 50.0 55.0 1
    1 1863  104   93 44.0 47.0 0
    1 1983   87   18 49.0 80.0 1
    1 1795   58   14 60.0 82.0 1
    1  996   90    0 48.0 90.0 1
    1 2027   67    0 56.0 90.0 1
    1 2522  104   21 44.0 78.0 1
    1 1676  138   25 36.0 76.0 1
    1 2270    5    0 87.0 90.0 1
    1 3052  111   78 42.0 52.0 1
    1  415   84   65 50.0 57.0 1
    1 2822   60    0 59.0 90.0 1
    1  644   84    3 50.0 88.0 1
    1 1189   78   58 52.0 60.0 1
    1 2722   19   14 79.0 82.0 1
    1 1720   70    0 55.0 90.0 1
    1 1825   81   51 51.0 63.0 1
    1  478   62   31 58.0 73.0 1
    1 1034  154   58 33.0 60.0 1
    1  556  115   90 41.0 48.0 1
    1 3510  154   19 33.0 79.0 1
    1 2514  111   38 42.0 69.0 1
    1 3361   90   16 48.0 81.0 1
    1 2567   12    0 83.0 90.0 1
    1 1641  115    0 41.0 90.0 1
    1 1061  100   58 45.0 60.0 0
    1 1919  128   29 38.0 74.0 1
    1 3429    3    2 88.0 89.0 1
    1 2432  107    9 43.0 85.0 0
    1 3151   70   67 55.0 56.0 1
    1  958  173    7 30.0 86.0 0
    1 1168   87   18 49.0 80.0 0
    1 1087  128  128 38.0 38.0 0
    1 3512  111   62 42.0 58.0 1
    1 1300  104   97 44.0 46.0 1
    1 2047  148   25 34.0 76.0 1
    1 3412   62    0 58.0 90.0 1
    1 3089   53    0 62.0 90.0 1
    1  675  154  148 33.0 34.0 1
    1  699   84   16 50.0 81.0 1
    1 2877  104   49 44.0 64.0 1
    1 2821   53    0 62.0 90.0 1
    1  328   73    0 54.0 90.0 1
    1 1471  107   62 43.0 58.0 1
    1 3458   60    0 59.0 90.0 1
    1  795  138    0 36.0 90.0 1
    1  627   87    0 49.0 90.0 1
    1 1527   25    0 76.0 90.0 1
    1 2965   65   60 57.0 59.0 1
    1 2312  119   87 40.0 49.0 1
    1  427   81    0 51.0 90.0 1
    1  991   19   14 79.0 82.0 1
    1  943   70    2 55.0 89.0 1
    1 2816  166   81 31.0 51.0 1
    1 2681  123   27 39.0 75.0 1
    1 2226   51   38 63.0 69.0 1
    1 1584   75    0 53.0 90.0 1
    1 1724   62    0 58.0 90.0 1
    1 2794  115   65 41.0 57.0 1
    1 3377  133    7 37.0 86.0 1
    1 1793  173    0 30.0 90.0 1
    1 1396  119   40 40.0 68.0 1
    1 3463   53   14 62.0 82.0 1
    1 1266  143   93 35.0 47.0 1
    1 3547   53   19 62.0 79.0 1
    1 2971  138   55 36.0 61.0 1
    1 2856   25    9 76.0 85.0 1
    1  943  143   11 35.0 84.0 1
    1 1252   14    9 82.0 85.0 1
    1 2190   49   36 64.0 70.0 0
    1  300   81    0 51.0 90.0 1
    1 2882   97   25 46.0 76.0 1
    1 1663  107   31 43.0 73.0 1
    1 2622  154   58 33.0 60.0 1
    1 3394  115    3 41.0 88.0 0
    1  772   51    0 63.0 90.0 1
    1 1171   62    0 58.0 90.0 1
    1  721  107   45 43.0 66.0 1
    1  779  148    5 34.0 87.0 1
    1  767   47   23 65.0 77.0 1
    1 1677  160    0 32.0 90.0 1
    1 1748   67   29 56.0 74.0 1
    1 3333   36   11 70.0 84.0 1
    1 1793   18    0 80.0 90.0 1
    1 1642  166   49 31.0 64.0 1
    1 2832  111    0 42.0 90.0 0
    1  740   78   49 52.0 64.0 1
    1 2798  154   65 33.0 57.0 1
    1 2497   97   70 46.0 55.0 0
    1 2499   55   25 61.0 76.0 1
    1 2782   18    0 80.0 90.0 0
    1  551  148    0 34.0 90.0 1
    1 1267   78    0 52.0 90.0 1
    1 3296  128    0 38.0 90.0 1
    1 1432   73   45 54.0 66.0 0
    1 2411  104   97 44.0 46.0 1
    1 1912   87    0 49.0 90.0 1
    1 2748   14    0 82.0 90.0 0
    1 2114  119    0 40.0 90.0 1
    1  996   84   47 50.0 65.0 1
    1 2208  143   36 35.0 70.0 1
    1 2216   29    0 74.0 90.0 1
    1 1266   75   47 53.0 65.0 1
    1 1811    9    0 85.0 90.0 0
    1 2109  123    0 39.0 90.0 1
    1 3250   60    0 59.0 90.0 1
    1 2324    7    0 86.0 90.0 1
    1 3540  160   53 32.0 62.0 1
    1  325   67   55 56.0 61.0 1
    1 1291   36   14 70.0 82.0 1
    1 2739   19    0 79.0 90.0 1
    1 2990   84   81 50.0 51.0 1
    1 1658  107   90 43.0 48.0 1
    1  995   16    0 81.0 90.0 1
    1 2983   62   49 58.0 64.0 0
    1 1464  166    7 31.0 86.0 1
    1 3467   67   11 56.0 84.0 1
    1 3191  154   47 33.0 65.0 1
    1 3426   16    0 81.0 90.0 1
    1 2522   70   16 55.0 81.0 1
    1 3051  123   25 39.0 76.0 1
    1 3390   75   32 53.0 72.0 1
    1 2840   78   29 52.0 74.0 1
    1 2713  143  100 35.0 45.0 1
    1 2114   27    0 75.0 90.0 1
    1 2501   53    0 62.0 90.0 1
    1 1910   12    2 83.0 89.0 1
    1 2809  160   38 32.0 69.0 1
    1  365   75    0 53.0 90.0 1
    1  764   36   12 70.0 83.0 1
    1 2083   78    7 52.0 86.0 1
    1 1194   97   18 46.0 80.0 1
    1  622   31    0 73.0 90.0 1
    1 2407  111   40 42.0 68.0 1
    1 2817   65    0 57.0 90.0 1
    1 3383   78   45 52.0 66.0 1
    1 2979   78    0 52.0 90.0 1
    1  571  104   67 44.0 56.0 1
    1 2800   87   36 49.0 70.0 1
    1  339   67   53 56.0 62.0 1
    1  421  100   62 45.0 58.0 1
    1  367  123    0 39.0 90.0 1
    1 1817  104   90 44.0 48.0 1
    1 3459  111   36 42.0 70.0 1
    1 1362  111   62 42.0 58.0 1
    1  682   16    0 81.0 90.0 1
    1  420   67    7 56.0 86.0 1
