 500 500 500 129
    1 3534  143   40 35.0 68.0 1
    1  992   67    0 56.0 90.0 1
    1 2348   58    0 60.0 90.0 0
    1 3561   47    3 65.0 88.0 1
    1 1455  166   81 31.0 51.0 1
    1 1918  115    0 41.0 90.0 1
    1 2478   84   21 50.0 78.0 1
    1 3440   62    5 58.0 87.0 1
    1  838  143   70 35.0 55.0 1
    1 2481   87   36 49.0 70.0 1
    1 2668  115   75 41.0 53.0 1
    1  628   40   18 68.0 80.0 1
    1 1374  166  104 31.0 44.0 0
    1 1771   67   19 56.0 79.0 1
    1 2401   87   55 49.0 61.0 1
    1 2030   36   21 70.0 78.0 1
    1 1397   78    0 52.0 90.0 1
    1 1449  111    0 42.0 90.0 1
    1 1057  133    0 37.0 90.0 1
    1  559   90   34 48.0 71.0 1
    1 1881   27    3 75.0 88.0 1
    1 2345  143   34 35.0 71.0 1
    1 2932  128   65 38.0 57.0 1
    2 1607  138   93 36.0 47.0 1
    1 2323  138  133 36.0 37.0 1
    1 2854   18    0 80.0 90.0 1
    1 1066   84   73 50.0 54.0 1
    1 3515  143    0 35.0 90.0 1
    1 3363   23   16 77.0 81.0 1
    1 1361   65   34 57.0 71.0 1
    1 2160  119   19 40.0 79.0 1
    1 1905    2    0 89.0 90.0 1
    1 1474   84   60 50.0 59.0 1
    1 1428  154  128 33.0 38.0 1
    1 3122  138    0 36.0 90.0 1
    1 1955  160   42 32.0 67.0 1
    1 2968  173   27 30.0 75.0 1
    1 2004   25   16 76.0 81.0 1
    1  536   62   62 58.0 58.0 1
    1 2698   31    0 73.0 90.0 1
    1 2778   75    0 53.0 90.0 1
    1 2501   45   16 66.0 81.0 1
    1 2563  154   67 33.0 56.0 1
    1 2616   53    0 62.0 90.0 1
    1 3448  128   21 38.0 78.0 1
    1 2658   84   14 50.0 82.0 1
    1 2302  119    0 40.0 90.0 1
    1 2612   47    0 65.0 90.0 1
    1 3000  128   97 38.0 46.0 1
    1 2957   29    0 74.0 90.0 1
    1 1138  154  133 33.0 37.0 0
    1 2502   70    5 55.0 87.0 1
    1 1716    2    0 89.0 90.0 1
    1 3249  148  104 34.0 44.0 1
    1  681   81   12 51.0 83.0 1
    1 1083   32   19 72.0 79.0 1
    1 1577  166   78 31.0 52.0 1
    1  478  119   78 40.0 52.0 1
    1 3436   47    9 65.0 85.0 1
    1 3543  115    0 41.0 90.0 1
    1  549   75   73 53.0 54.0 1
    1 1035   53    0 62.0 90.0 1
    1 2476   81   36 51.0 70.0 1
    2 2240  138   73 36.0 54.0 1
    1 2416  100   60 45.0 59.0 1
    1 2247   55   16 61.0 81.0 1
    1  591   93   67 47.0 56.0 1
    1 1377  123   12 39.0 83.0 0
    1 2194   19    9 79.0 85.0 1
    1 3099   62   60 58.0 59.0 1
    1 2637   18    0 80.0 90.0 1
    2 1101   97   18 46.0 80.0 1
    1 1264  166   87 31.0 49.0 1
    1 1411  138   40 36.0 68.0 1
    1  399  107    0 43.0 90.0 0
    0  748  154   19 33.0 79.0 1
    1  713   87    0 49.0 90.0 1
    1 2937  107   47 43.0 65.0 1
    1 3068   55   42 61.0 67.0 1
    1 2806  104    9 44.0 85.0 1
    1  440   81   14 51.0 82.0 1
    1 1337   14    0 82.0 90.0 1
    1 2904  160   18 32.0 80.0 1
    1  796  123   14 39.0 82.0 1
    1 1261  123   81 39.0 51.0 1
    1 3547    2    0 89.0 90.0 1
    1 2036    7    0 86.0 90.0 1
    1 2231   32   12 72.0 83.0 1
    1  301   31    9 73.0 85.0 1
    1 3011  111   60 42.0 59.0 1
    1 3586   14    2 82.0 89.0 1
    1 1219  107   84 43.0 50.0 1
    1 2119   55    0 61.0 90.0 1
    1 1744   90   62 48.0 58.0 1
    1  635  143   49 35.0 64.0 1
    1  373   32   11 72.0 84.0 1
    1 1183   93    0 47.0 90.0 1
    1 3341  154    0 33.0 90.0 1
    1 2217  138   23 36.0 77.0 1
    0  360  104   53 44.0 62.0 0
    1  359   55   40 61.0 68.0 1
    1 1819  133  123 37.0 39.0 1
    2 3195   53    0 62.0 90.0 1
    1 2454  115   12 41.0 83.0 0
    1 2875   97   16 46.0 81.0 1
    1 2641    5    0 87.0 90.0 1
    1  890   90    0 48.0 90.0 1
    1 2689   49   42 64.0 67.0 1
    1  682   93    0 47.0 90.0 1
    1 2772  104    0 44.0 90.0 1
    1 2702  160    0 32.0 90.0 1
    1 3050   32    0 72.0 90.0 1
    1 1050   34   14 71.0 82.0 1
    1 1353   84    0 50.0 90.0 1
    1 1890   49   12 64.0 83.0 0
    1 1302  128   75 38.0 53.0 1
    1 1675   27    3 75.0 88.0 1
    1  567   65    0 57.0 90.0 1
    1 1601   81   58 51.0 60.0 1
    1 3168   90   53 48.0 62.0 1
    1 1028  119   53 40.0 62.0 1
    1  849   34   27 71.0 75.0 1
    1 1844  111    0 42.0 90.0 1
    1  442  154   55 33.0 61.0 1
    1 1343   45   42 66.0 67.0 1
    0 1090   73   29 54.0 74.0 1
    1 3191   67   14 56.0 82.0 0
    1 2306  138    0 36.0 90.0 1
    1 3112   16    5 81.0 87.0 1
    1 2995   84    7 50.0 86.0 1
    1 2619   67   40 56.0 68.0 1
    1 3173   75   23 53.0 77.0 1
    1 1281   23   21 77.0 78.0 1
    1  442   60   14 59.0 82.0 1
    1  888   53    0 62.0 90.0 0
    1 1247   70   67 55.0 56.0 0
    1 2417  119  111 40.0 42.0 1
    1 2050   11    0 84.0 90.0 1
    1 3520  104   58 44.0 60.0 1
    1  442   84    0 50.0 90.0 1
    1 3167  128  107 38.0 43.0 1
    1  856   53   12 62.0 83.0 1
    1 1324    5    0 87.0 90.0 1
    1  657    7    0 86.0 90.0 1
    1 2961  154    9 33.0 85.0 1
    1 2708  166    0 31.0 90.0 1
    1 1317   34    0 71.0 90.0 1
    1 2992  111    5 42.0 87.0 0
    1  592  143   16 35.0 81.0 1
    1 2618   97   45 46.0 66.0 1
    1  606   58    0 60.0 90.0 1
    1 2327   84    0 50.0 90.0 1
    1  407   65   51 57.0 63.0 1
    1 2532  100   97 45.0 46.0 1
    1 1072   81    0 51.0 90.0 1
    1 3175   36    0 70.0 90.0 1
    1 2584   21    0 78.0 90.0 1
    1 2987    5    0 87.0 90.0 1
    1  911   67    0 56.0 90.0 1
    1 2602  154    3 33.0 88.0 1
    1  366  166    0 31.0 90.0 1
    1 1059   16    0 81.0 90.0 1
    0 2714  111   45 42.0 66.0 1
    1 3422   23    0 77.0 90.0 1
    1 1016   42   23 67.0 77.0 1
    1  793  107   36 43.0 70.0 1
    1 1331  143    0 35.0 90.0 1
    1  902   29    0 74.0 90.0 0
    1 1247  173    7 30.0 86.0 1
    1 3038   11    0 84.0 90.0 1
    1 3436   45   29 66.0 74.0 1
    1  634   75   49 53.0 64.0 1
    1 2709  128   93 38.0 47.0 1
    1 2874  133    0 37.0 90.0 1
    0  667   55    0 61.0 90.0 1
    1 2865   75   23 53.0 77.0 1
    1 1366   42   25 67.0 76.0 0
    1 3574   60    0 59.0 90.0 1
    1 1564   73   19 54.0 79.0 0
    1 3286  133   78 37.0 52.0 1
    1 3528  100   75 45.0 53.0 1
    1 1138   31   19 73.0 79.0 1
    1 2506   62    0 58.0 90.0 1
    1  778  173  148 30.0 34.0 1
    1 2431  154   11 33.0 84.0 1
    1 2548  173   70 30.0 55.0 0
    1 3022  160   45 32.0 66.0 1
    1 2899  166   78 31.0 52.0 1
    1  477   81    0 51.0 90.0 1
    1 2986   19    0 79.0 90.0 1
    1  642   78   53 52.0 62.0 1
    2 2479  115   34 41.0 71.0 1
    1 1272   40    0 68.0 90.0 1
    1 2618   32    0 72.0 90.0 1
    1 1581   36    0 70.0 90.0 1
    1 2453   58   40 60.0 68.0 1
    1 1275   67   42 56.0 67.0 1
    1 1101   73   27 54.0 75.0 0
    1 1127  138   78 36.0 52.0 1
    1 1202   49   16 64.0 81.0 1
    1  516  143    5 35.0 87.0 0
    1 2723   70   23 55.0 77.0 1
    1 1036   78   45 52.0 66.0 1
    1 1749   60   51 59.0 63.0 1
    1 1208  138  133 36.0 37.0 1
    1  651  128    0 38.0 90.0 1
    1 1836   90   40 48.0 68.0 1
    1 3460   16   14 81.0 82.0 1
    1 2252   97   42 46.0 67.0 1
    1 2172   23    0 77.0 90.0 1
    0 2757  111   51 42.0 63.0 1
    1 2586  133    5 37.0 87.0 0
    1  398  123   21 39.0 78.0 1
    1 2220  173  119 30.0 40.0 1
    1 1196   55   42 61.0 67.0 0
    1 1765  143   25 35.0 76.0 1
    1 1352    3    0 88.0 90.0 1
    1 3217   34    0 71.0 90.0 1
    1 1422   65   42 57.0 67.0 1
    1  875   62    0 58.0 90.0 1
    1 3069   40   18 68.0 80.0 1
    1 2895   75   11 53.0 84.0 1
    1 2281   38    0 69.0 90.0 1
    1 3519  166   90 31.0 48.0 1
    1 2547   65   29 57.0 74.0 0
    1  711  104    0 44.0 90.0 1
    1 2519   87   40 49.0 68.0 0
    1 2623  148  123 34.0 39.0 1
    1 2773   14   11 82.0 84.0 1
    1 1619   45   12 66.0 83.0 1
    2 1080   87   29 49.0 74.0 1
    1 1426   19    0 79.0 90.0 1
    1 2837  107    0 43.0 90.0 1
    1 2632   51   18 63.0 80.0 1
    1 2551   58    0 60.0 90.0 1
    1  656   11    0 84.0 90.0 1
    1  534  115    0 41.0 90.0 1
    1 3431   75    0 53.0 90.0 1
    1  605   31    0 73.0 90.0 1
    1 1662   67   34 56.0 71.0 0
    1 1251   90   11 48.0 84.0 1
    1  931  138  133 36.0 37.0 1
    1 3551  107   78 43.0 52.0 1
    1 1724   84   58 50.0 60.0 0
    1  932   45    0 66.0 90.0 1
    2 3408   75   21 53.0 78.0 1
    1 1621   16    0 81.0 90.0 1
    1 2056   42    0 67.0 90.0 1
    1 2600   42   23 67.0 77.0 1
    1 1039  111  100 42.0 45.0 1
    2 1621  104    9 44.0 85.0 1
    1 2809  111    0 42.0 90.0 1
    1  443   97   53 46.0 62.0 1
    1 3503  115    0 41.0 90.0 1
    1 1884  115    0 41.0 90.0 1
    1  444  166   14 31.0 82.0 1
    1 1078  166   97 31.0 46.0 0
    1 1434   14    0 82.0 90.0 1
    1 1834   42    0 67.0 90.0 1
    1  930   90   62 48.0 58.0 1
    2 3180  128   38 38.0 69.0 1
    1  501  128    0 38.0 90.0 1
    1  966  115  111 41.0 42.0 1
    1  748  148   93 34.0 47.0 1
    2  474   97   90 46.0 48.0 1
    1 1096  123   16 39.0 81.0 0
    1 3161  154   60 33.0 59.0 1
    1 1355  128    0 38.0 90.0 1
    1 2378   73   29 54.0 74.0 0
    2  985  133   93 37.0 47.0 1
    1 2738  138   49 36.0 64.0 1
    1 3368   31   19 73.0 79.0 1
    1 1931   32    7 72.0 86.0 1
    1 1880  143   67 35.0 56.0 1
    1 1020   11    0 84.0 90.0 1
    1 2931  111    0 42.0 90.0 1
    1  606  119   47 40.0 65.0 1
    1 2180   36   25 70.0 76.0 1
    1 2197   87    5 49.0 87.0 1
    1  509   45   34 66.0 71.0 0
    1  766  133   58 37.0 60.0 1
    1 3203  119    0 40.0 90.0 1
    1 3062  154   73 33.0 54.0 1
    1 2996   58    0 60.0 90.0 1
    1 2346  107   40 43.0 68.0 1
    1 2074  154   29 33.0 74.0 1
    1 2952  133    3 37.0 88.0 1
    1  438   49    0 64.0 90.0 1
    1 1282   81   19 51.0 79.0 1
    1 3100   58   55 60.0 61.0 1
    1  851  100    0 45.0 90.0 1
    1  560  119    0 40.0 90.0 1
    0 2194   81   14 51.0 82.0 1
    1  933  104    0 44.0 90.0 1
    1  314  123   21 39.0 78.0 1
    1 2355   73   29 54.0 74.0 1
    1 2328  173    0 30.0 90.0 1
    1 1479   27    0 75.0 90.0 1
    0 1383   90    3 48.0 88.0 1
    1  823   93   51 47.0 63.0 1
    1  780   49   12 64.0 83.0 1
    1 1004    5    0 87.0 90.0 1
    1 1720   23    0 77.0 90.0 1
    1 2129   60   21 59.0 78.0 1
    1 1878   81    9 51.0 85.0 1
    1 3346   53   14 62.0 82.0 1
    1 1799   34   29 71.0 74.0 1
    1  679   53    0 62.0 90.0 0
    1 1589  138    0 36.0 90.0 1
    1 2811   21    7 78.0 86.0 1
    1 1213  148    0 34.0 90.0 1
    1 1649   32   11 72.0 84.0 1
    1 3060  143  128 35.0 38.0 0
    1 1803  100    0 45.0 90.0 1
    1  560   45    0 66.0 90.0 1
    2 1640  128   47 38.0 65.0 1
    1 2808   47   27 65.0 75.0 1
    1  310   49    0 64.0 90.0 1
    1 2551   73   34 54.0 71.0 1
    1 1942  138    0 36.0 90.0 1
    1 1295  133   25 37.0 76.0 1
    1 1634   55   32 61.0 72.0 1
    1 1577   81    0 51.0 90.0 1
    1  976   70    0 55.0 90.0 1
    1 2798  100   75 45.0 53.0 1
    1  688   53   40 62.0 68.0 1
    1 2479   78    0 52.0 90.0 1
    1 1473  166   21 31.0 78.0 1
    1 3488    3    0 88.0 90.0 1
    1  584   51   36 63.0 70.0 1
    1 3429   36   19 70.0 79.0 1
    1 1949   78    7 52.0 86.0 1
    1 2827   67   55 56.0 61.0 1
    1  394  119   16 40.0 81.0 1
    1 1190  119  111 40.0 42.0 1
    1 2491    2    0 89.0 90.0 1
    1  868   58    0 60.0 90.0 1
    1 1825  107   11 43.0 84.0 1
    1  688   53    0 62.0 90.0 1
    1 1695  115   29 41.0 74.0 1
    1  449   58   45 60.0 66.0 1
    1  367   42   29 67.0 74.0 1
    1 2602  154    0 33.0 90.0 0
    1 2284   60   16 59.0 81.0 1
    1 1379  154   23 33.0 77.0 1
    1 1520   84   53 50.0 62.0 1
    1  543  154   31 33.0 73.0 1
    1 2773  154    3 33.0 88.0 1
    0  966  128   90 38.0 48.0 1
    0  766   21    9 78.0 85.0 1
    1  321  138    0 36.0 90.0 1
    1 2258   47   18 65.0 80.0 1
    1 2959  128   27 38.0 75.0 1
    1  319  115    0 41.0 90.0 1
    1 2175   60   19 59.0 79.0 1
    1 3090   45    0 66.0 90.0 1
    1  605   62   36 58.0 70.0 1
    1 3542   29    7 74.0 86.0 1
    1 2741  160    0 32.0 90.0 1
    1 2695   23   16 77.0 81.0 0
    1 1305   32    0 72.0 90.0 0
    1  958   73    0 54.0 90.0 1
    1 1086   55    0 61.0 90.0 1
    1 1846  148  148 34.0 34.0 1
    1 1327  115  104 41.0 44.0 1
    1 2188  173   11 30.0 84.0 1
    0 1214  107    0 43.0 90.0 1
    1 2817  166    0 31.0 90.0 1
    1 3208  133   49 37.0 64.0 1
    1 3482   32    0 72.0 90.0 0
    1  696   47   16 65.0 81.0 1
    1 3010   58    0 60.0 90.0 1
    1 2368   29   12 74.0 83.0 1
    1 1048  160   87 32.0 49.0 1
    1 2259  128  104 38.0 44.0 0
    1  944  123   62 39.0 58.0 0
    1 1848   42    5 67.0 87.0 1
    1 3568   23    0 77.0 90.0 1
    1  378  138    7 36.0 86.0 1
    1 3493   60   36 59.0 70.0 1
    1 3516  148    0 34.0 90.0 0
    1 1033  154    2 33.0 89.0 1
    1 1273   21    0 78.0 90.0 1
    1 2112  160  154 32.0 33.0 1
    0 1377   51   32 63.0 72.0 0
    1 2938  148   29 34.0 74.0 1
    1 2537  154  123 33.0 39.0 1
    0 1855   36    5 70.0 87.0 1
    1 2382  166   42 31.0 67.0 0
    1 1511   36    0 70.0 90.0 1
    1  325   49    0 64.0 90.0 1
    1 2018   16    0 81.0 90.0 1
    1 1896   18    0 80.0 90.0 1
    1 3350   75   12 53.0 83.0 1
    1  767  173    0 30.0 90.0 1
    1 2422  119   23 40.0 77.0 1
    1 3172  111   42 42.0 67.0 1
    1 2071   97    0 46.0 90.0 1
    1 2683  173    0 30.0 90.0 1
    1 1183   55   27 61.0 75.0 1
    2  864   32    0 72.0 90.0 1
    1  664   31   18 73.0 80.0 1
    1 2359   87    0 49.0 90.0 1
    1 1759   93   38 47.0 69.0 1
    1 3025   51    0 63.0 90.0 1
    1 2838   23    0 77.0 90.0 1
    1  373   16    0 81.0 90.0 0
    1  984  166  133 31.0 37.0 1
    1 1157   93   27 47.0 75.0 1
    1 3527  123    0 39.0 90.0 1
    1 1367  119    2 40.0 89.0 1
    1 1725   42   36 67.0 70.0 1
    1 2975  143   84 35.0 50.0 1
    1  370  133   31 37.0 73.0 1
    1  694   21    3 78.0 88.0 0
    1 1271  154    0 33.0 90.0 1
    1 2988   40   23 68.0 77.0 1
    1 1926   47   21 65.0 78.0 1
    1 1291  160    0 32.0 90.0 1
    1  362   34   32 71.0 72.0 1
    1 2951   97    7 46.0 86.0 0
    1 3223   16    0 81.0 90.0 1
    1 1363  123   60 39.0 59.0 1
    1  829  123  107 39.0 43.0 1
    1 2969  148   53 34.0 62.0 1
    1 2323  173    0 30.0 90.0 1
    1 2478   12    0 83.0 90.0 1
    1 1142  166    7 31.0 86.0 1
    0 2114  133   75 37.0 53.0 1
    1 2468   67    0 56.0 90.0 1
    1  968   73    0 54.0 90.0 1
    1 2879   90   19 48.0 79.0 1
    2  765   78   40 52.0 68.0 1
    1 3560   29    0 74.0 90.0 0
    1 3596   93   27 47.0 75.0 1
    1 2458  111   23 42.0 77.0 1
    1 2084  154   21 33.0 78.0 1
    1  726   90    0 48.0 90.0 1
    0  679   23    0 77.0 90.0 1
    1  949  100    0 45.0 90.0 0
    1  616  133  119 37.0 40.0 1
    1 2431   40    9 68.0 85.0 1
    1 3235  104   97 44.0 46.0 0
    1 3237  154    9 33.0 85.0 1
    1 2113    7    0 86.0 90.0 1
    1 2391   47    9 65.0 85.0 0
    1 3176   51    7 63.0 86.0 0
    1 3252   84   16 50.0 81.0 1
    1  880  160   55 32.0 61.0 1
    1 2310   67    0 56.0 90.0 1
    2  900   55   11 61.0 84.0 1
    1 2025   47    0 65.0 90.0 1
    1 1647  143   75 35.0 53.0 1
    1  357   87   38 49.0 69.0 0
    1  432   36    0 70.0 90.0 1
    1 1427  173    5 30.0 87.0 1
    1 3102  123    0 39.0 90.0 1
    1 3408   67   21 56.0 78.0 1
    1 2837   87   78 49.0 52.0 1
    1 2553   73   70 54.0 55.0 1
    1 2481  143   29 35.0 74.0 1
    1 3409    3    2 88.0 89.0 1
    1  546  115    0 41.0 90.0 1
    1 1274   47    0 65.0 90.0 1
    2 1642   38    0 69.0 90.0 1
    1 2348   87   78 49.0 52.0 1
    1 1919  138   53 36.0 62.0 1
    1 2750   93   53 47.0 62.0 1
    0 2330   53   38 62.0 69.0 0
    1 1413  123   11 39.0 84.0 0
    1  452   23   11 77.0 84.0 1
    1 2779   97    5 46.0 87.0 1
    1 3016   81   62 51.0 58.0 1
    1  898  166    0 31.0 90.0 1
    1  519   19    0 79.0 90.0 1
    1  976  119   45 40.0 66.0 1
    1 1078   47    5 65.0 87.0 1
    1 2408   31    0 73.0 90.0 1
    1 3107  104   23 44.0 77.0 1
    1 1546   78    0 52.0 90.0 1
    1 1415    3    0 88.0 90.0 1
    1 2461   97   81 46.0 51.0 0
    1 2955  173   25 30.0 76.0 1
    1 1875   49    0 64.0 90.0 1
    1 2470   93    0 47.0 90.0 1
    1 2748  133   84 37.0 50.0 1
    1 2634  123    7 39.0 86.0 1
    1 1745  107   11 43.0 84.0 1
    1 1387  123   32 39.0 72.0 1
    1 2484  104   97 44.0 46.0 1
    1 3412   51    0 63.0 90.0 1
    1 1768   73    0 54.0 90.0 1
    1  667   78   49 52.0 64.0 1
    1 2103   81   32 51.0 72.0 1
    1  385   42   14 67.0 82.0 1
    1 1679  100   14 45.0 82.0 1
    1  449  123    0 39.0 90.0 0
    1 1493   67   49 56.0 64.0 1
    1  412  104   27 44.0 75.0 1
    1 1758  119   93 40.0 47.0 1
