 500 500 500 129
    1 2211  111    0 42.0 90.0 1
    1 2016   55    0 61.0 90.0 1
    1 2034  123   11 39.0 84.0 0
    1 2113   40   27 68.0 75.0 1
    1  411  123   75 39.0 53.0 1
    1 2073   60   27 59.0 75.0 1
    1 3112   81    9 51.0 85.0 1
    1 3078   34   23 71.0 77.0 1
    1 1789  138   12 36.0 83.0 1
    1  523   53   16 62.0 81.0 1
    1 2859  107   49 43.0 64.0 1
    1  840  107   16 43.0 81.0 1
    1 2915   31    0 73.0 90.0 1
    1 2016   21    0 78.0 90.0 1
    1  880  166    0 31.0 90.0 1
    1 1953   49   29 64.0 74.0 1
    1  626  133    0 37.0 90.0 1
    1 2258   42    0 67.0 90.0 1
    1 1213  138   65 36.0 57.0 1
    1 1636   67    0 56.0 90.0 1
    1 2738   12    5 83.0 87.0 1
    1 2912  100    0 45.0 90.0 1
    1 1381   78    7 52.0 86.0 1
    1 1948  119   18 40.0 80.0 1
    1 2023   70   55 55.0 61.0 1
    1 1775   38    0 69.0 90.0 1
    1  383   75    3 53.0 88.0 1
    1 2554   90    5 48.0 87.0 1
    1 2167   97   60 46.0 59.0 1
    1 1652  138    0 36.0 90.0 1
    1 1513   93   12 47.0 83.0 1
    1 3408   34    0 71.0 90.0 1
    1 2857   29    0 74.0 90.0 1
    1 2173  133  119 37.0 40.0 1
    1 3578   93    7 47.0 86.0 0
    1 2912   67    0 56.0 90.0 0
    1 3399   34   21 71.0 78.0 1
    1 1574   60   42 59.0 67.0 1
    1 2771  107   21 43.0 78.0 0
    1 1872  100   97 45.0 46.0 1
    1 2392   49   23 64.0 77.0 1
    1  513  154   81 33.0 51.0 1
    1 3250   60   38 59.0 69.0 1
    1  809   81    2 51.0 89.0 1
    1 1275  104   87 44.0 49.0 1
    1  512  143   55 35.0 61.0 1
    1 2240  100   31 45.0 73.0 1
    1 2648   87   18 49.0 80.0 1
    1 2496  138   23 36.0 77.0 1
    1 2571  119   40 40.0 68.0 1
    1 2498    7    0 86.0 90.0 0
    1 1717   58    5 60.0 87.0 1
    1 2294   70    0 55.0 90.0 1
    1  565  143   32 35.0 72.0 1
    1  419   90   47 48.0 65.0 1
    1 1424  173   45 30.0 66.0 1
    1 3574   75   45 53.0 66.0 1
    1 1657  107    0 43.0 90.0 1
    1 2029   58    0 60.0 90.0 1
    1 1693   93   53 47.0 62.0 1
    1 2942  119   40 40.0 68.0 1
    1 2725   25    0 76.0 90.0 1
    1  420  154   31 33.0 73.0 1
    1 1928  123   31 39.0 73.0 1
    1 3118   87   47 49.0 65.0 1
    1 2500   12    0 83.0 90.0 1
    1 2785   70   11 55.0 84.0 1
    1 2609   60    5 59.0 87.0 1
    1 3285   70   53 55.0 62.0 1
    1 2551   73    0 54.0 90.0 1
    1 1091   36    0 70.0 90.0 1
    1  406  166   31 31.0 73.0 1
    1 2097   70    0 55.0 90.0 1
    1 3345   53    3 62.0 88.0 1
    1  942   38   21 69.0 78.0 0
    1 1591   62    0 58.0 90.0 1
    1 2691    2    0 89.0 90.0 1
    1 2919   53   32 62.0 72.0 1
    1 1979  115    0 41.0 90.0 1
    1 1654  138  115 36.0 41.0 1
    1 3109   42    0 67.0 90.0 1
    1 1970  166    0 31.0 90.0 1
    1 3422   34    0 71.0 90.0 1
    1 1022  115    0 41.0 90.0 1
    1 3287   32    3 72.0 88.0 1
    1  372   16    0 81.0 90.0 1
    1 2275   25    2 76.0 89.0 1
    1 3556   14    0 82.0 90.0 1
    1 3233  107    0 43.0 90.0 1
    1 1530   93   65 47.0 57.0 1
    1 3031   14    0 82.0 90.0 1
    1 1060  160   18 32.0 80.0 1
    1 2480  115   47 41.0 65.0 1
    1 1953  154   32 33.0 72.0 1
    1 2776   60    0 59.0 90.0 1
    1 2256  107  107 43.0 43.0 1
    1 1666   18    0 80.0 90.0 1
    1 3542   25    7 76.0 86.0 1
    1 1786   75   36 53.0 70.0 1
    1 2146  143   49 35.0 64.0 1
    1 1219   11    0 84.0 90.0 1
    1 2330   97   18 46.0 80.0 1
    1  346   32    0 72.0 90.0 1
    1 2700  111   36 42.0 70.0 1
    1 1535  166   58 31.0 60.0 0
    1 1819    2    0 89.0 90.0 0
    1 3219  160  133 32.0 37.0 1
    1  395   49    0 64.0 90.0 0
    1 2307    7    0 86.0 90.0 1
    1  799  154   97 33.0 46.0 1
    1 1505   16    0 81.0 90.0 0
    1  724   70   12 55.0 83.0 1
    1 3408   75   42 53.0 67.0 1
    1  823  148   53 34.0 62.0 1
    1 2418   93    0 47.0 90.0 0
    1 3195  128   11 38.0 84.0 1
    1 3426   55    0 61.0 90.0 1
    1 3524   75   27 53.0 75.0 1
    1 1734  128   90 38.0 48.0 1
    1  565   90    7 48.0 86.0 1
    1  340   55    0 61.0 90.0 1
    1 2890  107   19 43.0 79.0 1
    1 1625   90    2 48.0 89.0 1
    1 1058  148   87 34.0 49.0 0
    1 3521   58   23 60.0 77.0 1
    1  567  166  104 31.0 44.0 1
    1  991   23    2 77.0 89.0 1
    1  955   58   58 60.0 60.0 0
    1 1915   84   65 50.0 57.0 1
    1  354   75    3 53.0 88.0 1
    1 3190   14    0 82.0 90.0 1
    1 2778   38   29 69.0 74.0 1
    1 1236  107   55 43.0 61.0 1
    1 3028  138  100 36.0 45.0 1
    1  611  111    9 42.0 85.0 1
    1 1029  115   40 41.0 68.0 1
    1 2567  154    0 33.0 90.0 1
    1 2530  104    0 44.0 90.0 1
    1 3488   42    2 67.0 89.0 0
    1 2198  154  148 33.0 34.0 1
    1 1114   53    2 62.0 89.0 1
    1  519   65    0 57.0 90.0 1
    1 3076  160   40 32.0 68.0 1
    1  351   40   23 68.0 77.0 1
    1 1903   12    0 83.0 90.0 1
    1  709   18   14 80.0 82.0 1
    1 2489  154   60 33.0 59.0 1
    1 1739   49   11 64.0 84.0 0
    1  960  107   23 43.0 77.0 1
    1 1745  154  148 33.0 34.0 1
    1 1732  133   36 37.0 70.0 1
    1 3391   34    0 71.0 90.0 0
    1 1031   51    0 63.0 90.0 1
    1 1443   40   29 68.0 74.0 1
    1 1509   55    0 61.0 90.0 1
    1  577   90   36 48.0 70.0 1
    1  761   40   18 68.0 80.0 1
    1 3287  123   58 39.0 60.0 1
    1 3012   97   27 46.0 75.0 1
    1 2037  173  148 30.0 34.0 0
    1 3177  133    0 37.0 90.0 1
    1 2349   42    0 67.0 90.0 1
    1  319  148   11 34.0 84.0 1
    1 1343  148   45 34.0 66.0 1
    1 1158  160  123 32.0 39.0 1
    1  316   62   36 58.0 70.0 1
    1  479   78   36 52.0 70.0 0
    1 1595  173   90 30.0 48.0 1
    1 1098   21    3 78.0 88.0 1
    1 2648  143   51 35.0 63.0 1
    1 3189   93    0 47.0 90.0 0
    1 1722  148   11 34.0 84.0 1
    1 1261  111    3 42.0 88.0 1
    1 3019  166   70 31.0 55.0 1
    1 2678  128   47 38.0 65.0 1
    1 1304   45    0 66.0 90.0 1
    1 3319   58   45 60.0 66.0 1
    1 1530  100    0 45.0 90.0 1
    1 2087   29    0 74.0 90.0 1
    1 2015   55    0 61.0 90.0 1
    1  749   25    0 76.0 90.0 1
    1 2782  148   67 34.0 56.0 1
    1 2585   87   62 49.0 58.0 1
    1  494   21   12 78.0 83.0 1
    1 1938   23    0 77.0 90.0 0
    1 3459  173  166 30.0 31.0 1
    1 1578   14    0 82.0 90.0 0
    1 2240  138    0 36.0 90.0 1
    1 1800   12    0 83.0 90.0 1
    1 1211   60    9 59.0 85.0 1
    1 3127   55    0 61.0 90.0 0
    1  894  166   49 31.0 64.0 1
    1 2557   40   11 68.0 84.0 1
    1 2449   11    0 84.0 90.0 1
    1  479  123   84 39.0 50.0 1
    1 1728  154    7 33.0 86.0 1
    1 2248  104    2 44.0 89.0 1
    1 2922   60    0 59.0 90.0 1
    1 3262  119    0 40.0 90.0 1
    1 1421   29    0 74.0 90.0 1
    1 2134   19    0 79.0 90.0 1
    1 2501   67    0 56.0 90.0 0
    1 3435   49    0 64.0 90.0 1
    1 2969   12   12 83.0 83.0 1
    1 2171  166   11 31.0 84.0 1
    1 2236   32    0 72.0 90.0 1
    1 3051   34    9 71.0 85.0 1
    1  579  100   34 45.0 71.0 1
    1  883   11    0 84.0 90.0 1
    1 2554  138   18 36.0 80.0 1
    1 2593   38   25 69.0 76.0 1
    1 1131   31    0 73.0 90.0 1
    1 2618   45    0 66.0 90.0 1
    1  969   81   73 51.0 54.0 1
    1 1806   65    9 57.0 85.0 1
    1  774   70   11 55.0 84.0 1
    1  471   40    0 68.0 90.0 1
    1 3435  133   78 37.0 52.0 1
    1 1484   67    9 56.0 85.0 1
    1  890   78    0 52.0 90.0 1
    1 2420   16    0 81.0 90.0 1
    1  496   90    5 48.0 87.0 1
    1 3117   93   75 47.0 53.0 1
    1 2818   53    0 62.0 90.0 1
    1 3014  133   97 37.0 46.0 1
    1  580  100   55 45.0 61.0 1
    1 3107   78   65 52.0 57.0 0
    1 2684   67   14 56.0 82.0 1
    1 2550   40    0 68.0 90.0 1
    1  774  128   51 38.0 63.0 0
    1 1515  143    3 35.0 88.0 1
    1  317  119   21 40.0 78.0 1
    1 1092  133  111 37.0 42.0 1
    1 1174   47   45 65.0 66.0 1
    1 1782  104    0 44.0 90.0 1
    1  722  154    0 33.0 90.0 0
    1  689  166    0 31.0 90.0 1
    1  910   55    7 61.0 86.0 0
    1 1550   11    7 84.0 86.0 1
    1 2623  138    0 36.0 90.0 1
    1 2360  166   60 31.0 59.0 1
    1 3272  111   51 42.0 63.0 1
    1 2630  119   25 40.0 76.0 1
    1 2884   65   42 57.0 67.0 0
    1 2635   31    0 73.0 90.0 1
    1 1283   90    0 48.0 90.0 1
    1 1163   49    0 64.0 90.0 0
    1 2679  128    0 38.0 90.0 1
    1 3510  143  100 35.0 45.0 1
    1 1548    2    0 89.0 90.0 1
    1 1614   81   25 51.0 76.0 1
    1  519  133    0 37.0 90.0 1
    1 2072  115   78 41.0 52.0 1
    1 3187   18    0 80.0 90.0 1
    1  599  128   53 38.0 62.0 1
    1 2251  123    0 39.0 90.0 1
    1 2631   67    0 56.0 90.0 1
    1 2476   25   16 76.0 81.0 0
    1 1057  119    0 40.0 90.0 1
    1 2153   75    7 53.0 86.0 1
    1 1641   90    0 48.0 90.0 1
    1 2937   65   51 57.0 63.0 1
    1  318   23    0 77.0 90.0 1
    1  352   93   23 47.0 77.0 1
    1 3246  128    0 38.0 90.0 1
    1 1214  107   40 43.0 68.0 1
    1  642  111   87 42.0 49.0 1
    1  741  100   87 45.0 49.0 1
    1  966   25    0 76.0 90.0 1
    1  366   47   19 65.0 79.0 1
    1 1491  148   53 34.0 62.0 1
    1 3559   29    0 74.0 90.0 1
    1 2577   45   38 66.0 69.0 0
    1  510  148   87 34.0 49.0 1
    1 2416   21    5 78.0 87.0 1
    1  769  166   93 31.0 47.0 1
    1 2993   58   34 60.0 71.0 1
    1 2277   75    0 53.0 90.0 1
    1 2871   14    0 82.0 90.0 1
    1 3273  100    0 45.0 90.0 1
    1 2449  148  104 34.0 44.0 1
    1 1036   97   23 46.0 77.0 1
    1 2884   16    0 81.0 90.0 1
    1  783   38    0 69.0 90.0 1
    1 2443   45    7 66.0 86.0 1
    1  785  148   23 34.0 77.0 0
    1 1597   97   36 46.0 70.0 1
    1 3431  166    0 31.0 90.0 1
    1 1373   21    3 78.0 88.0 1
    1 2546   49    0 64.0 90.0 1
    1 2974   58    0 60.0 90.0 1
    1 2591   53   18 62.0 80.0 1
    1 2696  133   25 37.0 76.0 1
    1 1339   65   58 57.0 60.0 0
    1 3324   75   70 53.0 55.0 1
    1  512   45   25 66.0 76.0 1
    1  672   53    5 62.0 87.0 1
    1 2769   60    0 59.0 90.0 1
    1  765   87   70 49.0 55.0 0
    1 3054   32    0 72.0 90.0 1
    1 1578   32    2 72.0 89.0 1
    1 1069  160  115 32.0 41.0 1
    1 1657   45    0 66.0 90.0 1
    1 1752  119   29 40.0 74.0 1
    1  687  138   67 36.0 56.0 1
    1 2285   97   16 46.0 81.0 1
    1 1222   51    7 63.0 86.0 1
    1 2142   16   12 81.0 83.0 1
    1  915   31    7 73.0 86.0 1
    1 1034   97   12 46.0 83.0 1
    1 2473  100    9 45.0 85.0 1
    1  346   29    7 74.0 86.0 0
    1 1658  138   12 36.0 83.0 0
    1 3231  119    0 40.0 90.0 1
    1  614  111   60 42.0 59.0 1
    1 1504  123   87 39.0 49.0 1
    1 3550   78   32 52.0 72.0 0
    1  376   55   21 61.0 78.0 1
    1  984  115   47 41.0 65.0 1
    1 2042   31    5 73.0 87.0 1
    1 2664   16   12 81.0 83.0 1
    1 3274   29    0 74.0 90.0 0
    1 1092  148    7 34.0 86.0 1
    1 1066  173   60 30.0 59.0 1
    1 2544  115   38 41.0 69.0 1
    1 3354  160    0 32.0 90.0 1
    1  721  104   49 44.0 64.0 1
    1 2902   49    9 64.0 85.0 1
    1 1699   78   73 52.0 54.0 1
    1 1390  119    0 40.0 90.0 1
    1  898  166    3 31.0 88.0 1
    1 1255  123   40 39.0 68.0 1
    1 2305   58    3 60.0 88.0 1
    1 1411  128   65 38.0 57.0 1
    1 2720   38    0 69.0 90.0 1
    1 3320   62   25 58.0 76.0 1
    1  950  107    0 43.0 90.0 1
    1 1707   25    0 76.0 90.0 1
    1 1146  115   23 41.0 77.0 1
    1 2551  100   34 45.0 71.0 1
    1 1094   97   70 46.0 55.0 0
    1 1930   36   16 70.0 81.0 1
    1 3471   58    0 60.0 90.0 1
    1 1420   90    0 48.0 90.0 1
    1 1065    3    0 88.0 90.0 1
    1 1842  160   16 32.0 81.0 1
    1 2914  148   75 34.0 53.0 1
    1 2597   40    0 68.0 90.0 0
    1 2278    9    0 85.0 90.0 1
    1 2358  148  143 34.0 35.0 1
    1 1064  166    9 31.0 85.0 1
    1 2153   60   51 59.0 63.0 1
    1 1935    5    0 87.0 90.0 1
    1  764   97   51 46.0 63.0 0
    1  512  166    2 31.0 89.0 1
    1 2000  111   55 42.0 61.0 1
    1 2388   84    0 50.0 90.0 1
    1  961   81    5 51.0 87.0 1
    1 3110   36    5 70.0 87.0 0
    1 2994  128    0 38.0 90.0 1
    1 2612  119   93 40.0 47.0 1
    1 1682    9    0 85.0 90.0 1
    1  787  119   11 40.0 84.0 1
    1  613   90    0 48.0 90.0 1
    1 2462  166  100 31.0 45.0 1
    1 1283  128   34 38.0 71.0 1
    1 1922   47   18 65.0 80.0 1
    1 3052  148   47 34.0 65.0 1
    1 2414   19    0 79.0 90.0 1
    1  526   55   18 61.0 80.0 1
    1 3563  148   36 34.0 70.0 1
    1  385    7    0 86.0 90.0 1
    1 3258  133   97 37.0 46.0 1
    1 3417   34   11 71.0 84.0 1
    1 3420   84   32 50.0 72.0 1
    1  333   42   32 67.0 72.0 1
    1 1520   45   42 66.0 67.0 1
    1 2377   97   53 46.0 62.0 1
    1 2230  104    0 44.0 90.0 1
    1 2443   51    0 63.0 90.0 0
    1  691   90    0 48.0 90.0 1
    1  760  166    0 31.0 90.0 1
    1 3440  104    0 44.0 90.0 1
    1  330  104    0 44.0 90.0 1
    1 1251  111   29 42.0 74.0 1
    1 2353   81    0 51.0 90.0 1
    1  514  143    0 35.0 90.0 1
    1 2772  154  111 33.0 42.0 1
    1 2996   49   49 64.0 64.0 1
    1 2652   29    2 74.0 89.0 0
    1 2484  148  107 34.0 43.0 1
    1 1491  154   67 33.0 56.0 1
    1 2871  154   55 33.0 61.0 1
    1 1690  143   31 35.0 73.0 1
    1 1067   45    0 66.0 90.0 1
    1 1108   73   31 54.0 73.0 1
    1 1841   25    0 76.0 90.0 1
    1 1318   93    0 47.0 90.0 1
    1 2862   62   53 58.0 62.0 1
    1 1776  100   93 45.0 47.0 1
    1 1800    7    0 86.0 90.0 0
    1 2863   81   29 51.0 74.0 1
    1 2472   73   47 54.0 65.0 0
    1  507   27    5 75.0 87.0 1
    1  934   67    0 56.0 90.0 1
    1  499   19    0 79.0 90.0 1
    1 3126  115    0 41.0 90.0 1
    1 1857   78    0 52.0 90.0 1
    1 2667    3    0 88.0 90.0 1
    1 1809  111    0 42.0 90.0 1
    1 2291   27    0 75.0 90.0 0
    1 1390   38   29 69.0 74.0 1
    1 2986   32   25 72.0 76.0 1
    1 1860  123   40 39.0 68.0 1
    1 2428  143   62 35.0 58.0 1
    1 1252  154    0 33.0 90.0 1
    1 3330  154   14 33.0 82.0 0
    1 3441  154    5 33.0 87.0 1
    1 1543   60   19 59.0 79.0 1
    1 2318  173    0 30.0 90.0 1
    1 3385   27    0 75.0 90.0 1
    1 2209   75   11 53.0 84.0 0
    1  825   16    7 81.0 86.0 1
    1 1503   58    0 60.0 90.0 0
    1 2660   75    0 53.0 90.0 1
    1 2841  115  100 41.0 45.0 1
    1 1672   87   12 49.0 83.0 0
    1  536   93   65 47.0 57.0 1
    1  411   78   18 52.0 80.0 1
    1 2276  115   18 41.0 80.0 1
    1 3237  100    9 45.0 85.0 1
    1 1318  111   51 42.0 63.0 1
    1 2270  115    0 41.0 90.0 1
    1 2071   34    0 71.0 90.0 1
    1  469  166    0 31.0 90.0 0
    1  885   40    3 68.0 88.0 1
    1 1259    2    0 89.0 90.0 1
    1 3419  166   87 31.0 49.0 1
    1 1519   34   31 71.0 73.0 1
    1 2346  107    9 43.0 85.0 1
    1 2897   84    0 50.0 90.0 1
    1 3306  160   40 32.0 68.0 1
    1 3452   55   25 61.0 76.0 1
    1  322   93    0 47.0 90.0 1
    1 3202   38    0 69.0 90.0 1
    1 2933    3    0 88.0 90.0 1
    1  752  115   58 41.0 60.0 1
    1 1068   38   32 69.0 72.0 1
    1 1294   58    0 60.0 90.0 1
    1 2406   29   16 74.0 81.0 1
    1  797   90   49 48.0 64.0 1
    1 1944  138   81 36.0 51.0 1
    1  756   53    0 62.0 90.0 1
    1 1334  173   18 30.0 80.0 1
    1  542  154   31 33.0 73.0 0
    1 2657  128    7 38.0 86.0 1
    1  442   19    0 79.0 90.0 1
    1  883  166    0 31.0 90.0 1
    1 2803   55   27 61.0 75.0 1
    1 2770  111   70 42.0 55.0 1
    1 2528  128   45 38.0 66.0 0
    1 3277   93   51 47.0 63.0 1
    1  310  154    0 33.0 90.0 1
    1 2214   40   16 68.0 81.0 0
    1 2926   53   18 62.0 80.0 1
    1 3415  173  107 30.0 43.0 0
    1  710   19    0 79.0 90.0 1
    1 3446   75   29 53.0 74.0 1
    1 3161   78    3 52.0 88.0 1
    1  379   73   65 54.0 57.0 1
    1 1882   45   42 66.0 67.0 1
    1 1385   67   27 56.0 75.0 1
    1 1910  107   84 43.0 50.0 1
    1  563   70   65 55.0 57.0 1
    1 2832  154    7 33.0 86.0 1
    1 1456  143   93 35.0 47.0 1
    1 3446    7    0 86.0 90.0 1
    1 2707  138    2 36.0 89.0 1
    1 1216   27    7 75.0 86.0 1
    1 1593   97   84 46.0 50.0 1
    1 1466  173  123 30.0 39.0 1
    1 2655  154    0 33.0 90.0 1
    1 2704  148   38 34.0 69.0 1
    1 3383   75    0 53.0 90.0 0
    1  649  123  104 39.0 44.0 1
    1 3506   90    0 48.0 90.0 1
    1 1183   23    9 77.0 85.0 1
    1  853   73   23 54.0 77.0 1
    1 3138   55   12 61.0 83.0 1
    1 3053   45   25 66.0 76.0 1
    1 1332   90   84 48.0 50.0 1
    1  494  160   19 32.0 79.0 1
    1 1553   18    0 80.0 90.0 1
    1 2914  115   18 41.0 80.0 1
    1 3301  111    7 42.0 86.0 1
    1 1013   31   29 73.0 74.0 1
    1  828  173    0 30.0 90.0 1
    1 1496   42    9 67.0 85.0 1
    1 2645  138    0 36.0 90.0 1
    1 1445   40   31 68.0 73.0 0
