 500 500 500 130
    1  952  111   46 61.0 77.0 1
    1 1312  130   69 57.0 71.0 1
    1 1912  125   57 58.0 74.0 1
    1 2403   14    0 86.0 90.0 0
    1 1068  346    0 30.0 90.0 1
    1 1276  180  106 48.0 62.0 1
    1 2144  247    0 39.0 90.0 1
    1 3034   98    0 64.0 90.0 1
    1 2503  115    0 60.0 90.0 1
    1  591   89   25 66.0 83.0 1
    1 3170  286  145 35.0 54.0 1
    1 1298  115   46 60.0 77.0 1
    1 2278   81   81 68.0 68.0 1
    1  696   17    0 85.0 90.0 1
    1 1826  193  140 46.0 55.0 0
    1 2788   65    3 72.0 89.0 1
    1 2263  200  135 45.0 56.0 1
    1 3520  174  115 49.0 60.0 1
    1 2146  207    0 44.0 90.0 1
    1 1329  256  111 38.0 61.0 1
    1  424   85    0 67.0 90.0 0
    1  300  145    0 54.0 90.0 1
    1 2567  286   21 35.0 84.0 1
    1 1538  238    0 40.0 90.0 1
    1 1319  151   17 53.0 85.0 1
    1 2772  238   61 40.0 73.0 1
    1 2443  168   10 50.0 87.0 1
    1 1440  187    0 47.0 90.0 1
    1 3434   89   21 66.0 84.0 1
    1 1081  180  111 48.0 61.0 1
    1 1875  320  256 32.0 38.0 1
    1 3105  200    0 45.0 90.0 1
    1  676  120   57 59.0 74.0 1
    1  446   35    0 80.0 90.0 1
    1 2835  297    0 34.0 90.0 1
    1 1408  168    3 50.0 89.0 1
    1 1142  214   61 43.0 73.0 1
    1 2036   81    0 68.0 90.0 1
    1 1227  125    0 58.0 90.0 1
    1 3145  106   65 62.0 72.0 1
    1 2935  145   85 54.0 67.0 1
    1 2447  168    0 50.0 90.0 1
    1 1027   35   17 80.0 85.0 1
    1  999  230    0 41.0 90.0 1
    1 2620    7    0 88.0 90.0 0
    1 2121  115    0 60.0 90.0 1
    1 1551  265   17 37.0 85.0 1
    1 2538  247  200 39.0 45.0 1
    1 2563  308   39 33.0 79.0 1
    1 3410   69    0 71.0 90.0 1
    1 2949  320   73 32.0 70.0 1
    1  792  151   39 53.0 79.0 1
    1 2808  135   10 56.0 87.0 1
    1 2269  256    0 38.0 90.0 1
    1 3090  193  140 46.0 55.0 1
    1 1164  120   25 59.0 83.0 1
    1 2117   46   25 77.0 83.0 1
    1 3589   98    0 64.0 90.0 1
    1 1939  320    0 32.0 90.0 1
    1 2656  222  214 42.0 43.0 1
    1 2388  297  193 34.0 46.0 1
    1  977  207   17 44.0 85.0 1
    1 2025  214  174 43.0 49.0 1
    1 2688  214    0 43.0 90.0 1
    1 3292   25    0 83.0 90.0 1
    1 1305  106    0 62.0 90.0 1
    1 2014   39    0 79.0 90.0 1
    1 3358   39    0 79.0 90.0 1
    1 2397  140  111 55.0 61.0 1
    1 1329   81   54 68.0 75.0 1
    1 2396  140   32 55.0 81.0 1
    1 3011  230   54 41.0 75.0 1
    1  863   35    0 80.0 90.0 1
    1  681  135   85 56.0 67.0 1
    1  995   10    0 87.0 90.0 1
    1 3069  320   77 32.0 69.0 1
    1 1468  214  162 43.0 51.0 0
    1  712  140    0 55.0 90.0 1
    1  367   25    0 83.0 90.0 1
    1 1011  320   65 32.0 72.0 1
    1 3065  247    0 39.0 90.0 1
    1 3408   89   73 66.0 70.0 1
    1 1334   65    0 72.0 90.0 1
    1  588  214   43 43.0 78.0 1
    1 1888   39    0 79.0 90.0 1
    1 3419  286  247 35.0 39.0 1
    1 2682  180  106 48.0 62.0 1
    1 1143  125  115 58.0 60.0 1
    1  748  174   81 49.0 68.0 1
    1 3589   32    0 81.0 90.0 1
    1 2045  187  151 47.0 53.0 1
    1 1167  120   46 59.0 77.0 1
    1 3260  333  135 31.0 56.0 1
    1  580  162    0 51.0 90.0 1
    1 2867   28    0 82.0 90.0 1
    1 2700  286    0 35.0 90.0 1
    1 1009  320   35 32.0 80.0 1
    1 2514  214   10 43.0 87.0 1
    1  347  111   25 61.0 83.0 1
    1 3310   81   28 68.0 82.0 0
    1 3238  156   32 52.0 81.0 1
    1  460  151    0 53.0 90.0 1
    1 1063  275   10 36.0 87.0 1
    1 1149   81   50 68.0 76.0 1
    1  422   98   73 64.0 70.0 1
    1 2618  207    0 44.0 90.0 1
    1 2422   85    0 67.0 90.0 1
    1 1657  140  111 55.0 61.0 1
    1 2106  346  297 30.0 34.0 1
    1 1827  187   65 47.0 72.0 1
    1 1875   39    0 79.0 90.0 1
    1 3149   25    0 83.0 90.0 0
    1 3408  222    3 42.0 89.0 1
    1 3511   89   17 66.0 85.0 1
    1 1656  333   89 31.0 66.0 1
    1 3426  135   28 56.0 82.0 1
    1  743  207   73 44.0 70.0 1
    1  546   69   32 71.0 81.0 1
    1 1157   73   35 70.0 80.0 1
    1 1563   14    0 86.0 90.0 1
    1  810    7    0 88.0 90.0 1
    1 1031  308    0 33.0 90.0 0
    1 1258  346  222 30.0 42.0 1
    1  903  230    0 41.0 90.0 1
    1 2691  130   93 57.0 65.0 1
    1 3232  200    0 45.0 90.0 1
    1 2166  222   73 42.0 70.0 1
    1 1855  256  151 38.0 53.0 1
    1 3426   10    0 87.0 90.0 1
    1 1812  222   77 42.0 69.0 1
    1 1935  346  156 30.0 52.0 1
    1 3070  120   81 59.0 68.0 0
    1 2113  151    0 53.0 90.0 0
    1 3316   98   32 64.0 81.0 1
    1 2661  265    0 37.0 90.0 1
    1 3533  106   73 62.0 70.0 1
    1 3132  151    0 53.0 90.0 1
    1  302   32   32 81.0 81.0 1
    1 2819   98   10 64.0 87.0 1
    1 3041   25    0 83.0 90.0 1
    1 3289  286    7 35.0 88.0 1
    1 3559  230   89 41.0 66.0 1
    1 1131  286    0 35.0 90.0 1
    1 1334  256  102 38.0 63.0 1
    1 2426  320    0 32.0 90.0 1
    1 1848  187    0 47.0 90.0 1
    1 1646  222   10 42.0 87.0 1
    1 2502  308  193 33.0 46.0 1
    1  770  346   39 30.0 79.0 1
    1 1917   89    0 66.0 90.0 1
    1 1289  214    0 43.0 90.0 1
    1  845  193  162 46.0 51.0 1
    1 2246  256    0 38.0 90.0 1
    1 2120  214  102 43.0 63.0 1
    1 1117   46   28 77.0 82.0 1
    1  321  140    0 55.0 90.0 0
    1  320   77    0 69.0 90.0 1
    1 1763  200    0 45.0 90.0 1
    1 3494  275   17 36.0 85.0 1
    1  537  207    0 44.0 90.0 1
    1 1882  222    0 42.0 90.0 1
    1  342   54    0 75.0 90.0 1
    1 2662  286  140 35.0 55.0 1
    1 1187  222  120 42.0 59.0 1
    1 1817  275   85 36.0 67.0 1
    1  853  168   43 50.0 78.0 1
    1 1238  162   35 51.0 80.0 1
    1 3318   77   65 69.0 72.0 1
    1 1029  125   89 58.0 66.0 1
    1 1268  130    0 57.0 90.0 1
    1 1858  333  187 31.0 47.0 1
    1 2846  297  193 34.0 46.0 1
    1  489   46   17 77.0 85.0 1
    1 2887  346   54 30.0 75.0 1
    1 3340  111   61 61.0 73.0 1
    1  660   93   65 65.0 72.0 0
    1 2408   32    0 81.0 90.0 1
    1 1460  222  200 42.0 45.0 1
    1 1180  238  230 40.0 41.0 1
    1 2410   85   10 67.0 87.0 1
    1 2528   69   25 71.0 83.0 1
    1 2656  140   39 55.0 79.0 1
    1  502  187   46 47.0 77.0 1
    1 1472  187   61 47.0 73.0 1
    1 3483  130    0 57.0 90.0 0
    1 1517  162  151 51.0 53.0 1
    1 2484  174   28 49.0 82.0 1
    1 1019  174    0 49.0 90.0 1
    1 2784  214  111 43.0 61.0 1
    1 2115  230  156 41.0 52.0 1
    1 3061   77    3 69.0 89.0 1
    1 1280  106    0 62.0 90.0 1
    1 2004   77    0 69.0 90.0 1
    1  834  145   14 54.0 86.0 1
    1  441    3    0 89.0 90.0 1
    1 1199   57   21 74.0 84.0 1
    1  888  222   89 42.0 66.0 1
    1  552  102    0 63.0 90.0 1
    1 2395  174   25 49.0 83.0 1
    1 2214  265    0 37.0 90.0 1
    1  793   17    0 85.0 90.0 1
    1 1445  222   81 42.0 68.0 1
    1 3004  174    0 49.0 90.0 1
    1 2959  214  187 43.0 47.0 1
    1 2451  162  130 51.0 57.0 1
    1 3325  193    0 46.0 90.0 1
    1 3207  214    0 43.0 90.0 1
    1 3578  286   28 35.0 82.0 1
    1 2573  102    0 63.0 90.0 0
    1 3419   25    0 83.0 90.0 1
    1 2833  320   43 32.0 78.0 1
    1 3079  230  168 41.0 50.0 1
    1 2193   17    0 85.0 90.0 1
    1 1871   54   17 75.0 85.0 1
    1 2287   89    0 66.0 90.0 1
    1 2827  256    0 38.0 90.0 1
    1  681   43    0 78.0 90.0 1
    1 2211  180   43 48.0 78.0 1
    1  646   69    0 71.0 90.0 1
    1 1860  297   17 34.0 85.0 1
    1 2913  120   10 59.0 87.0 1
    1 2453   69    3 71.0 89.0 1
    1 1535  214  111 43.0 61.0 1
    1 1134  200  130 45.0 57.0 1
    1 1515  156   32 52.0 81.0 1
    1 3032  193    0 46.0 90.0 1
    1 1396  297  156 34.0 52.0 1
    1 1351  162  130 51.0 57.0 1
    1 1575   73   17 70.0 85.0 1
    1  939  286  111 35.0 61.0 1
    1 2207  180    0 48.0 90.0 0
    1 2522  320  130 32.0 57.0 1
    1 3123  308   69 33.0 71.0 1
    1 3544  130   14 57.0 86.0 1
    1 1548   77   43 69.0 78.0 1
    1 2300   77    0 69.0 90.0 1
    1  770  135    0 56.0 90.0 1
    1 3496  230   17 41.0 85.0 1
    1 1411   39    0 79.0 90.0 1
    1 1288  275   98 36.0 64.0 0
    1  896  297   89 34.0 66.0 1
    1 3475  111   50 61.0 76.0 1
    1 3463  193   35 46.0 80.0 1
    1 3244  275   93 36.0 65.0 1
    1 1631  346   61 30.0 73.0 1
    1 1312  145    0 54.0 90.0 1
    1 1405  286  200 35.0 45.0 1
    1 2136  145   65 54.0 72.0 1
    1 3361  214  156 43.0 52.0 1
    1 2702  207    0 44.0 90.0 0
    1 2614  346   57 30.0 74.0 0
    1 3556  106   93 62.0 65.0 1
    1 1361   77   39 69.0 79.0 1
    1 2766  320  115 32.0 60.0 1
    1 1289  145    0 54.0 90.0 1
    1 2858  102    0 63.0 90.0 1
    1 1961  156    0 52.0 90.0 1
    1 1035   14    0 86.0 90.0 1
    1 3317  265  200 37.0 45.0 0
    1 2915  207   98 44.0 64.0 1
    1  720   54    0 75.0 90.0 1
    1 2221  286   65 35.0 72.0 1
    1 1634  145   14 54.0 86.0 1
    1  644  297    0 34.0 90.0 1
    1 3373  151    0 53.0 90.0 1
    1 1722   61    0 73.0 90.0 1
    1 1852  297  286 34.0 35.0 1
    1 2103  247   50 39.0 76.0 1
    1 2877  193  130 46.0 57.0 1
    1  817   46    0 77.0 90.0 1
    1 3502  193    3 46.0 89.0 1
    1 3191  168    0 50.0 90.0 1
    1 1617  238  135 40.0 56.0 1
    1 1705  286  230 35.0 41.0 1
    1  909  135    0 56.0 90.0 1
    1  353   89   10 66.0 87.0 1
    1 3368   35   28 80.0 82.0 1
    1 2572  230    0 41.0 90.0 1
    1 2572  115  111 60.0 61.0 0
    1 2802  265  238 37.0 40.0 1
    1 1253   28    0 82.0 90.0 1
    1  672   77   73 69.0 70.0 1
    1 2354   69   35 71.0 80.0 1
    1 2773  130  115 57.0 60.0 0
    1  684   35    0 80.0 90.0 1
    1  846  238   32 40.0 81.0 0
    1 2096  193    0 46.0 90.0 1
    1 1584  200   57 45.0 74.0 1
    1 3167  247  156 39.0 52.0 1
    1  373   93   85 65.0 67.0 1
    1  934   43    0 78.0 90.0 1
    1  987  145   35 54.0 80.0 1
    1 3056   54   50 75.0 76.0 1
    1 2313  222    0 42.0 90.0 0
    1 1144   25    0 83.0 90.0 1
    1 2312  320  193 32.0 46.0 1
    1 1761  297    0 34.0 90.0 1
    1 2300  115   14 60.0 86.0 1
    1 2220  115  111 60.0 61.0 1
    1 3536  297  200 34.0 45.0 1
    1 2536  247   89 39.0 66.0 1
    1 1110  214   89 43.0 66.0 0
    1 1621  106   81 62.0 68.0 1
    1 1224  333  187 31.0 47.0 0
    1 1248  346   21 30.0 84.0 1
    1 2299   65   35 72.0 80.0 1
    1 1913   81   21 68.0 84.0 1
    1 3402  174   85 49.0 67.0 1
    1  504   25    0 83.0 90.0 1
    1 1617   69    0 71.0 90.0 1
    1 3327  168   73 50.0 70.0 1
    1  577   73   28 70.0 82.0 1
    1  337   77   35 69.0 80.0 1
    1 1129  180    0 48.0 90.0 1
    1 1155  174  115 49.0 60.0 0
    1 1780  135    0 56.0 90.0 1
    1 2654  111   61 61.0 73.0 1
    1 3453  346   14 30.0 86.0 1
    1  646   35   32 80.0 81.0 1
    1 1343  151   85 53.0 67.0 1
    1 3417  308   98 33.0 64.0 1
    1 1970  308  200 33.0 45.0 1
    1 3568  156   50 52.0 76.0 1
    1  432  115   43 60.0 78.0 1
    1  784  297    7 34.0 88.0 1
    1 1035  275   17 36.0 85.0 1
    1 1400  120  106 59.0 62.0 1
    1 1872  168  145 50.0 54.0 1
    1 3339    3    0 89.0 90.0 1
    1  589  151  102 53.0 63.0 1
    1 3025  102    0 63.0 90.0 0
    1 2491   10    7 87.0 88.0 1
    1 2233  151    0 53.0 90.0 1
    1 1810  275  230 36.0 41.0 1
    1 1036  286  174 35.0 49.0 1
    1  793   39    0 79.0 90.0 1
    1  895  200   32 45.0 81.0 1
    1 1961  135    0 56.0 90.0 1
    1 1574   98   73 64.0 70.0 1
    1 1097  256   10 38.0 87.0 1
    1 1049  135   85 56.0 67.0 0
    1  798  238  115 40.0 60.0 1
    1  417  102   54 63.0 75.0 1
    1 1134  156  106 52.0 62.0 1
    1  616  193    0 46.0 90.0 1
    1 1753  174   54 49.0 75.0 1
    1 2491  214  125 43.0 58.0 1
    1 3071  320  256 32.0 38.0 1
    1  404  180    7 48.0 88.0 1
    1 3385  222    3 42.0 89.0 1
    1 1806  156  151 52.0 53.0 1
    1 3416  168    0 50.0 90.0 1
    1 1312  308  238 33.0 40.0 1
    1 2863  193  168 46.0 50.0 0
    1 2522  174   39 49.0 79.0 1
    1 3347  193   93 46.0 65.0 1
    1 2923   77   46 69.0 77.0 1
    1 2628  180   39 48.0 79.0 1
    1 1523  145  125 54.0 58.0 1
    1 2370  115   14 60.0 86.0 1
    1  911   65   25 72.0 83.0 0
    1 3570   61    0 73.0 90.0 1
    1 1758  320  102 32.0 63.0 1
    1 2872  200   65 45.0 72.0 1
    1 1894   35    7 80.0 88.0 1
    1 1151  275  115 36.0 60.0 1
    1  888  130   25 57.0 83.0 1
    1 2929  135   46 56.0 77.0 1
    1 1078   77    0 69.0 90.0 1
    1 1751   46    0 77.0 90.0 1
    1  406  151    7 53.0 88.0 1
    1 2690  115    0 60.0 90.0 1
    1 2840  333    0 31.0 90.0 1
    1 1614   69    3 71.0 89.0 1
    1 1988  151  115 53.0 60.0 1
    1  352  106   28 62.0 82.0 1
    1 1230   57   28 74.0 82.0 1
    1  836  193    0 46.0 90.0 0
    1 1548   98    0 64.0 90.0 1
    1  415    3    0 89.0 90.0 1
    1  396   21    0 84.0 90.0 1
    1  592   89    0 66.0 90.0 1
    1  883  174   89 49.0 66.0 1
    1 1548   50    0 76.0 90.0 1
    1 2387  207    0 44.0 90.0 1
    1 1642   50    0 76.0 90.0 1
    1  306  115    0 60.0 90.0 1
    1 1260  106    0 62.0 90.0 1
    1  704   25    0 83.0 90.0 1
    1 3312  174    0 49.0 90.0 1
    1 1794  346   50 30.0 76.0 1
    1 2602   46    0 77.0 90.0 1
    1  698  187   98 47.0 64.0 1
    1  722  156    0 52.0 90.0 1
    1  340  125    0 58.0 90.0 1
    1 1696   46    0 77.0 90.0 1
    1 1027  275  162 36.0 51.0 1
    1 3483  174  174 49.0 49.0 1
    1 2169  222  180 42.0 48.0 1
    1  764  135   17 56.0 85.0 1
    1 2688  308  111 33.0 61.0 1
    1 3512  275   69 36.0 71.0 1
    1 1363  286   73 35.0 70.0 1
    1  597  193    0 46.0 90.0 1
    1  494  106   61 62.0 73.0 1
    1 1944  247   93 39.0 65.0 1
    1 2016  238   81 40.0 68.0 1
    1 1420  256    0 38.0 90.0 1
    1  930   85    0 67.0 90.0 1
    1  786  200    0 45.0 90.0 1
    1 1372  333    0 31.0 90.0 1
    1 2014  222   35 42.0 80.0 1
    1 1489  320  168 32.0 50.0 0
    1 3430  120    0 59.0 90.0 1
    1 2527  247  238 39.0 40.0 1
    1 3289  320    0 32.0 90.0 1
    1 2246   85   65 67.0 72.0 1
    1  860  238  111 40.0 61.0 0
    1 2600  275   69 36.0 71.0 1
    1 3245  187  168 47.0 50.0 1
    1 2963  156   43 52.0 78.0 1
    1 2607  135   61 56.0 73.0 1
    1 2851  230    0 41.0 90.0 1
    1 2371  120    0 59.0 90.0 1
    1 2214  320  130 32.0 57.0 1
    1 3294  168  106 50.0 62.0 1
    1 3050   39    0 79.0 90.0 1
    1  967   73    0 70.0 90.0 1
    1 3212  286  120 35.0 59.0 1
    1 1528  156  111 52.0 61.0 1
    1  426   17    0 85.0 90.0 1
    1 2740   14    0 86.0 90.0 1
    1 2202  156   54 52.0 75.0 0
    1  475  140    0 55.0 90.0 1
    1  806   57   57 74.0 74.0 1
    1 2307  207   50 44.0 76.0 1
    1  464  214    0 43.0 90.0 1
    1 2424   39   39 79.0 79.0 1
    1 2194   35    0 80.0 90.0 1
    1 3498  168   17 50.0 85.0 1
    1 1351   25    0 83.0 90.0 1
    1 2899  135  111 56.0 61.0 0
    1 2127   77   57 69.0 74.0 1
    1 1397  222    3 42.0 89.0 1
    1  667  286    0 35.0 90.0 1
    1 2361  130    0 57.0 90.0 1
    1 3050  156  145 52.0 54.0 1
    1 1539   50   28 76.0 82.0 1
    1 1894  193    0 46.0 90.0 1
    1 1661  214    3 43.0 89.0 1
    1 3224  130  115 57.0 60.0 0
    1 2572   77   35 69.0 80.0 1
    1 2562  333   28 31.0 82.0 1
    1 2784  207  180 44.0 48.0 1
    1 2752  180    0 48.0 90.0 1
    1  544   93   89 65.0 66.0 1
    1 1343  230  187 41.0 47.0 1
    1  859  156   69 52.0 71.0 1
    1 1012   54   50 75.0 76.0 1
    1 1833   39    0 79.0 90.0 1
    1  819   46    0 77.0 90.0 1
    1 3596   77   50 69.0 76.0 1
    1 2696  168    0 50.0 90.0 1
    1 2688  346   57 30.0 74.0 1
    1 1926  238    0 40.0 90.0 1
    1 1235  256   21 38.0 84.0 1
    1  440  174    0 49.0 90.0 1
    1 3128   32    0 81.0 90.0 1
    1  950   14    0 86.0 90.0 1
    1 2269  256    3 38.0 89.0 1
    1 1733  320   28 32.0 82.0 1
    1 1832  275   73 36.0 70.0 1
    1 1152  162   35 51.0 80.0 1
    1 2264  308  125 33.0 58.0 1
    1 2990  247  238 39.0 40.0 1
    1 3018  174    3 49.0 89.0 1
    1 1430  297   57 34.0 74.0 1
    1 2584  286  140 35.0 55.0 1
    1 1276  247    7 39.0 88.0 1
    1  874  130   77 57.0 69.0 1
    1 1488  162   21 51.0 84.0 1
    1 2893   21    0 84.0 90.0 1
    1 3571  230   39 41.0 79.0 1
    1 2795   46    3 77.0 89.0 1
    1 1286  151    3 53.0 89.0 1
    1 3378   98    0 64.0 90.0 1
    1  839  120    0 59.0 90.0 1
    1 1055  174   54 49.0 75.0 0
    1 3003   14    0 86.0 90.0 1
    1 2106  238  130 40.0 57.0 1
    1 2744  308  247 33.0 39.0 1
    1 3454  286    0 35.0 90.0 1
    1 1596   81    0 68.0 90.0 1
    1 1766   65   21 72.0 84.0 1
    1 2824  187   77 47.0 69.0 1
    1 1266  180   77 48.0 69.0 1
    1 2403  346   14 30.0 86.0 1
    1  439  125   93 58.0 65.0 1
    1  466   73   73 70.0 70.0 1
    1 2207  286    7 35.0 88.0 1
