 500 500 500 130
    1  731  168    0 50.0 90.0 1
    1 1143   39   39 79.0 79.0 1
    1 2281  265  115 37.0 60.0 1
    1  901   81   43 68.0 78.0 1
    1 1976  286   17 35.0 85.0 1
    1 1289  297  130 34.0 57.0 1
    1 2490  320   32 32.0 81.0 1
    1 2938  214   73 43.0 70.0 1
    1 1049   43    0 78.0 90.0 1
    1 1842  256   54 38.0 75.0 1
    1  830  162    0 51.0 90.0 1
    1 2862  222  106 42.0 62.0 1
    1 3372  115  102 60.0 63.0 1
    1 3172  180  145 48.0 54.0 1
    1 1227   50   25 76.0 83.0 0
    1 3251   61   21 73.0 84.0 1
    1  652  238   54 40.0 75.0 1
    1 1844  193   93 46.0 65.0 1
    1 3174  297   81 34.0 68.0 1
    1  906  120  102 59.0 63.0 1
    1  445   73    0 70.0 90.0 1
    1 1467  222    0 42.0 90.0 1
    1 2459   32    0 81.0 90.0 1
    1  429   46   10 77.0 87.0 1
    1 2426   39   35 79.0 80.0 1
    1 3314   35    0 80.0 90.0 1
    1 3182  180  156 48.0 52.0 1
    1 2452  265    3 37.0 89.0 1
    1 2057  162  111 51.0 61.0 1
    1 3483  168    0 50.0 90.0 1
    1 2106   50    0 76.0 90.0 1
    1 2122  140    0 55.0 90.0 1
    2 1070  125   85 58.0 67.0 1
    1  860    7    0 88.0 90.0 1
    1 2369  193   10 46.0 87.0 1
    1 1212  151  140 53.0 55.0 1
    1 3476  275  256 36.0 38.0 0
    1 2091  156    0 52.0 90.0 1
    1 1452  174  145 49.0 54.0 1
    1 2120  130   57 57.0 74.0 1
    1  429   43    0 78.0 90.0 1
    1  701  346    0 30.0 90.0 1
    1 2475  200    0 45.0 90.0 1
    1 3367  275   65 36.0 72.0 1
    1 1908   32    0 81.0 90.0 1
    1 3043  130   32 57.0 81.0 1
    1  971  125   50 58.0 76.0 1
    1 1597  115   32 60.0 81.0 1
    1  920  156   57 52.0 74.0 1
    1 3534   98    0 64.0 90.0 1
    1 2146  193    0 46.0 90.0 1
    1 1348   77   54 69.0 75.0 1
    1  476   43   25 78.0 83.0 1
    1 1521   89   85 66.0 67.0 0
    1 3181   57    0 74.0 90.0 1
    1  932  130   32 57.0 81.0 1
    1 1686  115    0 60.0 90.0 0
    1 2540  247    0 39.0 90.0 1
    1 3322   43   35 78.0 80.0 1
    1 2999   35    0 80.0 90.0 1
    1 1420  115   61 60.0 73.0 1
    1 1046   93    0 65.0 90.0 1
    1  727  135    0 56.0 90.0 1
    1 2784   61    0 73.0 90.0 1
    1 3247  297   14 34.0 86.0 1
    1 2068  256   89 38.0 66.0 1
    1 2766   85    0 67.0 90.0 0
    1 3130   85    3 67.0 89.0 1
    1  779  125   89 58.0 66.0 1
    1 2651  156   35 52.0 80.0 1
    1 1773   21    0 84.0 90.0 1
    1 3338  214    0 43.0 90.0 1
    1  929  238  120 40.0 59.0 0
    1  711  174    0 49.0 90.0 0
    1  620  102   69 63.0 71.0 1
    1  623   89    0 66.0 90.0 1
    1 2574   98   77 64.0 69.0 1
    1  358   93    0 65.0 90.0 1
    1  344  111    0 61.0 90.0 1
    1 3368  200   73 45.0 70.0 1
    1 3549  174    0 49.0 90.0 1
    1 2518   57    0 74.0 90.0 1
    1  794   73   57 70.0 74.0 1
    1 2874  193  145 46.0 54.0 1
    1 1909   98   10 64.0 87.0 1
    1  596   10    0 87.0 90.0 1
    1 2962  120   39 59.0 79.0 0
    1 1844  320   65 32.0 72.0 0
    1 2807   73   46 70.0 77.0 1
    1 3510  308   93 33.0 65.0 1
    1 1178  145    0 54.0 90.0 1
    1 2365   93    0 65.0 90.0 0
    1 1605  130  111 57.0 61.0 0
    1 1422  346  115 30.0 60.0 1
    0  957   54    0 75.0 90.0 1
    1 3359  222   77 42.0 69.0 1
    1  559  222    0 42.0 90.0 1
    1 2837  187   10 47.0 87.0 1
    1 3310   85    0 67.0 90.0 1
    1 1871  297    7 34.0 88.0 1
    1 3087  256   98 38.0 64.0 1
    1 3278  102   35 63.0 80.0 1
    1 3265   81   21 68.0 84.0 1
    1  932   57    0 74.0 90.0 1
    1  927   21    0 84.0 90.0 1
    1 3484   89   32 66.0 81.0 1
    1 2250  115   43 60.0 78.0 1
    1 1538  333    0 31.0 90.0 1
    1 2183  256  193 38.0 46.0 1
    1 1274   10    3 87.0 89.0 1
    1 2119   77   61 69.0 73.0 1
    1 2746   46   14 77.0 86.0 1
    1 1337  162    0 51.0 90.0 1
    1 3032  193   98 46.0 64.0 1
    1 3366  247   28 39.0 82.0 1
    1 2760  111   14 61.0 86.0 1
    1 1215  174  151 49.0 53.0 1
    1 1250  130   89 57.0 66.0 1
    1  715  275   57 36.0 74.0 0
    1 1322  247   21 39.0 84.0 1
    1 3039   10    0 87.0 90.0 0
    1 2115  187   57 47.0 74.0 1
    1 2185  145  106 54.0 62.0 1
    1  370   39   25 79.0 83.0 1
    1 1234   93    0 65.0 90.0 1
    1 1540  130   57 57.0 74.0 1
    1 1301  333   21 31.0 84.0 1
    1 1795  297    0 34.0 90.0 0
    1  651  193   98 46.0 64.0 1
    1  842  275   14 36.0 86.0 1
    1 1558  333   43 31.0 78.0 1
    1  616   25    0 83.0 90.0 1
    1 2667   77    0 69.0 90.0 1
    1 1490  238  106 40.0 62.0 1
    1 2810   28    0 82.0 90.0 1
    1  665  320    0 32.0 90.0 1
    1 1870  102   93 63.0 65.0 1
    1  817   93   17 65.0 85.0 1
    1 1317  265  162 37.0 51.0 1
    1 2603  222  130 42.0 57.0 1
    1  855  214   50 43.0 76.0 1
    1 2160  200    0 45.0 90.0 1
    1 3166   54    0 75.0 90.0 1
    1 2259   73    0 70.0 90.0 1
    1  511  125    0 58.0 90.0 1
    1 1708   32    0 81.0 90.0 1
    1  513   81   65 68.0 72.0 1
    1  576   25    0 83.0 90.0 1
    1 1108  214  180 43.0 48.0 1
    1 3378  180   73 48.0 70.0 1
    1 3344   77    3 69.0 89.0 1
    1 3237  333  320 31.0 32.0 1
    1 3275  222   21 42.0 84.0 1
    1 2421   39    0 79.0 90.0 0
    1 1916  187  180 47.0 48.0 1
    1 1212  320   14 32.0 86.0 1
    1  915  238    0 40.0 90.0 0
    1 3134  145   25 54.0 83.0 1
    1 1151  333    0 31.0 90.0 1
    1  565  140    0 55.0 90.0 1
    1 1044  151   98 53.0 64.0 1
    0 2582  308  174 33.0 49.0 1
    1 2877  256   69 38.0 71.0 1
    1 3036  308  140 33.0 55.0 1
    1 1870   81    0 68.0 90.0 1
    2 1902   81    0 68.0 90.0 1
    1 2518  102    0 63.0 90.0 1
    1 1124  156   73 52.0 70.0 1
    1 1199  140    0 55.0 90.0 1
    1 1575  102    0 63.0 90.0 0
    1 3029  187    0 47.0 90.0 1
    1  327   61    0 73.0 90.0 0
    1 1532   93   25 65.0 83.0 1
    1 2476  174   65 49.0 72.0 1
    1 1308  193  135 46.0 56.0 1
    1  488   43    0 78.0 90.0 1
    1 2660  193   35 46.0 80.0 1
    1 1656  111   89 61.0 66.0 0
    1 3566   54    0 75.0 90.0 1
    1 1505  187   14 47.0 86.0 1
    1 3093  156  135 52.0 56.0 0
    1 2821  207  168 44.0 50.0 1
    1 1890  238    7 40.0 88.0 1
    1  822  162   35 51.0 80.0 0
    1  723  207    7 44.0 88.0 1
    1 2949  297   10 34.0 87.0 1
    1 2795   73    0 70.0 90.0 0
    2  381    7    0 88.0 90.0 1
    1 2037  180  115 48.0 60.0 1
    1  846  162   35 51.0 80.0 1
    1 1199  238    0 40.0 90.0 1
    1 3067  187   73 47.0 70.0 1
    1  922   65    0 72.0 90.0 1
    1 3428   17   10 85.0 87.0 1
    1  980  135    0 56.0 90.0 1
    1 2033  106    7 62.0 88.0 1
    1 2193   81    0 68.0 90.0 1
    1 2933  230  130 41.0 57.0 1
    1 1074   61   61 73.0 73.0 1
    1 3300  222  130 42.0 57.0 1
    1 1193  180    0 48.0 90.0 1
    1 2309  346    0 30.0 90.0 0
    1 1031  308   17 33.0 85.0 1
    1 2546  308  174 33.0 49.0 1
    1  840  168   46 50.0 77.0 1
    1 2413  308   61 33.0 73.0 0
    1 2801   43    0 78.0 90.0 1
    1  787  151   35 53.0 80.0 1
    1  845  162  106 51.0 62.0 1
    1 3159  193  193 46.0 46.0 1
    1 2787  111    0 61.0 90.0 1
    1 1231  168    0 50.0 90.0 1
    1 1623  297   93 34.0 65.0 1
    1 3536   43   25 78.0 83.0 1
    1 3033  297    0 34.0 90.0 1
    1  954   85    0 67.0 90.0 1
    1 2824  193   50 46.0 76.0 1
    1 3173  193  145 46.0 54.0 1
    1  670   35    0 80.0 90.0 1
    1 2798  297  286 34.0 35.0 1
    1 2667  222   93 42.0 65.0 1
    1 2979   69    0 71.0 90.0 1
    1  884   17    0 85.0 90.0 1
    1  374   81    0 68.0 90.0 1
    1 2282  297   77 34.0 69.0 1
    1 1124  238  174 40.0 49.0 1
    1  956  297  140 34.0 55.0 1
    1 1700  140    0 55.0 90.0 1
    1 1901   21    0 84.0 90.0 1
    1 3211   69    0 71.0 90.0 1
    1 2898  168   17 50.0 85.0 1
    1 1382   81    7 68.0 88.0 1
    1 3482  193    0 46.0 90.0 1
    1 3178   32    3 81.0 89.0 1
    1  968  145  130 54.0 57.0 1
    1  769  151   81 53.0 68.0 1
    1 1863  156   46 52.0 77.0 1
    1 3473  207  102 44.0 63.0 1
    1  555  156   32 52.0 81.0 1
    1 2243  308    7 33.0 88.0 1
    1 2758  125    0 58.0 90.0 1
    1 2049   61    0 73.0 90.0 1
    1 1069  308   10 33.0 87.0 1
    1 2514   32   21 81.0 84.0 1
    1 2867  214  162 43.0 51.0 1
    1  728  174   10 49.0 87.0 1
    1 1739   65    0 72.0 90.0 1
    1 3578  230  207 41.0 44.0 1
    1 1054  135   39 56.0 79.0 1
    1 2575  256    0 38.0 90.0 1
    1  629  230    0 41.0 90.0 1
    1  726  214   54 43.0 75.0 1
    1 1975  230    0 41.0 90.0 0
    1 2292  140   89 55.0 66.0 1
    1 2692  162  140 51.0 55.0 1
    1 2692  275    3 36.0 89.0 1
    1 2662  156   77 52.0 69.0 1
    1 3538   73    0 70.0 90.0 1
    1 3147   81   54 68.0 75.0 1
    1 2650  145   77 54.0 69.0 1
    1  927  275    0 36.0 90.0 1
    1 1184   28    0 82.0 90.0 1
    1 1185  222    7 42.0 88.0 1
    1 1278  214   93 43.0 65.0 1
    1  565   85   35 67.0 80.0 1
    1  819   98   14 64.0 86.0 1
    1 1792  346  297 30.0 34.0 1
    1 3312   54   43 75.0 78.0 1
    1 3494   89    0 66.0 90.0 1
    1  378   17    0 85.0 90.0 1
    1 1361  168   35 50.0 80.0 1
    1 2379   73    0 70.0 90.0 0
    1 1744  180  168 48.0 50.0 1
    1 3081  145    0 54.0 90.0 1
    1 2491  265   54 37.0 75.0 1
    1 2384  120   32 59.0 81.0 0
    1 3414   69   69 71.0 71.0 1
    1 2925  297   93 34.0 65.0 1
    0  647  162  151 51.0 53.0 1
    1 2280   17    0 85.0 90.0 1
    1  528  125   39 58.0 79.0 1
    1 3137  275    7 36.0 88.0 1
    1 2366  174   50 49.0 76.0 0
    1 2695  286  111 35.0 61.0 1
    1 1502  156    0 52.0 90.0 1
    1 2381  130   21 57.0 84.0 1
    1 1132  320    0 32.0 90.0 1
    1 2144  333  200 31.0 45.0 0
    1 3009   32    0 81.0 90.0 1
    1 3455   28    0 82.0 90.0 1
    1  801  222   73 42.0 70.0 0
    1  399   39    0 79.0 90.0 1
    1  591   50   32 76.0 81.0 1
    1 2290   35    0 80.0 90.0 1
    1 3560  247    0 39.0 90.0 1
    1  998  106    0 62.0 90.0 0
    0 2797   98   69 64.0 71.0 1
    1 3298  265  180 37.0 48.0 1
    1 1578  180   14 48.0 86.0 1
    1 3090   35   14 80.0 86.0 0
    1 2356  115   21 60.0 84.0 1
    1 3022   69    0 71.0 90.0 1
    1 1670   21    0 84.0 90.0 0
    1 1715  162  140 51.0 55.0 0
    1  794  320   65 32.0 72.0 1
    1  585   35   25 80.0 83.0 1
    1 1444  193   61 46.0 73.0 1
    1 2489  115   28 60.0 82.0 1
    1 1920   25    0 83.0 90.0 1
    1  600  230    0 41.0 90.0 1
    1 2726   93    0 65.0 90.0 1
    1 1294  230   73 41.0 70.0 1
    1 2311  230  180 41.0 48.0 1
    1 1893   98    0 64.0 90.0 1
    1  327   14    0 86.0 90.0 1
    1 2237  230   65 41.0 72.0 1
    1 3198  222  200 42.0 45.0 1
    1 1295  193    0 46.0 90.0 1
    1 1513   10    0 87.0 90.0 1
    1 2943  214   39 43.0 79.0 1
    1 1243  145   81 54.0 68.0 1
    1 1762  162    0 51.0 90.0 1
    1  559  156  102 52.0 63.0 0
    1 1266  174   57 49.0 74.0 1
    1 1755  162  145 51.0 54.0 1
    1 1583  180   50 48.0 76.0 1
    1  604  207    0 44.0 90.0 1
    1 1584  275   25 36.0 83.0 1
    1 3208  256    0 38.0 90.0 0
    1 2928   89   35 66.0 80.0 1
    1 2481  156    0 52.0 90.0 1
    1 3532   81    0 68.0 90.0 1
    1 1986  180   65 48.0 72.0 1
    1 1538  207   50 44.0 76.0 1
    1 2799  200    0 45.0 90.0 0
    2 3310  256    7 38.0 88.0 1
    1 2864  168    7 50.0 88.0 1
    1 1066  297  106 34.0 62.0 0
    1 1639  214  168 43.0 50.0 1
    1 2951  180  106 48.0 62.0 1
    1 1431  286   69 35.0 71.0 1
    1 2806  106    0 62.0 90.0 1
    1 1243  156   54 52.0 75.0 1
    1  693   14    0 86.0 90.0 1
    1 1338  120    0 59.0 90.0 1
    1 1990  162    0 51.0 90.0 1
    1 1857  135   39 56.0 79.0 1
    1 1810   17   14 85.0 86.0 1
    1 3488  140    3 55.0 89.0 1
    1 1346   85   28 67.0 82.0 1
    1 1738  180   14 48.0 86.0 1
    1 2876  333  174 31.0 49.0 1
    1 2092  297    3 34.0 89.0 0
    1 3502   81   17 68.0 85.0 1
    1 2369  120   65 59.0 72.0 1
    1 1452  145   54 54.0 75.0 1
    1 2228   65   39 72.0 79.0 1
    1 1931  346  320 30.0 32.0 1
    1  685   69   21 71.0 84.0 1
    1 1996  168  151 50.0 53.0 1
    1 1065  130   46 57.0 77.0 1
    1 1447  174   28 49.0 82.0 1
    1  960   81   61 68.0 73.0 1
    1 2172  125   69 58.0 71.0 1
    1 2110  333    0 31.0 90.0 1
    1 2189   65    0 72.0 90.0 1
    1 3566  333    0 31.0 90.0 1
    1  608   54   35 75.0 80.0 0
    1  615  265   39 37.0 79.0 0
    1  670  193   17 46.0 85.0 1
    1 3426  297    0 34.0 90.0 1
    1 1747   89   25 66.0 83.0 1
    1 3594  130    0 57.0 90.0 1
    1 2200  333    0 31.0 90.0 1
    1 1284  346  174 30.0 49.0 1
    1 1650   17    0 85.0 90.0 1
    1  704  125  111 58.0 61.0 1
    1 1243   85    0 67.0 90.0 1
    1 3408  286   21 35.0 84.0 1
    1  739   98    0 64.0 90.0 1
    1 2163   89    0 66.0 90.0 1
    1 3431  187    0 47.0 90.0 1
    1  455   73    0 70.0 90.0 1
    1 3429   43    0 78.0 90.0 0
    1 2500  135    0 56.0 90.0 1
    1  690  265   73 37.0 70.0 0
    1 2857    3    0 89.0 90.0 1
    1 1010  115    0 60.0 90.0 1
    1 2088  120    0 59.0 90.0 1
    1 1932   28   10 82.0 87.0 1
    1 2911  230  120 41.0 59.0 1
    1  340   73    0 70.0 90.0 1
    1 3258   85   10 67.0 87.0 1
    1 2011  162   73 51.0 70.0 1
    1  973  151  135 53.0 56.0 0
    1 3145  275  193 36.0 46.0 0
    1 1438   39    3 79.0 89.0 1
    1  709  207  120 44.0 59.0 1
    1 1360  238  230 40.0 41.0 0
    1 2714  120    0 59.0 90.0 1
    1 1826  193  151 46.0 53.0 1
    1 1209  222   35 42.0 80.0 1
    1 3310   69    7 71.0 88.0 0
    1 1462  174   10 49.0 87.0 0
    1  652   61    0 73.0 90.0 1
    1 2885  106   93 62.0 65.0 0
    1 3551   32   28 81.0 82.0 1
    1 1266  102   69 63.0 71.0 1
    1 2955  247    0 39.0 90.0 1
    1 1411  187    0 47.0 90.0 1
    1  977  151    0 53.0 90.0 0
    1 2223   65    0 72.0 90.0 1
    1 2836  120    0 59.0 90.0 1
    1 2534  125   14 58.0 86.0 1
    1  681  297    0 34.0 90.0 1
    1 2951  247  115 39.0 60.0 1
    1  798  200  174 45.0 49.0 1
    1  336  151    0 53.0 90.0 1
    1  383  125   32 58.0 81.0 1
    1 1813  207  207 44.0 44.0 1
    1 2921  265   65 37.0 72.0 1
    1 2286  187    0 47.0 90.0 1
    1 1641  180   28 48.0 82.0 0
    1 2322   77   39 69.0 79.0 1
    1 3407   77    3 69.0 89.0 1
    1 1926  214   10 43.0 87.0 1
    1 1335   93    0 65.0 90.0 1
    1 1686  320    0 32.0 90.0 1
    1 2800  168    0 50.0 90.0 1
    1 2034  207  187 44.0 47.0 1
    1 3369   81   21 68.0 84.0 0
    1  631   61   57 73.0 74.0 1
    1 1397  151   98 53.0 64.0 1
    1  316   57   32 74.0 81.0 1
    1 1359   25    0 83.0 90.0 1
    1 3474  286    3 35.0 89.0 0
    1 3560   98   93 64.0 65.0 1
    1  476   61    7 73.0 88.0 1
    1 2724    7    0 88.0 90.0 1
    1 2735  346  256 30.0 38.0 0
    1 1169   57    0 74.0 90.0 1
    1 3569  320  168 32.0 50.0 1
    1 1501  102   32 63.0 81.0 1
    1  983  125    0 58.0 90.0 0
    1 3428  320  174 32.0 49.0 1
    1 1222  238  187 40.0 47.0 1
    1 1600  156    0 52.0 90.0 1
    1 1622  115    0 60.0 90.0 1
    1 1960   54   46 75.0 77.0 1
    1 1558  238    0 40.0 90.0 1
    1  448   50   25 76.0 83.0 1
    1  610  135   89 56.0 66.0 1
    1 2428  120    0 59.0 90.0 1
    1  440   25    0 83.0 90.0 0
    1 3343  256  130 38.0 57.0 1
    1 2951   69    0 71.0 90.0 1
    1  445  115   73 60.0 70.0 1
    1 3124  140   54 55.0 75.0 1
    1 2193  180   69 48.0 71.0 1
    1 1295   21    0 84.0 90.0 0
    1 3214    3    0 89.0 90.0 1
    1 2278  247  187 39.0 47.0 1
    1 2590  193    0 46.0 90.0 1
    1  775  106   77 62.0 69.0 1
    1 1835   69    3 71.0 89.0 1
    1 3214  320   85 32.0 67.0 1
    1 2844   17    0 85.0 90.0 1
    1 1548  200   17 45.0 85.0 1
    1 2141   69    0 71.0 90.0 1
    1 2754  193  106 46.0 62.0 1
    1 2894  207  187 44.0 47.0 1
    1 2316  125   32 58.0 81.0 1
    1 1091  238  230 40.0 41.0 1
    1 2907  230  222 41.0 42.0 1
    1  571  102    0 63.0 90.0 1
    1 2269  265   28 37.0 82.0 1
    1 3527  247  156 39.0 52.0 1
    1 2817  286   39 35.0 79.0 1
    1  772  193  111 46.0 61.0 1
    1 2577  125    0 58.0 90.0 1
    1 1145  207  200 44.0 45.0 1
    1 1236  333    0 31.0 90.0 1
    1  516  156   21 52.0 84.0 1
    1 2349  230   14 41.0 86.0 1
    1 2935  168    0 50.0 90.0 1
    1 2969  346  333 30.0 31.0 1
    1 3338  238   54 40.0 75.0 1
    1 3223   54   28 75.0 82.0 1
    1 3169  156   54 52.0 75.0 1
    1  842  102   17 63.0 85.0 1
    1 3484   50    0 76.0 90.0 1
    1 1519  256    0 38.0 90.0 1
    1 2524   85    7 67.0 88.0 1
    1 1449  320  180 32.0 48.0 1
    1 3533  297   81 34.0 68.0 1
    1 2274  180   28 48.0 82.0 1
    1  951   98   77 64.0 69.0 1
    1 1661  120    0 59.0 90.0 1
    1 2518  130   35 57.0 80.0 1
    1 1079   93    0 65.0 90.0 1
