 500 500 500 130
    1 1518  230    0 41.0 90.0 1
    1 1242  238  214 40.0 43.0 0
    1  759   57    0 74.0 90.0 1
    1  948  120   10 59.0 87.0 1
    1 2532  162    0 51.0 90.0 1
    1 1325  308   25 33.0 83.0 1
    1 2553   81   77 68.0 69.0 1
    1 1411   98   93 64.0 65.0 1
    1 2111  297   39 34.0 79.0 1
    1 1954  125   17 58.0 85.0 1
    1 1231  102    0 63.0 90.0 1
    1 2376  162   89 51.0 66.0 1
    1 2499  180   93 48.0 65.0 0
    1 3402  238  193 40.0 46.0 1
    1 3370   21    0 84.0 90.0 1
    1 1274  102   39 63.0 79.0 1
    1 1386  106   57 62.0 74.0 1
    1 1082   85    0 67.0 90.0 1
    1 2317  297  256 34.0 38.0 1
    1 1948   73   61 70.0 73.0 1
    1 1005   89    0 66.0 90.0 1
    1 2121  151    0 53.0 90.0 1
    1 2511  286   73 35.0 70.0 0
    1 1893   57    0 74.0 90.0 1
    1  360   25    0 83.0 90.0 1
    1 2761  286    0 35.0 90.0 1
    1 1733  115    3 60.0 89.0 1
    1 3299  180   54 48.0 75.0 1
    1 2204  275   21 36.0 84.0 1
    1 2424  238    0 40.0 90.0 1
    1 2226   35    0 80.0 90.0 1
    1  848  168  125 50.0 58.0 1
    1 1913   57    0 74.0 90.0 1
    1  380  174    0 49.0 90.0 1
    1  300   69   65 71.0 72.0 1
    1  832  275    0 36.0 90.0 1
    1 1326  180   25 48.0 83.0 1
    1  669  265   54 37.0 75.0 1
    1 1586  238    0 40.0 90.0 1
    1 3271  265    0 37.0 90.0 1
    1 1660  156    3 52.0 89.0 0
    1  682   32    7 81.0 88.0 1
    1 2148  333   89 31.0 66.0 1
    1 1689  162  135 51.0 56.0 1
    1 1906  120   10 59.0 87.0 1
    1  866   98   39 64.0 79.0 1
    1 1047  265  238 37.0 40.0 1
    1  776   81    0 68.0 90.0 1
    1 3574   39    0 79.0 90.0 1
    1 2257   50   46 76.0 77.0 1
    1  921  297    0 34.0 90.0 0
    1  656   73    0 70.0 90.0 1
    2 1963   28   21 82.0 84.0 1
    1  339   85   81 67.0 68.0 1
    1 2865  346   81 30.0 68.0 1
    1 2112  222    0 42.0 90.0 0
    1 2496  214   14 43.0 86.0 1
    1 2063  125  115 58.0 60.0 1
    1 2068  320  168 32.0 50.0 1
    1 2446  168    0 50.0 90.0 0
    1 1215  214   14 43.0 86.0 1
    1 1149   39    0 79.0 90.0 1
    1 1121  247    0 39.0 90.0 1
    1 3099  333  256 31.0 38.0 1
    1 3120  151    0 53.0 90.0 1
    1 1046   81   39 68.0 79.0 1
    1 1547  135   39 56.0 79.0 1
    1 3333   57    0 74.0 90.0 0
    1  841  320   89 32.0 66.0 1
    1  912  130  102 57.0 63.0 0
    1 1098  162   32 51.0 81.0 1
    1 2634   61    0 73.0 90.0 1
    1  692  156    0 52.0 90.0 1
    1 3002  308  125 33.0 58.0 1
    1  525  111    7 61.0 88.0 1
    1 1145  120    0 59.0 90.0 1
    1 2333   77   50 69.0 76.0 1
    1  709   93    0 65.0 90.0 1
    1 3178  286  247 35.0 39.0 0
    1  858  130    0 57.0 90.0 1
    1 2261  333  180 31.0 48.0 1
    1 3089  135    0 56.0 90.0 1
    1 2679   61   14 73.0 86.0 1
    1 2384  308  256 33.0 38.0 0
    1 2067  135   43 56.0 78.0 1
    1 3218   65    0 72.0 90.0 1
    1 1792  180   85 48.0 67.0 1
    1  446   28    0 82.0 90.0 1
    1 2428  120  102 59.0 63.0 1
    1  972  174  135 49.0 56.0 1
    1 1499  180    3 48.0 89.0 1
    1 2366  308    0 33.0 90.0 0
    1 2258  333   25 31.0 83.0 1
    1 2904  162    0 51.0 90.0 1
    1 3022   46    0 77.0 90.0 1
    1 1700   14    0 86.0 90.0 1
    1 2150  193    0 46.0 90.0 1
    1 3105  320   98 32.0 64.0 1
    1  971  151  140 53.0 55.0 1
    1 1146  286    0 35.0 90.0 1
    1 1546  106   39 62.0 79.0 1
    1 2077  297  256 34.0 38.0 1
    1 3181  265    0 37.0 90.0 1
    1 2823   89    7 66.0 88.0 1
    1  893   10    0 87.0 90.0 1
    1 1919  297  200 34.0 45.0 1
    1 2819  145   10 54.0 87.0 1
    1 1282   43    0 78.0 90.0 1
    1  537   25    0 83.0 90.0 1
    1  359  156    0 52.0 90.0 1
    1  925   93   81 65.0 68.0 1
    1 2749   93    3 65.0 89.0 1
    1 1257  214  168 43.0 50.0 1
    1  702  156   65 52.0 72.0 1
    1 3337  214  102 43.0 63.0 0
    1 3070  174    0 49.0 90.0 1
    1 1864  214    7 43.0 88.0 1
    1 1026   73    0 70.0 90.0 1
    1 1320  333   28 31.0 82.0 1
    1  372   43    3 78.0 89.0 1
    1 2075  333    0 31.0 90.0 0
    1 3082   89   85 66.0 67.0 1
    1 3010  286  151 35.0 53.0 0
    1 1387  106    0 62.0 90.0 1
    1 2164   14    0 86.0 90.0 1
    1 1192  230   61 41.0 73.0 1
    1 2033  102   89 63.0 66.0 1
    1 2915    7    0 88.0 90.0 1
    1 1956  102   98 63.0 64.0 1
    1 2197  238   89 40.0 66.0 1
    1  914  238   98 40.0 64.0 1
    1  782  111    0 61.0 90.0 0
    1  404  168    0 50.0 90.0 1
    1 2276  156    0 52.0 90.0 1
    1 3561   85   14 67.0 86.0 1
    1 3567    7    0 88.0 90.0 1
    1 2183   28    0 82.0 90.0 1
    1  770   93    0 65.0 90.0 1
    1 3588   50    0 76.0 90.0 1
    1 2861  308   85 33.0 67.0 1
    1 3236  333    0 31.0 90.0 1
    1 2912  346    3 30.0 89.0 1
    1  724  145    0 54.0 90.0 1
    1 1556  230    0 41.0 90.0 1
    1 2807  106    0 62.0 90.0 1
    1  565  140   57 55.0 74.0 1
    1 1161  207   61 44.0 73.0 1
    1 3326   61    0 73.0 90.0 1
    1  469  125    0 58.0 90.0 1
    1 2598    7    0 88.0 90.0 0
    1 2939  140   25 55.0 83.0 1
    1 2223  222    0 42.0 90.0 1
    1 1056  275    0 36.0 90.0 1
    1 1285   39   21 79.0 84.0 1
    1 3493   65    0 72.0 90.0 0
    1 1817  207  145 44.0 54.0 0
    1 3059  130   57 57.0 74.0 1
    1 3262  297  106 34.0 62.0 1
    1 1865   54    0 75.0 90.0 1
    1 2480  200  193 45.0 46.0 0
    1  411   21    3 84.0 89.0 0
    1 3355   81    0 68.0 90.0 0
    1 3038   85    0 67.0 90.0 0
    1 3010  297  140 34.0 55.0 1
    1 3436  346   98 30.0 64.0 1
    1 1832  140    0 55.0 90.0 0
    1 1533  106   46 62.0 77.0 0
    1 2143   14    0 86.0 90.0 1
    1 2269  275    0 36.0 90.0 1
    1  503   93   10 65.0 87.0 1
    1 1749  200  162 45.0 51.0 1
    1 2981  115    0 60.0 90.0 1
    1 2077   85    0 67.0 90.0 1
    1 2173  111    0 61.0 90.0 1
    1 2548   10    0 87.0 90.0 1
    1 2336  187    0 47.0 90.0 0
    1 2093  156  151 52.0 53.0 1
    1 3451  230  222 41.0 42.0 1
    1 2779   43    0 78.0 90.0 1
    1  976   25   10 83.0 87.0 1
    1 2960  125    0 58.0 90.0 1
    1 2384  265  193 37.0 46.0 1
    1 2196  286    0 35.0 90.0 1
    1 2317  102    7 63.0 88.0 1
    1 2778  286  162 35.0 51.0 1
    1 1660  247   28 39.0 82.0 1
    1 3164  333  207 31.0 44.0 1
    1 2945   93   57 65.0 74.0 1
    1 1882  115   32 60.0 81.0 1
    1 1023   81   17 68.0 85.0 1
    1 1831  320    0 32.0 90.0 1
    1 2612  320    0 32.0 90.0 1
    1 3391   28    0 82.0 90.0 1
    1  571   14    0 86.0 90.0 1
    1 2098  120   85 59.0 67.0 1
    1 1484   85   81 67.0 68.0 1
    1 2798  174    0 49.0 90.0 1
    1 2196   61    0 73.0 90.0 1
    1 1857  151   17 53.0 85.0 1
    1 2729  145  111 54.0 61.0 1
    1 2450  168    0 50.0 90.0 1
    1 2495  238    0 40.0 90.0 0
    1 2050   85    0 67.0 90.0 1
    1 1768  333  247 31.0 39.0 1
    1 1611  106   10 62.0 87.0 1
    1 1046  102    0 63.0 90.0 1
    1 1845   50    0 76.0 90.0 1
    1 1405  151   81 53.0 68.0 1
    1 1630  275   81 36.0 68.0 1
    1 3555   81    0 68.0 90.0 1
    1 1294   50    0 76.0 90.0 1
    1 2290  346  102 30.0 63.0 0
    1 2248  156  115 52.0 60.0 0
    1  583  180   93 48.0 65.0 1
    1 2556   73    7 70.0 88.0 1
    1 1115  156   14 52.0 86.0 1
    1 3251  247   17 39.0 85.0 1
    1  534  151    0 53.0 90.0 1
    1 1517   81    7 68.0 88.0 1
    1  725   61   17 73.0 85.0 1
    1 1261  207   39 44.0 79.0 0
    1 3575   50    3 76.0 89.0 1
    1  800  308   35 33.0 80.0 1
    1 1139  275  238 36.0 40.0 1
    1 3175   50    0 76.0 90.0 1
    1  604  174   54 49.0 75.0 1
    1 3401  238    0 40.0 90.0 1
    1 2980  102   73 63.0 70.0 1
    1 1520  308    0 33.0 90.0 1
    1 1720   14   10 86.0 87.0 1
    1 2025  308   98 33.0 64.0 1
    1  842  111    0 61.0 90.0 0
    1 1621  125   65 58.0 72.0 1
    1 2210   25    0 83.0 90.0 1
    1 3541  145  120 54.0 59.0 1
    1 2989  102    3 63.0 89.0 1
    1 3370  115   61 60.0 73.0 1
    1 2158  333   54 31.0 75.0 1
    1  486   61   28 73.0 82.0 1
    1 3045  174    0 49.0 90.0 1
    1 3265  111    0 61.0 90.0 1
    1 3451  115  111 60.0 61.0 0
    1 3576  187   14 47.0 86.0 1
    1 3455   14    0 86.0 90.0 1
    1 2362  333   28 31.0 82.0 1
    1  502   69   35 71.0 80.0 0
    1  754  115    0 60.0 90.0 1
    1 2431  168    0 50.0 90.0 0
    1 1940  193    0 46.0 90.0 1
    1 1319  214  145 43.0 54.0 1
    1  397   98   32 64.0 81.0 1
    1  544   57   28 74.0 82.0 1
    1 2782  333    0 31.0 90.0 1
    1 3356  120   25 59.0 83.0 1
    1 1062  130    0 57.0 90.0 1
    1  780  256  120 38.0 59.0 1
    1 3422  115    3 60.0 89.0 1
    1  843  180   81 48.0 68.0 1
    1 3472   28    0 82.0 90.0 1
    1 1443   77   73 69.0 70.0 1
    1 2867   28    0 82.0 90.0 1
    1 3385  238   57 40.0 74.0 0
    0  773  125   28 58.0 82.0 1
    1 2091  162    0 51.0 90.0 1
    1 2913   81    0 68.0 90.0 1
    1 2791  168    0 50.0 90.0 0
    1 1484   65   14 72.0 86.0 1
    1 2113  320    0 32.0 90.0 1
    1 3179   89    0 66.0 90.0 1
    1 2606  174  135 49.0 56.0 1
    1  401   54    0 75.0 90.0 1
    1 2819   50    0 76.0 90.0 1
    1 3411   77    0 69.0 90.0 1
    1  627   21    0 84.0 90.0 0
    1 2681   85    0 67.0 90.0 1
    1 1270  230  187 41.0 47.0 0
    1 2683  115    3 60.0 89.0 1
    1 2684  333  180 31.0 48.0 1
    1 2882  256    0 38.0 90.0 1
    1  307  140    0 55.0 90.0 1
    1 1145  106   10 62.0 87.0 1
    1  770  286   81 35.0 68.0 1
    1 2302   65   25 72.0 83.0 1
    1 3203  130    0 57.0 90.0 1
    1 3404  308   21 33.0 84.0 1
    1 3303   73   21 70.0 84.0 1
    1 1111  333   98 31.0 64.0 1
    1 3121  145  120 54.0 59.0 1
    1 1537  333  265 31.0 37.0 1
    1 1865  111    0 61.0 90.0 1
    1 3187  333    3 31.0 89.0 1
    1 3002    3    0 89.0 90.0 1
    1 2758   50    0 76.0 90.0 0
    1  363  135   10 56.0 87.0 1
    1 3434  207    0 44.0 90.0 1
    1 2908  320   93 32.0 65.0 1
    1 2967  193    0 46.0 90.0 1
    1 3295  320   39 32.0 79.0 1
    1 2000  180   93 48.0 65.0 1
    1 1235  193    7 46.0 88.0 1
    1 1034   93    0 65.0 90.0 1
    1 1918  200  102 45.0 63.0 1
    1 1175   57    3 74.0 89.0 1
    1 2657  140   39 55.0 79.0 1
    1 3282  275    0 36.0 90.0 1
    1 3359  135  111 56.0 61.0 1
    1 1276  320  102 32.0 63.0 1
    1  386  140    0 55.0 90.0 1
    1 2769   32    0 81.0 90.0 1
    1 3246  297    0 34.0 90.0 1
    1 3576  265   10 37.0 87.0 1
    1 3067  297   73 34.0 70.0 1
    1 1295  238   81 40.0 68.0 1
    1  950  125   32 58.0 81.0 1
    1 2016  286    0 35.0 90.0 1
    1 3598  222    0 42.0 90.0 1
    1 2274  247   17 39.0 85.0 1
    1  996  297  151 34.0 53.0 1
    1  735  156  106 52.0 62.0 1
    1 1881  265    0 37.0 90.0 1
    1 3529  120    0 59.0 90.0 0
    1  861  200  162 45.0 51.0 1
    1 1928  238   57 40.0 74.0 1
    1 1294  102    0 63.0 90.0 1
    1 2111  238  130 40.0 57.0 1
    1 1363  207   61 44.0 73.0 1
    1 3186   89    0 66.0 90.0 1
    1 2069  286  115 35.0 60.0 1
    1 3466    3    0 89.0 90.0 0
    1 2159   85   32 67.0 81.0 1
    1 3536  180    0 48.0 90.0 1
    1 2997  187    0 47.0 90.0 1
    1 2340   89   35 66.0 80.0 0
    1 2149  256  102 38.0 63.0 1
    1  907  238    0 40.0 90.0 1
    1 3595   69   28 71.0 82.0 1
    1 2068  187   85 47.0 67.0 1
    1 1881  238  168 40.0 50.0 0
    1 2858  151   98 53.0 64.0 1
    1 2816  333   77 31.0 69.0 1
    1 2215  187    0 47.0 90.0 1
    1 2085   39    0 79.0 90.0 1
    1 3061  168  145 50.0 54.0 1
    1 3257  214    0 43.0 90.0 1
    1 1465   14    0 86.0 90.0 1
    1 3562  346    0 30.0 90.0 1
    1 3331   25   17 83.0 85.0 1
    1 2210  115    0 60.0 90.0 1
    1 3281  140  140 55.0 55.0 1
    1 2482   57    0 74.0 90.0 0
    1 3166  207  125 44.0 58.0 1
    1 1133   81    0 68.0 90.0 1
    1 2053  275    0 36.0 90.0 1
    1 1483   93    0 65.0 90.0 1
    1 3301  247    3 39.0 89.0 1
    1 1238  207   54 44.0 75.0 1
    1 2318  230   21 41.0 84.0 1
    1 2494  140   73 55.0 70.0 1
    1  795  145    0 54.0 90.0 1
    1  532  140  125 55.0 58.0 1
    1  665  125    0 58.0 90.0 1
    1  909  238  214 40.0 43.0 1
    1 3440   69    7 71.0 88.0 1
    1 1839   35   10 80.0 87.0 1
    1 3550  247    0 39.0 90.0 1
    1  878  222  214 42.0 43.0 1
    1  451   77    0 69.0 90.0 0
    1 3016   93   28 65.0 82.0 1
    1  649   85    0 67.0 90.0 1
    1 1330  230  130 41.0 57.0 1
    1 1515   61   39 73.0 79.0 1
    1  310   77    0 69.0 90.0 0
    1 3490  265   25 37.0 83.0 1
    1 2840   43   25 78.0 83.0 1
    1 1273  320   21 32.0 84.0 1
    1 2336   98   35 64.0 80.0 1
    1  572  174    0 49.0 90.0 1
    0 2933  222    0 42.0 90.0 1
    1 2692  247  180 39.0 48.0 1
    1 1049  214  174 43.0 49.0 1
    1 1685  120   14 59.0 86.0 1
    1 2842  320  214 32.0 43.0 1
    1 3594  333   46 31.0 77.0 1
    1 3363   50   28 76.0 82.0 1
    1  869  130    0 57.0 90.0 1
    1 3111   43   39 78.0 79.0 1
    1  802  222   32 42.0 81.0 1
    1 2826   98    0 64.0 90.0 1
    1 1255  145    0 54.0 90.0 1
    1 1993   21    0 84.0 90.0 1
    1 1865  256   35 38.0 80.0 1
    1 2857  162    0 51.0 90.0 1
    1 1812  256  207 38.0 44.0 1
    1 3370  297    0 34.0 90.0 1
    1 3382  135   61 56.0 73.0 1
    1 1827  102   85 63.0 67.0 1
    1 1797  308   69 33.0 71.0 1
    1 1958  230    0 41.0 90.0 1
    1 2427  238  230 40.0 41.0 1
    1  434  174   39 49.0 79.0 1
    1 3447   35   17 80.0 85.0 1
    2 1215  214    0 43.0 90.0 1
    1 2435   28    7 82.0 88.0 1
    1 1419  286  145 35.0 54.0 1
    1 3043  238    0 40.0 90.0 1
    1 2684  135    0 56.0 90.0 1
    1 2956   81    0 68.0 90.0 1
    1 1638  168    0 50.0 90.0 1
    1 2225  320   93 32.0 65.0 1
    1 1451  168  106 50.0 62.0 0
    1 3328  145  106 54.0 62.0 1
    1 2839  140    0 55.0 90.0 1
    1 2575   93   61 65.0 73.0 0
    1  452   77    0 69.0 90.0 1
    1 3292   54    0 75.0 90.0 1
    1  814   10    0 87.0 90.0 1
    1  618  111   89 61.0 66.0 1
    1 3232  151  135 53.0 56.0 1
    1 1663  297    0 34.0 90.0 1
    1 1323   69   21 71.0 84.0 1
    1 3523  130   85 57.0 67.0 1
    1 1161  200  180 45.0 48.0 1
    1 1247  222  174 42.0 49.0 1
    1 3448   46    0 77.0 90.0 1
    1 2238  238  238 40.0 40.0 1
    1 1886  308  135 33.0 56.0 1
    1 3426   25   14 83.0 86.0 1
    1 2862  135   21 56.0 84.0 1
    1  513   77    0 69.0 90.0 1
    1 2153  145    3 54.0 89.0 1
    1 2985  308    0 33.0 90.0 1
    1 1474  333   54 31.0 75.0 0
    1  877  168   32 50.0 81.0 1
    1 2153  193   28 46.0 82.0 1
    1 1029  247   46 39.0 77.0 1
    1 1512  200   85 45.0 67.0 1
    1 1087  247    0 39.0 90.0 1
    1 3596  265   85 37.0 67.0 1
    1 1105   81    3 68.0 89.0 1
    1 2065  333  102 31.0 63.0 0
    1 3487  180  168 48.0 50.0 1
    1 1393    3    0 89.0 90.0 1
    1 1276  200    0 45.0 90.0 1
    1  338  111    0 61.0 90.0 1
    1 2789   25   10 83.0 87.0 1
    1  716  275    3 36.0 89.0 1
    1  539  174   61 49.0 73.0 1
    1  681  111    0 61.0 90.0 1
    1 1410   85    0 67.0 90.0 1
    1 3482  320  207 32.0 44.0 1
    1 2891  346  207 30.0 44.0 1
    1  526   69   54 71.0 75.0 1
    1  812  125    0 58.0 90.0 1
    1 3049  115    0 60.0 90.0 1
    1  431   43   35 78.0 80.0 1
    1 3337  265  125 37.0 58.0 0
    1 1330  320   77 32.0 69.0 1
    1 1473   25    0 83.0 90.0 1
    1 3429   98    0 64.0 90.0 1
    1 2813   54   50 75.0 76.0 1
    1 1519  297  222 34.0 42.0 1
    1 3262  168   43 50.0 78.0 1
    1 2082  256   28 38.0 82.0 1
    1 2366  275    0 36.0 90.0 1
    1 1765  214   10 43.0 87.0 0
    1 1002  111    0 61.0 90.0 1
    1 2782   98    0 64.0 90.0 1
    1 2618  168    0 50.0 90.0 1
    1 2641  238  125 40.0 58.0 0
    1  827   14    0 86.0 90.0 1
    1 3286  187    0 47.0 90.0 1
    1 3485   81    3 68.0 89.0 1
    1 3179  333  200 31.0 45.0 1
    1 1363  222    0 42.0 90.0 1
    1  645   77   39 69.0 79.0 1
    1 1859   46   25 77.0 83.0 1
    1 1212  275  135 36.0 56.0 1
    1  701   21    0 84.0 90.0 1
    1 1187  333  187 31.0 47.0 1
    1 3146   65   35 72.0 80.0 1
    1 3247  193    0 46.0 90.0 1
    1 2822  230   73 41.0 70.0 1
    1 1941  180   10 48.0 87.0 1
    1 2180  238    0 40.0 90.0 1
    1 2784  238    0 40.0 90.0 1
    1 2471   57    0 74.0 90.0 1
    1  879  320   25 32.0 83.0 1
    1 1042  162   17 51.0 85.0 1
    1 1869  168   25 50.0 83.0 1
    1 1166  247   10 39.0 87.0 1
    1 2596  286   25 35.0 83.0 1
    1 2868   77   39 69.0 79.0 1
    1  395  130   65 57.0 72.0 1
    1 2980  222   32 42.0 81.0 1
    1 1509  135   98 56.0 64.0 1
    1 2594  308  247 33.0 39.0 1
    1 3230  308  120 33.0 59.0 1
    1 2430  151   81 53.0 68.0 1
    1 1562  308    7 33.0 88.0 1
    1 1539   73   28 70.0 82.0 1
