 500 500 500 130
    1 1617  111    0 61.0 90.0 1
    1 1092  265   43 37.0 78.0 1
    1 1683  286    0 35.0 90.0 0
    1 2946   46    0 77.0 90.0 1
    1 2727  168    0 50.0 90.0 1
    1 2074   39    0 79.0 90.0 1
    1 1023  207  151 44.0 53.0 1
    1 2306   57   10 74.0 87.0 1
    1 3380  106    0 62.0 90.0 1
    1 1293  145  135 54.0 56.0 1
    1 1941  222    0 42.0 90.0 1
    1 1322  125   17 58.0 85.0 1
    1 3431  200   25 45.0 83.0 1
    1 3023   77   39 69.0 79.0 1
    1 3268  207    0 44.0 90.0 0
    1 1736  247   10 39.0 87.0 1
    1 2211  320   10 32.0 87.0 1
    1  972  174    7 49.0 88.0 1
    1 2550   85   32 67.0 81.0 1
    1  767   54   21 75.0 84.0 1
    1 2113  308  238 33.0 40.0 0
    1  476  193    0 46.0 90.0 0
    1 2251   21    0 84.0 90.0 1
    1  723  145   81 54.0 68.0 1
    1 1920  256   77 38.0 69.0 1
    1  881  168   35 50.0 80.0 1
    1  857  230    0 41.0 90.0 1
    1 1306  275   98 36.0 64.0 0
    1 1663  222   43 42.0 78.0 1
    1  521   54   32 75.0 81.0 1
    1 3415   54   50 75.0 76.0 0
    1 2512  115   69 60.0 71.0 0
    1 2590  256   98 38.0 64.0 1
    1 3331  115   46 60.0 77.0 1
    1 1244  111   35 61.0 80.0 1
    1 2350  275   25 36.0 83.0 1
    1  726  125   93 58.0 65.0 1
    1  541  200   43 45.0 78.0 0
    1 1001  111   10 61.0 87.0 1
    1 3042  222    0 42.0 90.0 0
    1 3409  275   85 36.0 67.0 1
    1 3470  130    0 57.0 90.0 1
    1 2073  275  247 36.0 39.0 1
    1 2562  200   35 45.0 80.0 1
    1 3321  214   14 43.0 86.0 1
    1 1794   50    7 76.0 88.0 1
    1  743  151   32 53.0 81.0 1
    1 2121   85    0 67.0 90.0 1
    1 2164  308   32 33.0 81.0 1
    1 2340  135    0 56.0 90.0 1
    1  965  286   81 35.0 68.0 1
    1  944   81    0 68.0 90.0 1
    1 2285  214   14 43.0 86.0 1
    1  364  180    0 48.0 90.0 1
    1 1637  333  320 31.0 32.0 1
    1 2970   89   46 66.0 77.0 1
    1 1791   17    0 85.0 90.0 1
    1 3116  151   17 53.0 85.0 1
    1 2596  230   69 41.0 71.0 1
    1 3409  130   14 57.0 86.0 1
    1  899   50    0 76.0 90.0 1
    1 3169  145   57 54.0 74.0 1
    1  492  135    7 56.0 88.0 1
    1 2157  230  168 41.0 50.0 1
    1 1079  168    0 50.0 90.0 0
    1 2509  102    0 63.0 90.0 1
    1 1455   81   35 68.0 80.0 1
    1  517  130    0 57.0 90.0 1
    1 3481  102    0 63.0 90.0 1
    1 3280  125    0 58.0 90.0 1
    1 3499  320   43 32.0 78.0 1
    1 1170   77    0 69.0 90.0 1
    1  398  180    0 48.0 90.0 1
    1 1590  308  200 33.0 45.0 1
    1 2366  106   50 62.0 76.0 1
    1 3100  297    0 34.0 90.0 1
    1  533   35    0 80.0 90.0 1
    1 2056  102    3 63.0 89.0 1
    1 2320  168   61 50.0 73.0 1
    1 1524   81    0 68.0 90.0 1
    1 1076  247   25 39.0 83.0 1
    1 2874  130  115 57.0 60.0 1
    1  350   50    0 76.0 90.0 1
    1 3396  111   57 61.0 74.0 1
    1 2190   50    0 76.0 90.0 0
    1 1226  200   35 45.0 80.0 0
    1 1860   39    0 79.0 90.0 0
    1 3314  320   57 32.0 74.0 1
    1  729  130   35 57.0 80.0 1
    1 1698  346   57 30.0 74.0 1
    1 1603  297  265 34.0 37.0 1
    1  830  162   93 51.0 65.0 1
    1 2092  180    0 48.0 90.0 1
    1 3439  346  168 30.0 50.0 1
    1 1269  174    0 49.0 90.0 1
    1  802  222   73 42.0 70.0 1
    1 1429  230    0 41.0 90.0 0
    1 1588  320  106 32.0 62.0 1
    1 2014   35    0 80.0 90.0 1
    1 3524  162   81 51.0 68.0 1
    1 2989  275   25 36.0 83.0 1
    1 2968  222   61 42.0 73.0 1
    1 1155  125    0 58.0 90.0 1
    1 1927   57    0 74.0 90.0 1
    1 2686  247  102 39.0 63.0 1
    1  365   14    0 86.0 90.0 1
    1 2319  333   32 31.0 81.0 1
    1 2608   54    0 75.0 90.0 1
    1 3191  162  102 51.0 63.0 1
    1 1107   32    0 81.0 90.0 1
    1 1706   35    0 80.0 90.0 1
    1 1252   17    0 85.0 90.0 1
    1  828  320    0 32.0 90.0 1
    1 2651  162   39 51.0 79.0 1
    1 1283  102    0 63.0 90.0 1
    1 1959  151    0 53.0 90.0 1
    1  410  111   77 61.0 69.0 1
    1 1956   81   46 68.0 77.0 1
    1 3144   98    0 64.0 90.0 1
    1 2760  130    0 57.0 90.0 1
    1 2142   17    0 85.0 90.0 1
    1 2189  333  168 31.0 50.0 1
    1 3054   61    0 73.0 90.0 0
    1 1912   28    0 82.0 90.0 1
    1 1594  162    0 51.0 90.0 0
    1 2983   93   77 65.0 69.0 1
    1 3551  125    0 58.0 90.0 1
    1 2543   81   14 68.0 86.0 1
    1 2528  238   39 40.0 79.0 1
    1  970  180  125 48.0 58.0 1
    1 1205  130   98 57.0 64.0 1
    1  812   98   89 64.0 66.0 1
    1 1155  130    0 57.0 90.0 1
    1  676   65    0 72.0 90.0 1
    1  511  230    0 41.0 90.0 1
    1 3073  320  265 32.0 37.0 0
    1  636  187   65 47.0 72.0 1
    1 2205   35    0 80.0 90.0 1
    1 1827   65    0 72.0 90.0 1
    1  345  115    0 60.0 90.0 0
    1 3582  286  214 35.0 43.0 1
    1 2237  193   39 46.0 79.0 1
    1  798  156  125 52.0 58.0 1
    1 2700   81    0 68.0 90.0 1
    1  874  140    0 55.0 90.0 1
    1 2661  180   89 48.0 66.0 1
    1 1032  214  145 43.0 54.0 1
    1 3413   93   57 65.0 74.0 0
    1 2601  207   65 44.0 72.0 0
    1 2737    7    0 88.0 90.0 1
    1 2215  145    0 54.0 90.0 1
    1  824    3    0 89.0 90.0 0
    1 3133  297   85 34.0 67.0 0
    1 1174    3    0 89.0 90.0 1
    1 1934  156    0 52.0 90.0 1
    1 2552   50    0 76.0 90.0 1
    1 3422  174    0 49.0 90.0 1
    1 1599  333  111 31.0 61.0 1
    1 2876  222   28 42.0 82.0 1
    1 2014  106   17 62.0 85.0 1
    1 1017  140    0 55.0 90.0 1
    1  430   46    0 77.0 90.0 1
    1  609  174    0 49.0 90.0 1
    1 2431  140    0 55.0 90.0 1
    1 1855  247   35 39.0 80.0 1
    1 3393   50    0 76.0 90.0 1
    1 3292  346    0 30.0 90.0 1
    1 1481  193   50 46.0 76.0 1
    1 2688  187    0 47.0 90.0 1
    1  442   32    0 81.0 90.0 1
    1  648   98   54 64.0 75.0 1
    1  501  156    0 52.0 90.0 1
    1 1651  247  120 39.0 59.0 1
    1 1211  187  180 47.0 48.0 1
    1 2788  238   21 40.0 84.0 1
    1 2529   61    0 73.0 90.0 1
    1 2480  151    0 53.0 90.0 1
    1 3377  320    0 32.0 90.0 1
    1 3594   81    0 68.0 90.0 1
    1  406  168   21 50.0 84.0 1
    1 2609  106   65 62.0 72.0 1
    1 1727  115    0 60.0 90.0 1
    1  750  238    0 40.0 90.0 1
    1 3186   93    0 65.0 90.0 1
    1 2534  333   85 31.0 67.0 1
    1 1804   50    3 76.0 89.0 1
    1  702  120   73 59.0 70.0 1
    1  478  207    0 44.0 90.0 1
    1 1730   61    0 73.0 90.0 1
    1  524    7    0 88.0 90.0 1
    1  554   77    0 69.0 90.0 0
    1 1835  207  145 44.0 54.0 1
    1 2810   32    0 81.0 90.0 1
    1 2300  156   89 52.0 66.0 1
    1 2003   50   10 76.0 87.0 1
    1  592   25    0 83.0 90.0 1
    1 3450  297    0 34.0 90.0 1
    1  733  168    0 50.0 90.0 1
    1 1064   81    0 68.0 90.0 1
    1 2447  333  102 31.0 63.0 0
    1 1425  102   17 63.0 85.0 1
    1 2445   89    0 66.0 90.0 1
    1 1316   85    0 67.0 90.0 1
    1  730  200    0 45.0 90.0 1
    1 3268  140   69 55.0 71.0 1
    1 2031  115    0 60.0 90.0 1
    1 1376   39    0 79.0 90.0 1
    1 3113   61   21 73.0 84.0 1
    1 1821  238  145 40.0 54.0 1
    1 1219  238   25 40.0 83.0 1
    1 3320   21    0 84.0 90.0 1
    1 1083  187  125 47.0 58.0 1
    1 1686  247   57 39.0 74.0 1
    1 3308   81    0 68.0 90.0 1
    1 2131  333    0 31.0 90.0 1
    1 2264   89    0 66.0 90.0 1
    1  689   46    7 77.0 88.0 1
    1 2658   57   35 74.0 80.0 1
    1 1579   89    0 66.0 90.0 1
    1 3120  286    0 35.0 90.0 1
    1 2235  214   89 43.0 66.0 1
    1 1959  145  111 54.0 61.0 1
    1 2823  297   54 34.0 75.0 1
    1  854   93   73 65.0 70.0 1
    1 2091   39   17 79.0 85.0 1
    1  331    3    0 89.0 90.0 0
    1 2434   54   39 75.0 79.0 0
    1 3279  214    0 43.0 90.0 1
    1 2408  187   61 47.0 73.0 0
    1 1642  308  230 33.0 41.0 1
    1  856   43    0 78.0 90.0 1
    1 1031  162   65 51.0 72.0 1
    1 2557   89   32 66.0 81.0 0
    1 1388  168   50 50.0 76.0 0
    1 2926    7    0 88.0 90.0 1
    1 1220  320  106 32.0 62.0 1
    1 2594   77    0 69.0 90.0 1
    1 2977  222    0 42.0 90.0 1
    1 1876  162  102 51.0 63.0 1
    1 2887  256   57 38.0 74.0 1
    1 1525  207    0 44.0 90.0 1
    1 2166  193   98 46.0 64.0 1
    1 1467  207   73 44.0 70.0 1
    1 2282  247  156 39.0 52.0 1
    1 2634  222   57 42.0 74.0 1
    1 1363  222  151 42.0 53.0 1
    1  367   89   77 66.0 69.0 1
    1  307   46   25 77.0 83.0 0
    1 1145  125    7 58.0 88.0 1
    1  385   98    0 64.0 90.0 1
    1 1253  346  162 30.0 51.0 1
    1 1659  286   57 35.0 74.0 1
    1 1119  174  174 49.0 49.0 1
    1 1854  115    7 60.0 88.0 1
    1 1208  230  180 41.0 48.0 1
    1 2129  333    0 31.0 90.0 1
    1 3439  156   65 52.0 72.0 1
    1  825  130   73 57.0 70.0 0
    1 3243  230    0 41.0 90.0 1
    1 3072  151   61 53.0 73.0 1
    1 2581  135   89 56.0 66.0 1
    1 3350  193   17 46.0 85.0 1
    1  923  214   69 43.0 71.0 1
    1 3327   81   14 68.0 86.0 1
    1 1678   54   14 75.0 86.0 1
    1 1324  180    0 48.0 90.0 1
    1 1437   14    0 86.0 90.0 1
    1 2583  230   93 41.0 65.0 1
    1 2129  193   25 46.0 83.0 1
    1  432  125   21 58.0 84.0 1
    1  949  320    0 32.0 90.0 1
    1 2684  200    7 45.0 88.0 1
    1 2245  120   54 59.0 75.0 1
    1 2169   89   50 66.0 76.0 1
    1 3409  346  187 30.0 47.0 1
    1  978  256  125 38.0 58.0 1
    1  474  180    0 48.0 90.0 1
    1 3134   98    0 64.0 90.0 1
    1 1725   93   73 65.0 70.0 1
    1  416   46    7 77.0 88.0 1
    1 1503   57    0 74.0 90.0 1
    1 2601  247  162 39.0 51.0 1
    1 1882  207    0 44.0 90.0 1
    1 1017   39    0 79.0 90.0 0
    1 2745  308   77 33.0 69.0 1
    1 1823  265   50 37.0 76.0 1
    1  630  174   28 49.0 82.0 0
    1  664  207  111 44.0 61.0 1
    1  947  256    0 38.0 90.0 1
    1 3141   46   28 77.0 82.0 1
    1 2491  193   73 46.0 70.0 1
    1 3584    3    0 89.0 90.0 1
    1 3474  308  135 33.0 56.0 1
    1 1897   89    0 66.0 90.0 1
    1 2944    7    0 88.0 90.0 1
    1 3527  207  130 44.0 57.0 1
    1 2669  125    0 58.0 90.0 1
    1  731  168    0 50.0 90.0 1
    1 2731  297  135 34.0 56.0 1
    1 1582  145  135 54.0 56.0 0
    1 1437  106    0 62.0 90.0 1
    1  781  275   35 36.0 80.0 1
    1 1883  174   54 49.0 75.0 0
    1 1186  145   73 54.0 70.0 1
    1  500  102    0 63.0 90.0 1
    1  521   81   39 68.0 79.0 1
    1  700  174  115 49.0 60.0 1
    1  737  135    0 56.0 90.0 1
    1 2374  151    0 53.0 90.0 1
    1 1009  333    0 31.0 90.0 1
    1  480  187    0 47.0 90.0 1
    1 1874   28    3 82.0 89.0 1
    1 2909   17    0 85.0 90.0 1
    1  775  333    0 31.0 90.0 1
    1 2677  214  130 43.0 57.0 1
    1 3462   89   61 66.0 73.0 1
    1  609  125   35 58.0 80.0 1
    1 1434  222   54 42.0 75.0 1
    1  579   61    0 73.0 90.0 1
    1 1339  180   46 48.0 77.0 1
    1 1785  187    0 47.0 90.0 1
    1 2932   50    0 76.0 90.0 1
    1 3174  120   32 59.0 81.0 1
    1 2854  230  180 41.0 48.0 1
    1 2446  102   85 63.0 67.0 1
    1  935  222   61 42.0 73.0 1
    1 1023  320   50 32.0 76.0 1
    1  497   25    0 83.0 90.0 1
    1 3348  187  168 47.0 50.0 1
    1 1442   28    0 82.0 90.0 1
    1 2135   46    0 77.0 90.0 1
    1 1661  168   73 50.0 70.0 1
    1 3072   98    0 64.0 90.0 1
    1 1085  297  120 34.0 59.0 1
    1 1803   28    0 82.0 90.0 0
    1 1625  162    0 51.0 90.0 1
    1 1329   89    0 66.0 90.0 0
    1 2388  200   43 45.0 78.0 1
    1 2183  106    0 62.0 90.0 1
    1 1653  238   25 40.0 83.0 1
    1 2581  275   89 36.0 66.0 1
    1 1369  125   10 58.0 87.0 1
    1 3280  222    0 42.0 90.0 1
    1 3006  275    0 36.0 90.0 1
    1  811  115   81 60.0 68.0 0
    1  847   43    0 78.0 90.0 1
    1 2903  346    0 30.0 90.0 1
    1  646   61   21 73.0 84.0 1
    1  665  168    0 50.0 90.0 1
    1  302  111    0 61.0 90.0 1
    1  879   57    0 74.0 90.0 1
    1 3524  333  230 31.0 41.0 1
    1 2083  247   81 39.0 68.0 1
    1 2577   28    0 82.0 90.0 1
    1 2451  346   73 30.0 70.0 0
    1 1118  320    0 32.0 90.0 1
    1 2600  140  111 55.0 61.0 1
    1 2381   73   14 70.0 86.0 1
    1 2050  140    0 55.0 90.0 1
    1 3367   81   21 68.0 84.0 1
    1 1669  174    0 49.0 90.0 1
    1  770  135   17 56.0 85.0 1
    1 1518  247   98 39.0 64.0 1
    1  740  151  106 53.0 62.0 1
    1  415  207    0 44.0 90.0 1
    1 2622  193  187 46.0 47.0 1
    1 2129  346  265 30.0 37.0 0
    1 1089  180    0 48.0 90.0 0
    1  780  200  187 45.0 47.0 1
    1 1611  346  115 30.0 60.0 1
    1 2571  247   14 39.0 86.0 1
    1 2462  238  156 40.0 52.0 1
    1 1962   25   21 83.0 84.0 1
    1  956  140   50 55.0 76.0 0
    1 3029    3    0 89.0 90.0 1
    1  713    3    0 89.0 90.0 1
    1 2280  286   89 35.0 66.0 1
    1 1532   93   10 65.0 87.0 1
    1  697   54    0 75.0 90.0 1
    1 3100   10    0 87.0 90.0 1
    1 2671  308  111 33.0 61.0 1
    1  893  222  111 42.0 61.0 1
    1 3486  320   28 32.0 82.0 1
    1 2674  308   17 33.0 85.0 1
    1  786   35    0 80.0 90.0 1
    1 1106   85    7 67.0 88.0 1
    1 2491   77   73 69.0 70.0 1
    1 2455  238  130 40.0 57.0 1
    1 3405  193    0 46.0 90.0 1
    1 3230   10    0 87.0 90.0 1
    1 3550   28    7 82.0 88.0 1
    1 2108  265  135 37.0 56.0 1
    1 2034   32    0 81.0 90.0 1
    1 1268  297  174 34.0 49.0 1
    1 2817  125   89 58.0 66.0 0
    1 1419   98   50 64.0 76.0 1
    1 2038  214   25 43.0 83.0 1
    1 2542  247  168 39.0 50.0 1
    1 1878  180  102 48.0 63.0 1
    1 2192   43   39 78.0 79.0 1
    1 1319   65   21 72.0 84.0 1
    1 1615  135    0 56.0 90.0 1
    1 2057   10    7 87.0 88.0 1
    1 1206  200    3 45.0 89.0 1
    1 2515  214   54 43.0 75.0 1
    1 2055  320  156 32.0 52.0 0
    1 2310   28    0 82.0 90.0 1
    1 1334  151    0 53.0 90.0 1
    1 2824  115    0 60.0 90.0 1
    1 1146  145   81 54.0 68.0 1
    1  342   73    0 70.0 90.0 1
    1 2866   61    0 73.0 90.0 1
    1 1521  222  200 42.0 45.0 1
    1 1877  222   43 42.0 78.0 1
    1 2125  265   89 37.0 66.0 1
    1 2697  230  222 41.0 42.0 1
    1 2226  308  135 33.0 56.0 1
    1 2973  346  275 30.0 36.0 1
    1 1604   81   35 68.0 80.0 1
    1  523   65    0 72.0 90.0 1
    1 1940   50   39 76.0 79.0 1
    1 3218   50    0 76.0 90.0 1
    1 2598   17    0 85.0 90.0 1
    1 2987  256   61 38.0 73.0 0
    1  379  115    0 60.0 90.0 1
    1 2188  130    0 57.0 90.0 1
    1 1148  265   81 37.0 68.0 1
    1 2408  333  145 31.0 54.0 0
    1 1961  256   17 38.0 85.0 1
    1 1056   89    0 66.0 90.0 1
    1  746   54    0 75.0 90.0 1
    1 3003  333   89 31.0 66.0 1
    1  460  120   69 59.0 71.0 1
    1 1152   98   17 64.0 85.0 1
    1 2847   89   21 66.0 84.0 1
    1 3086  297  151 34.0 53.0 1
    1 3274  238    3 40.0 89.0 1
    1 2787  333  187 31.0 47.0 1
    1 1849  145   69 54.0 71.0 1
    1  645  214    0 43.0 90.0 1
    1 3189   61   46 73.0 77.0 1
    1 2814  222  111 42.0 61.0 1
    1 1509  125   77 58.0 69.0 1
    1 2593   73   43 70.0 78.0 1
    1 2167  286    0 35.0 90.0 1
    1 2182  297    0 34.0 90.0 1
    1 3027  275  168 36.0 50.0 1
    1 1657  286  111 35.0 61.0 1
    1 3382  333  187 31.0 47.0 1
    1 3013  214    0 43.0 90.0 1
    1 3101  265  238 37.0 40.0 1
    1 2645  174    0 49.0 90.0 1
    1 2539  297  106 34.0 62.0 1
    1  754   10    0 87.0 90.0 0
    1 2542   85   57 67.0 74.0 1
    1  353   32    0 81.0 90.0 1
    1 2747  187   69 47.0 71.0 1
    1 1186  265  135 37.0 56.0 1
    1  623  193   10 46.0 87.0 1
    1 2583  102    0 63.0 90.0 1
    1 2434  140   73 55.0 70.0 1
    1 2382  214   57 43.0 74.0 1
    1 1700  102   65 63.0 72.0 1
    1 1185  125    0 58.0 90.0 1
    1 1704   85   50 67.0 76.0 1
    1 3016  120  106 59.0 62.0 1
    1 1447  256    0 38.0 90.0 1
    1 1803  156   50 52.0 76.0 1
    1 1448   50    0 76.0 90.0 0
    1 2277  286    0 35.0 90.0 1
    1  333   81    0 68.0 90.0 1
    1 1759  230   32 41.0 81.0 1
    1 2732  102    0 63.0 90.0 1
    1 3347   32    0 81.0 90.0 1
    1 2740  238  168 40.0 50.0 1
    1 2868  135    0 56.0 90.0 0
    1 3461  333  145 31.0 54.0 1
    1 3354  297  135 34.0 56.0 1
    1 3019   57    0 74.0 90.0 1
    1 3482  333    0 31.0 90.0 0
    1 1555  297    0 34.0 90.0 1
    1 2850   17    0 85.0 90.0 1
    1 1787  346  275 30.0 36.0 1
    1 3178  214  120 43.0 59.0 1
    1  381   98    3 64.0 89.0 1
    1 1532  308    0 33.0 90.0 0
    1 1765  207   39 44.0 79.0 0
    1 1741  130    0 57.0 90.0 1
    1 3250   85   57 67.0 74.0 1
    1  826  275  130 36.0 57.0 1
    1 3349  130   69 57.0 71.0 1
    1 1187  214   10 43.0 87.0 0
    1 2827  156    0 52.0 90.0 1
    1 1248   46    0 77.0 90.0 1
    1 2487  333   77 31.0 69.0 1
    1  802  120    3 59.0 89.0 1
    1 3571   35   28 80.0 82.0 1
    1 1501  145    0 54.0 90.0 1
    1 2861  162  156 51.0 52.0 1
    1 1273   93   69 65.0 71.0 1
