 500 500 500 130
    1 2105   39    0 79.0 90.0 1
    1 2288  115    0 60.0 90.0 1
    1 2697  106   14 62.0 86.0 0
    1 1845  187    0 47.0 90.0 0
    1 2278  130   21 57.0 84.0 1
    1  688  333    0 31.0 90.0 0
    1 1617  156    0 52.0 90.0 1
    1 2517  265   57 37.0 74.0 1
    1 1290  275   14 36.0 86.0 1
    1 1793  187  151 47.0 53.0 0
    1 2821  230   61 41.0 73.0 1
    1  482   77    0 69.0 90.0 1
    1 1183  230   77 41.0 69.0 1
    1 2972   81   57 68.0 74.0 1
    1 2367  346    0 30.0 90.0 1
    1 2459  230  174 41.0 49.0 1
    1  438  120   57 59.0 74.0 1
    1  669   65    7 72.0 88.0 1
    1 1822  275    0 36.0 90.0 1
    1 1831  145   17 54.0 85.0 1
    1 2940  174  115 49.0 60.0 1
    1 1189   85   21 67.0 84.0 1
    1 1348   50   43 76.0 78.0 1
    1  415   32    0 81.0 90.0 1
    1  941   54    0 75.0 90.0 1
    1 2106   81   81 68.0 68.0 1
    1 1604   43   10 78.0 87.0 1
    1 3509  135    7 56.0 88.0 1
    1 2390  238  115 40.0 60.0 0
    1 2382  207   93 44.0 65.0 1
    1 2388  265  187 37.0 47.0 1
    1 3004  256  130 38.0 57.0 1
    1 3179  168   32 50.0 81.0 0
    1 2029  162   46 51.0 77.0 1
    1 1584  308    0 33.0 90.0 1
    1  735  275   32 36.0 81.0 1
    1 3126  214   89 43.0 66.0 1
    1 1860  130    0 57.0 90.0 1
    1 2158   98   46 64.0 77.0 1
    1 3241  111   61 61.0 73.0 1
    1 3502   81   14 68.0 86.0 1
    1  572  187   32 47.0 81.0 0
    1  770   54   50 75.0 76.0 1
    1  755  145    7 54.0 88.0 1
    1  856  180    0 48.0 90.0 1
    1 1532  320  106 32.0 62.0 1
    1  796  333    0 31.0 90.0 1
    0 1343  120   39 59.0 79.0 1
    1 2144  130   50 57.0 76.0 1
    1  871   61    0 73.0 90.0 1
    1 2880  333    0 31.0 90.0 1
    1 1495  207   57 44.0 74.0 1
    1 2579   77   28 69.0 82.0 1
    1 1851  111   85 61.0 67.0 1
    1 3208   32    0 81.0 90.0 1
    1  649   39   10 79.0 87.0 1
    1 1196  222    3 42.0 89.0 0
    1 2473  346  193 30.0 46.0 1
    1 2156  275  238 36.0 40.0 1
    1 3056   35    7 80.0 88.0 1
    1 2762  256  162 38.0 51.0 1
    1 2521  102   35 63.0 80.0 1
    1 1131  247   14 39.0 86.0 1
    1 3493   14    0 86.0 90.0 1
    1 2069  120    0 59.0 90.0 1
    1 2985  346  174 30.0 49.0 1
    1 2493   21    0 84.0 90.0 1
    1  495  174    0 49.0 90.0 1
    1 1977   43   25 78.0 83.0 1
    1  532  106   85 62.0 67.0 0
    1 1854  125  115 58.0 60.0 0
    1 2592  346   81 30.0 68.0 1
    1 3102   21    0 84.0 90.0 1
    1 3372  346   81 30.0 68.0 1
    1 2576   85   69 67.0 71.0 1
    1 2886  200    0 45.0 90.0 1
    1 1350  180    0 48.0 90.0 1
    1 1776  320    0 32.0 90.0 1
    1 2431  320    0 32.0 90.0 1
    1 3137   98   69 64.0 71.0 1
    1 1533  125    0 58.0 90.0 0
    1 3159  140  102 55.0 63.0 1
    1 1559  140   61 55.0 73.0 1
    1 2175  247   50 39.0 76.0 0
    1 2260  275  256 36.0 38.0 1
    1 1195   57   10 74.0 87.0 0
    1 1535  256   98 38.0 64.0 1
    1 3322  135    0 56.0 90.0 1
    1 1795   50   39 76.0 79.0 1
    0  373  145   17 54.0 85.0 1
    1 1070  111   85 61.0 67.0 1
    1 2726   81    0 68.0 90.0 1
    1  744  174  115 49.0 60.0 1
    1  827  174   21 49.0 84.0 1
    1 2116   73   61 70.0 73.0 1
    2 1592  320  308 32.0 33.0 0
    1  474  180   21 48.0 84.0 1
    1 3215   93   10 65.0 87.0 0
    1 1941   65   25 72.0 83.0 1
    1 1027  106   32 62.0 81.0 1
    1  999   35    7 80.0 88.0 1
    1  686   77   77 69.0 69.0 1
    1 1089  297    0 34.0 90.0 1
    1  453  111   17 61.0 85.0 1
    1 1556  333    0 31.0 90.0 0
    1 2866  162   25 51.0 83.0 1
    1 3155  162    0 51.0 90.0 1
    0 2797  193    0 46.0 90.0 1
    1 1724  222    0 42.0 90.0 1
    0 3218   39   32 79.0 81.0 1
    1 2475  174   46 49.0 77.0 1
    2 1129  111  111 61.0 61.0 1
    1 3155  230   81 41.0 68.0 1
    1 2832  168    0 50.0 90.0 1
    1  359   98   35 64.0 80.0 1
    2 3075  193   14 46.0 86.0 1
    1  857  180   54 48.0 75.0 1
    1 2341  346    0 30.0 90.0 1
    1  352   21    0 84.0 90.0 1
    1 2056  193   73 46.0 70.0 1
    1 1987  320   17 32.0 85.0 1
    1 3013  207   69 44.0 71.0 1
    1 1256  256   98 38.0 64.0 1
    1 1762  162   14 51.0 86.0 1
    1 1144  265    0 37.0 90.0 1
    1 1831  111   69 61.0 71.0 1
    1 1246  222  207 42.0 44.0 1
    1 3154  162   32 51.0 81.0 1
    1 2342  111  106 61.0 62.0 1
    1 2026  247  156 39.0 52.0 1
    1 1395  222    0 42.0 90.0 1
    1 2569  308  125 33.0 58.0 1
    1 1399  286  156 35.0 52.0 1
    1  487   21    0 84.0 90.0 1
    1 1950  151   73 53.0 70.0 1
    1 1277   93   25 65.0 83.0 0
    1 1027  238    3 40.0 89.0 1
    1 2002  193  187 46.0 47.0 1
    1  877  214   10 43.0 87.0 1
    1 2501  286  130 35.0 57.0 0
    1 3242   50   39 76.0 79.0 1
    1 2596  222   61 42.0 73.0 0
    1 3195  187   35 47.0 80.0 1
    2 2131  308  145 33.0 54.0 1
    1 3322    3    0 89.0 90.0 1
    1 1348  156  120 52.0 59.0 1
    1 1404  156   65 52.0 72.0 1
    1 2069  187    0 47.0 90.0 1
    1  729  106   43 62.0 78.0 1
    1 1858  162   65 51.0 72.0 1
    1 1685   65    0 72.0 90.0 0
    1 2855  130    0 57.0 90.0 0
    1 1272  308  308 33.0 33.0 1
    1 1284  102   73 63.0 70.0 1
    1 3048   81    0 68.0 90.0 1
    1  607   32   14 81.0 86.0 1
    1 2820  193    0 46.0 90.0 1
    1 2213  320   35 32.0 80.0 1
    1 3582   93   54 65.0 75.0 1
    1  718  135   43 56.0 78.0 0
    1 2057  256  168 38.0 50.0 1
    1 3547  106   93 62.0 65.0 1
    1 2212  151    3 53.0 89.0 1
    1 1344  238   69 40.0 71.0 1
    1  742  156   35 52.0 80.0 1
    1 1232   85   35 67.0 80.0 1
    1 1929   35    0 80.0 90.0 1
    1 1893  207   35 44.0 80.0 1
    1  873   89   28 66.0 82.0 1
    0 1538  151   89 53.0 66.0 1
    1 2144  333   81 31.0 68.0 0
    1 1004  111   39 61.0 79.0 1
    1 2505  256    0 38.0 90.0 1
    1 1682   28    0 82.0 90.0 1
    1 2197  346    0 30.0 90.0 1
    1 3286  265  125 37.0 58.0 1
    1  819  333   14 31.0 86.0 0
    1 2637  333    0 31.0 90.0 1
    1 1515   61    0 73.0 90.0 1
    1 1377  106    0 62.0 90.0 0
    1 2819  111   85 61.0 67.0 1
    1 1067  256  120 38.0 59.0 0
    2  308    7    0 88.0 90.0 1
    1 1520  140   14 55.0 86.0 1
    1 1772  130    7 57.0 88.0 1
    1 2685   93   73 65.0 70.0 1
    1 1813  275  102 36.0 63.0 1
    1  358   65   28 72.0 82.0 1
    1 1518  320   57 32.0 74.0 1
    1 3255   98   28 64.0 82.0 1
    1 3234  256    0 38.0 90.0 1
    1 2082   61    0 73.0 90.0 1
    1 2670   81    0 68.0 90.0 1
    1 2600  265  200 37.0 45.0 1
    1 3572  247   61 39.0 73.0 1
    1 1422  222   89 42.0 66.0 1
    1 1388  156    0 52.0 90.0 0
    2  360   57    0 74.0 90.0 1
    1 3588  286  180 35.0 48.0 1
    1 2261  102    0 63.0 90.0 1
    1 3093  174  125 49.0 58.0 1
    1 1264  193    0 46.0 90.0 1
    1 3429  151    0 53.0 90.0 1
    1 3172   85    0 67.0 90.0 1
    1  875  275    0 36.0 90.0 1
    1  385  130   39 57.0 79.0 1
    1  726  297   43 34.0 78.0 1
    1 3442  156  120 52.0 59.0 1
    1 1297  346   17 30.0 85.0 1
    1  456  106    0 62.0 90.0 1
    1 2633  200   35 45.0 80.0 1
    1  758   54   35 75.0 80.0 1
    1 3021   35    3 80.0 89.0 1
    1 1344  151    0 53.0 90.0 1
    1 1242  256   39 38.0 79.0 1
    1 3447  256  162 38.0 51.0 1
    1 3284  286  140 35.0 55.0 1
    1 2917  125   85 58.0 67.0 1
    0 3560  162   14 51.0 86.0 1
    1 2729  230  130 41.0 57.0 1
    1 1874  214    0 43.0 90.0 1
    1  423  111   98 61.0 64.0 1
    1 2009  247   21 39.0 84.0 1
    0 2299  145    0 54.0 90.0 1
    1 1215  193  151 46.0 53.0 1
    1  590  207    0 44.0 90.0 1
    1 2049  193    0 46.0 90.0 1
    1 1149  115   85 60.0 67.0 1
    0 1562  230   14 41.0 86.0 1
    1 1813  174  130 49.0 57.0 1
    1 1770   81    0 68.0 90.0 1
    1  697  222  102 42.0 63.0 1
    1 2049  333   69 31.0 71.0 1
    1 1215  346  168 30.0 50.0 1
    1 3589  214    0 43.0 90.0 0
    1 2091  174    0 49.0 90.0 0
    2 3475  168   10 50.0 87.0 1
    1 3261  275   32 36.0 81.0 1
    1 3540  275    0 36.0 90.0 1
    1 2910  193  168 46.0 50.0 1
    1 1651   57   21 74.0 84.0 1
    1 2411  222  207 42.0 44.0 1
    1 2144  346   10 30.0 87.0 1
    1 2794  193   69 46.0 71.0 1
    1 1375  120   32 59.0 81.0 1
    1 1305   93   77 65.0 69.0 1
    1  724   81   35 68.0 80.0 1
    1  352  151    0 53.0 90.0 1
    1  456  156    0 52.0 90.0 1
    1 1266  102   85 63.0 67.0 1
    1  588   65    0 72.0 90.0 1
    0 1029   73    0 70.0 90.0 1
    1 3573  145    0 54.0 90.0 1
    1 3375  106    0 62.0 90.0 1
    1 1283   85   17 67.0 85.0 1
    1 1308  130   50 57.0 76.0 1
    1 1746  111    0 61.0 90.0 1
    1 2029  111   14 61.0 86.0 1
    1 1092  130  120 57.0 59.0 1
    1 3374  333  297 31.0 34.0 1
    1 2129  247  207 39.0 44.0 1
    1  452   77    0 69.0 90.0 1
    1  909   17    0 85.0 90.0 1
    1 2752   65    0 72.0 90.0 1
    1 3319   43   14 78.0 86.0 1
    1 3309  106    0 62.0 90.0 1
    1 2739  320  297 32.0 34.0 1
    1 1797  265  130 37.0 57.0 1
    1  374  168    0 50.0 90.0 1
    1 3130  247  193 39.0 46.0 0
    1 3472  102   65 63.0 72.0 0
    1 2157  238   46 40.0 77.0 1
    1 3246   81   69 68.0 71.0 1
    1  833  156   28 52.0 82.0 1
    1 3114  247   50 39.0 76.0 1
    1 2402  275  151 36.0 53.0 1
    1 2102   65   17 72.0 85.0 1
    1 3013  275  187 36.0 47.0 1
    1  721  230    0 41.0 90.0 1
    1 2955  247  145 39.0 54.0 1
    1 1374  187   57 47.0 74.0 1
    1 1282   32    0 81.0 90.0 1
    1 3155   54    0 75.0 90.0 1
    1 1507  111    0 61.0 90.0 1
    1 2808   57    0 74.0 90.0 0
    1 1257  230   81 41.0 68.0 1
    1  583  247   21 39.0 84.0 1
    1 1311   32    0 81.0 90.0 0
    1 3520   10    0 87.0 90.0 1
    2 2915  200   98 45.0 64.0 1
    1 3386  207  174 44.0 49.0 1
    1  553   50   10 76.0 87.0 1
    1 1473  320  135 32.0 56.0 1
    1 3045  193   39 46.0 79.0 1
    1  542  200    0 45.0 90.0 1
    1 3218  193    0 46.0 90.0 1
    1 3526  130  102 57.0 63.0 1
    1 2841  256   25 38.0 83.0 1
    1 3554   69    0 71.0 90.0 1
    1 3108  106   46 62.0 77.0 1
    1 2256  230  168 41.0 50.0 1
    0 2970   46    0 77.0 90.0 1
    1 1581  222   61 42.0 73.0 1
    1  919  174    3 49.0 89.0 1
    1 3268   61    0 73.0 90.0 0
    1  517  187    0 47.0 90.0 1
    1  860   50    0 76.0 90.0 1
    1  777  286    0 35.0 90.0 1
    1 1706  120   10 59.0 87.0 1
    1 1205  200   89 45.0 66.0 1
    1 1594   54   25 75.0 83.0 1
    1 1431  238   32 40.0 81.0 1
    1  640  297    0 34.0 90.0 1
    1 3270   93   77 65.0 69.0 1
    1 1044  151  145 53.0 54.0 1
    1  504  106   50 62.0 76.0 1
    1  332   54    0 75.0 90.0 1
    1  701  187    0 47.0 90.0 1
    1 1217  111   10 61.0 87.0 1
    1 3009  111   93 61.0 65.0 1
    1  832  247  168 39.0 50.0 1
    1 2660  230  187 41.0 47.0 1
    1  953  120   17 59.0 85.0 1
    1  890   77    7 69.0 88.0 1
    1 1106  256   28 38.0 82.0 1
    1 1303  346  106 30.0 62.0 1
    1  751   81   25 68.0 83.0 1
    1 2279  102    0 63.0 90.0 1
    1  997   89    0 66.0 90.0 1
    1 1922  230    0 41.0 90.0 1
    1  864  256    0 38.0 90.0 0
    1 3011  135    0 56.0 90.0 1
    1 3001   10    0 87.0 90.0 1
    1 3190  320   39 32.0 79.0 1
    1  654  125   46 58.0 77.0 1
    1 2393  130   65 57.0 72.0 1
    1 3240  115    0 60.0 90.0 1
    1 2756  125    0 58.0 90.0 1
    1 1959  265   98 37.0 64.0 1
    1  679  106    0 62.0 90.0 1
    1 3456  125    0 58.0 90.0 1
    1 2662  156   73 52.0 70.0 1
    1  578  187   81 47.0 68.0 1
    1 1684  168   69 50.0 71.0 1
    1 1733  130   89 57.0 66.0 1
    1 1281   65    0 72.0 90.0 1
    1  852   35   14 80.0 86.0 1
    1 3146  238   17 40.0 85.0 1
    1 1554  200  200 45.0 45.0 1
    2 2856   73    0 70.0 90.0 1
    1 3053  168  111 50.0 61.0 0
    1 2933  286  168 35.0 50.0 1
    1 2369   73   17 70.0 85.0 1
    1 3227  156   65 52.0 72.0 1
    1 2256  130   93 57.0 65.0 0
    1 2807  222    0 42.0 90.0 1
    1 3386  214  102 43.0 63.0 1
    1 2344   81    0 68.0 90.0 1
    1 1937  265  214 37.0 43.0 1
    1 3548  297   25 34.0 83.0 1
    1 1814  162   93 51.0 65.0 1
    1 2277  111    0 61.0 90.0 1
    1  951  207  130 44.0 57.0 1
    1 1968  297  180 34.0 48.0 1
    1 3193   85    0 67.0 90.0 1
    1 1468  256   17 38.0 85.0 1
    1 3460   81   10 68.0 87.0 0
    1 3238  180   98 48.0 64.0 1
    1 1012  180    0 48.0 90.0 0
    2 1076  230   89 41.0 66.0 1
    1  560  135   39 56.0 79.0 1
    1  503   61    0 73.0 90.0 1
    1 2800  130   17 57.0 85.0 1
    1  542  102   54 63.0 75.0 1
    1 1045   89    0 66.0 90.0 1
    1 3464  230    0 41.0 90.0 1
    1  573   35   21 80.0 84.0 1
    1 1029  320   73 32.0 70.0 1
    1 2067  333   85 31.0 67.0 1
    1 1215  102   50 63.0 76.0 1
    1 2210  174  151 49.0 53.0 1
    1 3452  125   65 58.0 72.0 1
    1 3048   46   10 77.0 87.0 1
    2  749  106   21 62.0 84.0 0
    1 1991  187  140 47.0 55.0 1
    1 3093  265   89 37.0 66.0 1
    1  598  102    0 63.0 90.0 1
    1 3295  214  135 43.0 56.0 1
    0  838  238   14 40.0 86.0 1
    1 1314  130  120 57.0 59.0 1
    1 2313   93    0 65.0 90.0 1
    1 2683   81    0 68.0 90.0 1
    1 2741  286  125 35.0 58.0 1
    1 2104  265  102 37.0 63.0 1
    1 1353  265   39 37.0 79.0 0
    1 2934   69   57 71.0 74.0 1
    1  690   25    0 83.0 90.0 1
    1 2667   46    0 77.0 90.0 1
    0 1357   98   98 64.0 64.0 1
    1 1798  308  247 33.0 39.0 1
    1  497   93    0 65.0 90.0 1
    1  833  187   98 47.0 64.0 1
    1  504   93    0 65.0 90.0 1
    1 1653  156   89 52.0 66.0 1
    1  733  247    3 39.0 89.0 1
    1 1373  135   28 56.0 82.0 1
    1 1103  308   35 33.0 80.0 1
    1  691  247   46 39.0 77.0 1
    1 1300   73    0 70.0 90.0 1
    1 2724  333  238 31.0 40.0 1
    1  643  193   35 46.0 80.0 1
    1  478  207    0 44.0 90.0 1
    1 2313  145   14 54.0 86.0 1
    1  877  286   35 35.0 80.0 1
    1 3025  156   57 52.0 74.0 1
    1 1775  102   35 63.0 80.0 0
    1 1659  286  214 35.0 43.0 1
    1 3279   98   32 64.0 81.0 1
    1 1997  145    0 54.0 90.0 1
    1 1260   93    0 65.0 90.0 1
    1 2320  111   89 61.0 66.0 1
    1  469  187    0 47.0 90.0 1
    1 1407  308  286 33.0 35.0 1
    1 2600  214    0 43.0 90.0 1
    1 3240  320   77 32.0 69.0 1
    1 1608  111    0 61.0 90.0 1
    1 3007  214    0 43.0 90.0 0
    1 2699  174  168 49.0 50.0 1
    1 2028   69   50 71.0 76.0 1
    1 1483  120   14 59.0 86.0 1
    1 2809   93   57 65.0 74.0 1
    1 2199  145    0 54.0 90.0 0
    1  369   43   35 78.0 80.0 1
    1 3526  238   28 40.0 82.0 1
    1 3170   77   39 69.0 79.0 1
    1 3342  135  115 56.0 60.0 1
    1 3312   98    0 64.0 90.0 1
    1 2390   93   35 65.0 80.0 0
    1 2631   14   10 86.0 87.0 1
    1 1647   43    0 78.0 90.0 1
    1 2656  162  115 51.0 60.0 1
    1 2718  275    0 36.0 90.0 1
    1 1818  174  115 49.0 60.0 1
    1 3033  180   43 48.0 78.0 1
    1 3573  297   32 34.0 81.0 0
    1 1234  230   17 41.0 85.0 1
    1  355  156    3 52.0 89.0 1
    1  393  130   54 57.0 75.0 0
    1 1800  174   35 49.0 80.0 1
    1 1422  286    0 35.0 90.0 1
    1 2682  115   93 60.0 65.0 1
    1 1109  214   98 43.0 64.0 1
    1  671  168   73 50.0 70.0 1
    1  344  151   21 53.0 84.0 1
    1 2383  120    0 59.0 90.0 1
    1  852  207   10 44.0 87.0 1
    1 2348  174   32 49.0 81.0 1
    1 2860  265   77 37.0 69.0 1
    1 2366   73    0 70.0 90.0 1
    1 2877  130    0 57.0 90.0 1
    1 2317   77    0 69.0 90.0 1
    1 1585   73    0 70.0 90.0 0
    1 3017   46    0 77.0 90.0 1
    1 3454  111   65 61.0 72.0 1
    0 3022    7    0 88.0 90.0 1
    1 3253  286  247 35.0 39.0 1
    2 1561   98   10 64.0 87.0 1
    1  641  214    0 43.0 90.0 1
    1 1347  174   65 49.0 72.0 1
    1  363   89   43 66.0 78.0 1
    1 1947  320   57 32.0 74.0 1
    1 1432  102    0 63.0 90.0 1
    1 1120   21    0 84.0 90.0 1
    1 2891  222  102 42.0 63.0 1
    1 3046  106    0 62.0 90.0 1
    1 3237  265   50 37.0 76.0 1
    1  982  256    0 38.0 90.0 1
    1 3353   21    0 84.0 90.0 1
    1 3568  275  247 36.0 39.0 1
    1 3201   39    3 79.0 89.0 0
    1 1850  115   35 60.0 80.0 1
    1 2134   28    0 82.0 90.0 1
    1  957  193    0 46.0 90.0 1
    1 1691  174    0 49.0 90.0 1
    1 1338  207   14 44.0 86.0 1
    1 1911   35    3 80.0 89.0 1
    1 3298  320    0 32.0 90.0 1
    1 2396  120    3 59.0 89.0 1
    1 1790  256    0 38.0 90.0 1
    1 2911  168    0 50.0 90.0 1
    1 1447   77   54 69.0 75.0 1
    1 3444  346   57 30.0 74.0 1
    2 2240  297  180 34.0 48.0 1
    1 2093  162    0 51.0 90.0 1
    1 1012  333    0 31.0 90.0 1
    1 3397  187   54 47.0 75.0 1
    1 2037  230    0 41.0 90.0 1
    1  831   21    0 84.0 90.0 0
    1 1514  200  135 45.0 56.0 1
    1  378   43    0 78.0 90.0 1
