 500 500 500 130
    1  679   73   46 70.0 77.0 1
    1 2976   57    0 74.0 90.0 1
    1 1712  168   14 50.0 86.0 1
    1 2725  168   77 50.0 69.0 1
    1 3200  162   65 51.0 72.0 1
    1 1513  320   50 32.0 76.0 1
    1 3325   39   10 79.0 87.0 0
    1  334   54    0 75.0 90.0 1
    1 1360  120    0 59.0 90.0 0
    1 2083  200    0 45.0 90.0 1
    1 1249  308  106 33.0 62.0 1
    1  788   43   39 78.0 79.0 1
    1 3530  230   43 41.0 78.0 1
    1  990  214    0 43.0 90.0 1
    1 3225  320   61 32.0 73.0 1
    1 2861  297    0 34.0 90.0 1
    1 1163   35    0 80.0 90.0 1
    1 1285   69    0 71.0 90.0 1
    1 2767  346   43 30.0 78.0 1
    1  909   89    0 66.0 90.0 1
    1 1426    3    0 89.0 90.0 1
    1 2403  308   35 33.0 80.0 1
    1  877  174    0 49.0 90.0 1
    1 1823  275    0 36.0 90.0 1
    1 1126  286    0 35.0 90.0 1
    1  593   50    0 76.0 90.0 1
    1 2211  151   73 53.0 70.0 1
    1 2559  151  145 53.0 54.0 1
    1 1235  247   14 39.0 86.0 1
    1 1674  275   85 36.0 67.0 1
    1 1984  162    0 51.0 90.0 1
    1  712   10    0 87.0 90.0 1
    1 1666  275  193 36.0 46.0 1
    1 3308  256   77 38.0 69.0 1
    1 1985  333  222 31.0 42.0 1
    1 2427   46    0 77.0 90.0 1
    1 2328   14    7 86.0 88.0 1
    1  685  286   21 35.0 84.0 1
    1  307  106   39 62.0 79.0 1
    1 2169   73   39 70.0 79.0 1
    1 1281   93    0 65.0 90.0 1
    1 1999   39    0 79.0 90.0 1
    1 1128   77   17 69.0 85.0 1
    1 1910  140   93 55.0 65.0 1
    1 1525  111    7 61.0 88.0 1
    1  381   25    0 83.0 90.0 1
    1 2453  286  256 35.0 38.0 1
    1 1735   43   14 78.0 86.0 1
    1 3570  120    0 59.0 90.0 1
    1 3353  111    0 61.0 90.0 1
    1 2638  275   73 36.0 70.0 1
    1 2352   85    0 67.0 90.0 1
    1 1456  115    3 60.0 89.0 0
    1 2128  308   39 33.0 79.0 1
    1  789  174    0 49.0 90.0 1
    1  679  111   98 61.0 64.0 1
    1 1800  125    0 58.0 90.0 1
    1 1804  125   14 58.0 86.0 1
    1 3211  130  102 57.0 63.0 1
    1  737   10    0 87.0 90.0 0
    1 1795  102   89 63.0 66.0 1
    1 1000  238  174 40.0 49.0 1
    1 1377  106    0 62.0 90.0 1
    1  822   61    0 73.0 90.0 0
    1 2530   93    0 65.0 90.0 1
    1 1168  230  193 41.0 46.0 1
    1 2095   61    0 73.0 90.0 1
    1  376   43    0 78.0 90.0 1
    1 1326  156  115 52.0 60.0 1
    1 2750   39    0 79.0 90.0 1
    1 3441  120   73 59.0 70.0 1
    1 1717  115    3 60.0 89.0 1
    1 1376  265   10 37.0 87.0 1
    1 1069  256  193 38.0 46.0 1
    1 2289   50    0 76.0 90.0 1
    1 1656  200    0 45.0 90.0 1
    1 2320  151  145 53.0 54.0 1
    1  926  275   28 36.0 82.0 1
    1  483  111    0 61.0 90.0 1
    1 1324  174    0 49.0 90.0 1
    1 1731  320    0 32.0 90.0 1
    1 2320  214   93 43.0 65.0 1
    1 2275  115    0 60.0 90.0 1
    1 2411  174  125 49.0 58.0 1
    1  607   93    0 65.0 90.0 1
    1 1673   89   57 66.0 74.0 1
    1 3449  308  156 33.0 52.0 1
    1  808   69   65 71.0 72.0 1
    1 3424   61   50 73.0 76.0 1
    1 3204  187   61 47.0 73.0 1
    1 1668  162   85 51.0 67.0 1
    1  829   77   65 69.0 72.0 1
    1  840  265   93 37.0 65.0 0
    1 1889  111    0 61.0 90.0 1
    1 3159  140    0 55.0 90.0 1
    1 2895   93    0 65.0 90.0 1
    1 1243  106   65 62.0 72.0 1
    1 2774   50   32 76.0 81.0 0
    1  563   46    0 77.0 90.0 1
    1 3114  200  106 45.0 62.0 1
    1 2837   89   28 66.0 82.0 1
    1 1047  247   43 39.0 78.0 1
    1 2806  193  145 46.0 54.0 0
    1 1864  174  106 49.0 62.0 1
    1  831   50    3 76.0 89.0 0
    1 2359  320   54 32.0 75.0 1
    1 1752  120   98 59.0 64.0 1
    1 2414  275    0 36.0 90.0 1
    1 3076  125    0 58.0 90.0 1
    1 3159  256  140 38.0 55.0 1
    1 2454  346  320 30.0 32.0 1
    1 2839  308  200 33.0 45.0 1
    1  500  187   32 47.0 81.0 1
    1  485   69   17 71.0 85.0 1
    1 1460  193   10 46.0 87.0 1
    1 2847  346   81 30.0 68.0 0
    1 1931    3    0 89.0 90.0 1
    1 2977  151   43 53.0 78.0 1
    1  612   35    0 80.0 90.0 1
    1  770    3    0 89.0 90.0 1
    1 2568  193  111 46.0 61.0 0
    1 1460   28    7 82.0 88.0 1
    1 2585  230    0 41.0 90.0 1
    1 1394  130   50 57.0 76.0 0
    1 3427  162   93 51.0 65.0 1
    1  668   28    0 82.0 90.0 1
    1 3099  238   98 40.0 64.0 1
    1 3218  135   50 56.0 76.0 1
    1 2303   69    0 71.0 90.0 1
    1  840  333    0 31.0 90.0 1
    1  839  156  130 52.0 57.0 1
    1 1799  193   98 46.0 64.0 1
    1  688   17    0 85.0 90.0 1
    1  375   54    0 75.0 90.0 1
    1  434   17    0 85.0 90.0 1
    1  721  145    0 54.0 90.0 0
    1 3388  346  180 30.0 48.0 1
    1  667  207   57 44.0 74.0 1
    1  890  115   50 60.0 76.0 1
    1 1786  200   14 45.0 86.0 1
    1 2443  140   98 55.0 64.0 1
    1  891  168   81 50.0 68.0 1
    1 3150   57    0 74.0 90.0 1
    1 3446  156   98 52.0 64.0 1
    1 2158  187  130 47.0 57.0 1
    1 2501   89    0 66.0 90.0 1
    1 3583  193  180 46.0 48.0 1
    1 1907   89   65 66.0 72.0 1
    1 3367  102   73 63.0 70.0 1
    1  876  156   85 52.0 67.0 1
    1  769  102   57 63.0 74.0 1
    1 1778   69    0 71.0 90.0 1
    1 2944  115   10 60.0 87.0 1
    1 3537  174   35 49.0 80.0 1
    1 1845  222    0 42.0 90.0 1
    1 3593  162   10 51.0 87.0 1
    1 1200  286    0 35.0 90.0 1
    1 3385  320   46 32.0 77.0 0
    1 1914   32   28 81.0 82.0 1
    1 3117   43    0 78.0 90.0 1
    1 2237   43    0 78.0 90.0 1
    1 2706  214   50 43.0 76.0 1
    1 1986  275   46 36.0 77.0 1
    1  447  200   10 45.0 87.0 1
    1 2279  106   57 62.0 74.0 0
    1 2602  214    7 43.0 88.0 1
    1 3137  180    0 48.0 90.0 1
    1 3569  151  130 53.0 57.0 1
    1  389  156    0 52.0 90.0 1
    1 2366  238  222 40.0 42.0 1
    1 2238    3    0 89.0 90.0 1
    1 1942  162   43 51.0 78.0 1
    1 2749  200   61 45.0 73.0 1
    1 2715   39   25 79.0 83.0 1
    1  481  151   73 53.0 70.0 1
    1 1837  193  125 46.0 58.0 1
    1 2941  346    3 30.0 89.0 1
    1 3316   35    0 80.0 90.0 1
    1  977  238   54 40.0 75.0 1
    1 1153   43   21 78.0 84.0 1
    1 3484  346   50 30.0 76.0 1
    1  962  145  145 54.0 54.0 1
    1 1536  162    7 51.0 88.0 1
    1 1627  180   69 48.0 71.0 1
    1 3453  125    0 58.0 90.0 1
    1 2653  308  214 33.0 43.0 1
    1 1916   73    0 70.0 90.0 1
    1 1205  156   39 52.0 79.0 1
    1 2985  130    0 57.0 90.0 1
    1 3053  130   25 57.0 83.0 1
    1 1494   35    0 80.0 90.0 1
    1 2607  120   21 59.0 84.0 1
    1  594  115    0 60.0 90.0 1
    1 1898  200   43 45.0 78.0 1
    1 3119   54    0 75.0 90.0 1
    1  428   65    0 72.0 90.0 1
    1 1679   81    0 68.0 90.0 1
    1 2053  286    0 35.0 90.0 0
    1 2308  297  214 34.0 43.0 1
    1 3492   85   69 67.0 71.0 1
    1  506   81   35 68.0 80.0 1
    1 2378   10    0 87.0 90.0 1
    1 2083   46    0 77.0 90.0 1
    1 2477   77   10 69.0 87.0 1
    1  769   50    0 76.0 90.0 1
    1  441   98    0 64.0 90.0 1
    1  574  125    0 58.0 90.0 1
    1 2377   39   21 79.0 84.0 1
    1 2292   69    0 71.0 90.0 1
    1  609  168   50 50.0 76.0 1
    1  517   14    0 86.0 90.0 1
    1 3577  346    7 30.0 88.0 0
    1 2676   89    0 66.0 90.0 1
    1  699   35   14 80.0 86.0 1
    1  311   17    3 85.0 89.0 1
    1 2223  156    0 52.0 90.0 1
    1 3223   54    0 75.0 90.0 0
    1  914  168   17 50.0 85.0 1
    1  923   14    0 86.0 90.0 1
    1 1646   50    0 76.0 90.0 0
    1 2671   25    0 83.0 90.0 1
    1 1504   81   81 68.0 68.0 1
    1 2348  145  125 54.0 58.0 1
    1 3148   39   14 79.0 86.0 1
    1 1003  135   43 56.0 78.0 1
    1 1546   69    0 71.0 90.0 1
    1  583   81    0 68.0 90.0 1
    1 2341   85    0 67.0 90.0 1
    1  905  247  200 39.0 45.0 1
    1  869  275  111 36.0 61.0 1
    1 1593  207    0 44.0 90.0 1
    1 1949   61    0 73.0 90.0 0
    1 2321  256   77 38.0 69.0 1
    1 1466  125   46 58.0 77.0 1
    1 1181   98   85 64.0 67.0 0
    1  412   21    0 84.0 90.0 1
    1 3022  125    0 58.0 90.0 0
    1 2195  230  156 41.0 52.0 1
    1 2885  115    0 60.0 90.0 1
    1 1098   57   54 74.0 75.0 1
    1 2998  115    0 60.0 90.0 0
    1 2014  286  265 35.0 37.0 1
    1  670  247    0 39.0 90.0 1
    1 1966  140   10 55.0 87.0 0
    1  489   32   14 81.0 86.0 1
    1  344   81   14 68.0 86.0 1
    1  853   39    0 79.0 90.0 0
    1 1963  230    0 41.0 90.0 1
    1 2800   85    0 67.0 90.0 1
    1 2456  222   65 42.0 72.0 1
    1  871  238   21 40.0 84.0 1
    1 2273  187  162 47.0 51.0 1
    1 2253  125   39 58.0 79.0 1
    1 1421  333  275 31.0 36.0 1
    1 2599  145    0 54.0 90.0 0
    1 1647  207   77 44.0 69.0 1
    1 2258   57   57 74.0 74.0 1
    1 1081   69    3 71.0 89.0 1
    1 1354  238   32 40.0 81.0 1
    1 2594  238    0 40.0 90.0 1
    1 1382  102    0 63.0 90.0 1
    1 2259  115    0 60.0 90.0 1
    1  367   32    0 81.0 90.0 1
    1 2797  238   73 40.0 70.0 1
    1 3188  214    0 43.0 90.0 1
    1  529   89    0 66.0 90.0 1
    1 2732  256  187 38.0 47.0 1
    1  620  214   69 43.0 71.0 0
    1 1072  320   89 32.0 66.0 1
    1 2673  200   98 45.0 64.0 1
    1 1293  200   81 45.0 68.0 1
    1  336  156    0 52.0 90.0 1
    1  371  130    0 57.0 90.0 1
    1  893  180    0 48.0 90.0 1
    1 2242   43    0 78.0 90.0 1
    1 3045   43    0 78.0 90.0 1
    1 2524    7    0 88.0 90.0 1
    1  918   77    0 69.0 90.0 0
    1 1808   73   65 70.0 72.0 1
    1 1006  256    0 38.0 90.0 1
    1 3530   77   43 69.0 78.0 1
    1 3181  346  156 30.0 52.0 1
    1 1472  333  102 31.0 63.0 1
    1 2793  320  135 32.0 56.0 1
    1 1392  125    0 58.0 90.0 0
    1 2792   89    0 66.0 90.0 1
    1 3475  238  238 40.0 40.0 1
    1 3132  308  238 33.0 40.0 1
    1 2362  238   17 40.0 85.0 1
    1  740  222   65 42.0 72.0 1
    1  848   69   32 71.0 81.0 1
    1 3400  140    0 55.0 90.0 1
    1 2210  247    0 39.0 90.0 1
    1 2366   93   21 65.0 84.0 0
    1 1303  106  106 62.0 62.0 1
    1 1785  135   81 56.0 68.0 1
    1  469   10    0 87.0 90.0 1
    1 1504   81    0 68.0 90.0 1
    1 2382  180   14 48.0 86.0 0
    1 2016  308   65 33.0 72.0 1
    1 2473  102   25 63.0 83.0 1
    1 2198   46    0 77.0 90.0 1
    1 1408   50   46 76.0 77.0 1
    1  732  200    0 45.0 90.0 1
    1 2111   57    0 74.0 90.0 1
    1  987  162    0 51.0 90.0 1
    1  390  130    0 57.0 90.0 1
    1 2832  256  247 38.0 39.0 1
    1 1510   69   57 71.0 74.0 1
    1 2120  168   93 50.0 65.0 1
    1 1650  125  106 58.0 62.0 0
    1  371   81   35 68.0 80.0 1
    1 2371  187    0 47.0 90.0 1
    1 3051  111    0 61.0 90.0 1
    1 1003  346    0 30.0 90.0 1
    1  368   93    0 65.0 90.0 1
    1 1250  346  115 30.0 60.0 0
    1 2867  102    0 63.0 90.0 1
    1 1228  168   35 50.0 80.0 1
    1 1209  145   69 54.0 71.0 1
    1 1559   10   10 87.0 87.0 1
    1 1138   89   57 66.0 74.0 1
    1 1107  156    7 52.0 88.0 0
    1 2003  193   50 46.0 76.0 1
    1  648   21   17 84.0 85.0 1
    1 1361  111   50 61.0 76.0 1
    1 1611  168    0 50.0 90.0 1
    1  790  222    0 42.0 90.0 1
    1  578   77    0 69.0 90.0 1
    1 1064  346  168 30.0 50.0 1
    1 2099  162   57 51.0 74.0 1
    1 1312  256  130 38.0 57.0 1
    1 2552   50   46 76.0 77.0 1
    1 3310   69   32 71.0 81.0 1
    1 3468   77    0 69.0 90.0 1
    1 3027  346   46 30.0 77.0 1
    1 2458  297  102 34.0 63.0 1
    1 2032   89   17 66.0 85.0 1
    1 1619  193   69 46.0 71.0 1
    1  329   77    0 69.0 90.0 1
    1  963  162   39 51.0 79.0 1
    1 3554  265    0 37.0 90.0 1
    1 2193   17    0 85.0 90.0 1
    1  450   73    0 70.0 90.0 1
    1 2219  111    0 61.0 90.0 1
    1 2818  275    0 36.0 90.0 1
    1 1318  320  256 32.0 38.0 1
    1 1433  135  120 56.0 59.0 1
    1 3079  102   54 63.0 75.0 1
    1 3188  230   50 41.0 76.0 1
    1 1748  102   25 63.0 83.0 1
    1 3451  286  265 35.0 37.0 1
    1  800  286    0 35.0 90.0 1
    1 2512  214   54 43.0 75.0 1
    1 3248  193  151 46.0 53.0 1
    1 1222   69   35 71.0 80.0 0
    1  796   28    0 82.0 90.0 1
    1 2301  145    7 54.0 88.0 1
    1 2838  162  140 51.0 55.0 0
    1 2688   43   14 78.0 86.0 1
    1  557  256    0 38.0 90.0 1
    1  596  111    3 61.0 89.0 1
    1  635  174   46 49.0 77.0 1
    1 1687  156    0 52.0 90.0 1
    1 2688  222    0 42.0 90.0 1
    1 3558  174    0 49.0 90.0 1
    1 3034  214  145 43.0 54.0 1
    1  917  308   28 33.0 82.0 1
    1  444  106   93 62.0 65.0 1
    1 1719  333   69 31.0 71.0 1
    1 3062   93    0 65.0 90.0 1
    1  453  180   25 48.0 83.0 0
    1 2421   81   54 68.0 75.0 1
    1 3034  320   77 32.0 69.0 1
    1 2947  102    0 63.0 90.0 1
    1  985  265    0 37.0 90.0 1
    1 1319    7    0 88.0 90.0 1
    1 2568   35    0 80.0 90.0 1
    1 1167   25    0 83.0 90.0 1
    1  641  286    0 35.0 90.0 1
    1  966   50    0 76.0 90.0 1
    1 3565   54    0 75.0 90.0 1
    1 2825   25    0 83.0 90.0 1
    1 1541  308  140 33.0 55.0 1
    1 1071  222  120 42.0 59.0 0
    1 3082  111   93 61.0 65.0 1
    1 3369  333    0 31.0 90.0 1
    1 1604  135    0 56.0 90.0 1
    1 2571  247  238 39.0 40.0 1
    1 1451   32    0 81.0 90.0 0
    1 1921  286   35 35.0 80.0 1
    1 1712  187   43 47.0 78.0 0
    1 2657  247    0 39.0 90.0 1
    1 3171  275  168 36.0 50.0 1
    1 2186  247    3 39.0 89.0 1
    1 3424  125   65 58.0 72.0 1
    1  553   50   17 76.0 85.0 1
    1 1899   25    0 83.0 90.0 1
    1 1734   39    0 79.0 90.0 1
    1 2892  106   46 62.0 77.0 1
    1  578   28    0 82.0 90.0 1
    1 2722  214  162 43.0 51.0 1
    1 1815   93    0 65.0 90.0 1
    1 2575  286    0 35.0 90.0 1
    1 1516  333   61 31.0 73.0 1
    1 1248   89   39 66.0 79.0 1
    1  306  115   25 60.0 83.0 1
    1 2847  115   32 60.0 81.0 1
    1  969   35    0 80.0 90.0 1
    1 2672  111    0 61.0 90.0 1
    1 3221  265   93 37.0 65.0 1
    1  932  265  120 37.0 59.0 1
    1 3097  286    0 35.0 90.0 1
    1 1675  180    0 48.0 90.0 1
    1 2876  180    0 48.0 90.0 1
    1  876  200   73 45.0 70.0 1
    1 3300  275  265 36.0 37.0 1
    1  465   98   25 64.0 83.0 1
    1 1064  168    7 50.0 88.0 0
    1 1185  151    0 53.0 90.0 0
    1 1921  207   77 44.0 69.0 1
    1  573  140   73 55.0 70.0 1
    1 2660   50   46 76.0 77.0 0
    1 2113  308  265 33.0 37.0 1
    1 3257   57   14 74.0 86.0 1
    1 2139  238  238 40.0 40.0 1
    1 2888  200   77 45.0 69.0 0
    1  579  102   89 63.0 66.0 1
    1 1987   57    0 74.0 90.0 0
    1  493   65   61 72.0 73.0 1
    1 3017  200    7 45.0 88.0 1
    1 2371  115    0 60.0 90.0 1
    1 1562   61    0 73.0 90.0 1
    1 1336  320    0 32.0 90.0 1
    1 2618  120   89 59.0 66.0 1
    1  332   89   61 66.0 73.0 1
    1 2741  230  156 41.0 52.0 1
    1 2197  174  120 49.0 59.0 1
    1 1801  238    0 40.0 90.0 1
    1 2911  275    7 36.0 88.0 1
    1 3420  214    0 43.0 90.0 1
    1 2936  156  135 52.0 56.0 1
    1 2924  320   21 32.0 84.0 1
    1 3016   93   89 65.0 66.0 1
    1  520  162   98 51.0 64.0 1
    1 3011  187    0 47.0 90.0 1
    1  967   77   39 69.0 79.0 1
    1 1171  230  174 41.0 49.0 1
    1 3379  207  200 44.0 45.0 1
    1  668  265    0 37.0 90.0 1
    1 1514  265  102 37.0 63.0 1
    1  899  320    0 32.0 90.0 1
    1 3449  297    0 34.0 90.0 1
    1 1267   65    0 72.0 90.0 1
    1 1316  256   98 38.0 64.0 1
    1 2258  102    0 63.0 90.0 1
    1 2064   69   54 71.0 75.0 1
    1 3428  286    0 35.0 90.0 1
    1 3571   21    0 84.0 90.0 1
    1 1225  174    7 49.0 88.0 1
    1 2492   65    0 72.0 90.0 1
    1 1223  297    0 34.0 90.0 1
    1 1336  207   25 44.0 83.0 1
    1  396   54   14 75.0 86.0 1
    1 3562   28    0 82.0 90.0 1
    1 1685  238  162 40.0 51.0 1
    1  706  140    0 55.0 90.0 1
    1 2894   77    0 69.0 90.0 1
    1 1752  168   17 50.0 85.0 1
    1 2966  308   17 33.0 85.0 1
    1  960  120    0 59.0 90.0 1
    1 2321  200   54 45.0 75.0 1
    1  431   69    0 71.0 90.0 1
    1 3275  187  111 47.0 61.0 1
    1 1642  222   57 42.0 74.0 1
    1  890  222   39 42.0 79.0 1
    1 3536   21   17 84.0 85.0 1
    1 3437  346  102 30.0 63.0 1
    1 1220  102    0 63.0 90.0 1
    1 1189  102   43 63.0 78.0 1
    1 2074   81   65 68.0 72.0 1
    1  599  247   14 39.0 86.0 1
    1 1942   14    7 86.0 88.0 1
    1 2094  187    0 47.0 90.0 1
    1 1903   77    0 69.0 90.0 1
    1 1434  111    0 61.0 90.0 1
    1 3598  200   43 45.0 78.0 1
    1 3062  140    0 55.0 90.0 0
    1 1243  180  174 48.0 49.0 1
    1 2075  275    0 36.0 90.0 0
    1 1816  333  275 31.0 36.0 1
    1  468  120  106 59.0 62.0 1
    1 3203  247  214 39.0 43.0 1
    1 1388  135   73 56.0 70.0 1
    1 2894  256  111 38.0 61.0 0
    1  307   25    0 83.0 90.0 1
    1 1472   65   35 72.0 80.0 1
    1 2185  207    0 44.0 90.0 1
    1  914   50    0 76.0 90.0 1
    1 1422  102   43 63.0 78.0 1
