 500 500 500 130
    1 2901  125    0 58.0 90.0 1
    1 2663  214    0 43.0 90.0 0
    1 1828   89   54 66.0 75.0 1
    1  522   17    0 85.0 90.0 0
    1 3284  297   32 34.0 81.0 1
    1 2408  238  174 40.0 49.0 1
    1 3273   46    0 77.0 90.0 1
    1 2414  130   21 57.0 84.0 1
    1 1080  180   54 48.0 75.0 1
    1 3073  286    0 35.0 90.0 1
    1  751  346    0 30.0 90.0 1
    1 1626  125    0 58.0 90.0 1
    1 2519  130    0 57.0 90.0 1
    1 2855   89    0 66.0 90.0 1
    1 1894  207   93 44.0 65.0 0
    1 2587   85    0 67.0 90.0 1
    1 1895  275  168 36.0 50.0 0
    1  406  162    0 51.0 90.0 0
    1 2853  265  256 37.0 38.0 1
    1 2639  115   93 60.0 65.0 1
    1 1824  265   54 37.0 75.0 1
    1 2760  156  125 52.0 58.0 1
    1 1750   50    0 76.0 90.0 0
    1  669  286   25 35.0 83.0 1
    1 3082  168  145 50.0 54.0 1
    1 2612  140   85 55.0 67.0 1
    1 2288  207   35 44.0 80.0 1
    1 3249  193    0 46.0 90.0 1
    1 1422  346  207 30.0 44.0 1
    1 2431  222   65 42.0 72.0 1
    1  601  200   69 45.0 71.0 1
    1 1520   46    0 77.0 90.0 1
    1 1399   69   61 71.0 73.0 1
    1 1643  120   39 59.0 79.0 1
    1 1662  286  256 35.0 38.0 0
    1 2525   73    0 70.0 90.0 1
    1 1819  238  111 40.0 61.0 1
    1 3218  308   25 33.0 83.0 1
    1 2027  230   17 41.0 85.0 1
    1 2751  222  125 42.0 58.0 1
    1 1255   25    0 83.0 90.0 1
    1 2903  346  140 30.0 55.0 1
    1 2201   43   43 78.0 78.0 1
    1 2249  130   93 57.0 65.0 1
    1  678   85    0 67.0 90.0 1
    1 3551   43   17 78.0 85.0 1
    1 1982  308   54 33.0 75.0 1
    1 3033  320  156 32.0 52.0 1
    1 1464   77    0 69.0 90.0 1
    1 1149  120  106 59.0 62.0 1
    1 3114  247   43 39.0 78.0 1
    1 1389  238   85 40.0 67.0 1
    1 2335  151    0 53.0 90.0 1
    1 1923  320   54 32.0 75.0 1
    1 1633  320   81 32.0 68.0 1
    1 1187  265  247 37.0 39.0 1
    1 2365  200  130 45.0 57.0 1
    1 2927   50    0 76.0 90.0 1
    1 1231   39    0 79.0 90.0 1
    1 1476   32    0 81.0 90.0 1
    1 1659   73   21 70.0 84.0 1
    1 1400  320  140 32.0 55.0 1
    1 1918  162   61 51.0 73.0 1
    1 2724  162   50 51.0 76.0 1
    1 1259  200  125 45.0 58.0 1
    1 3274  200   61 45.0 73.0 1
    1 3004   46    0 77.0 90.0 1
    1 2724  135  120 56.0 59.0 1
    1 2742  247  230 39.0 41.0 1
    1  307   69    0 71.0 90.0 1
    1 1786  187    0 47.0 90.0 1
    1 1815  180  120 48.0 59.0 1
    1  854  200    0 45.0 90.0 1
    1 1209  168   39 50.0 79.0 1
    1 1304  102   17 63.0 85.0 1
    1 2725  297  174 34.0 49.0 1
    1 1404  125    0 58.0 90.0 1
    1 1985  333  168 31.0 50.0 1
    1 1646  214   43 43.0 78.0 1
    1 3299  320   10 32.0 87.0 1
    1 1518   46    0 77.0 90.0 1
    1 1421  308  286 33.0 35.0 1
    1 3050  193   61 46.0 73.0 1
    1 1248  151  115 53.0 60.0 1
    1 2957   57   17 74.0 85.0 1
    1 2002  265    0 37.0 90.0 1
    1  319   54    0 75.0 90.0 1
    1 2454  168   85 50.0 67.0 1
    1 2609   32    0 81.0 90.0 1
    1  696  238   89 40.0 66.0 1
    1 2225  115   57 60.0 74.0 1
    1 3203  222  106 42.0 62.0 1
    1  821  247    3 39.0 89.0 1
    1 2197  135   28 56.0 82.0 1
    1  571  230    0 41.0 90.0 1
    1 2345   54    0 75.0 90.0 0
    1 1228  168  115 50.0 60.0 1
    1  600  222   65 42.0 72.0 1
    1 1474  162    0 51.0 90.0 1
    1  886  320    0 32.0 90.0 1
    1 3595   54    0 75.0 90.0 1
    1 3064  151   32 53.0 81.0 1
    1 1347  286  214 35.0 43.0 1
    1  777  238  125 40.0 58.0 1
    1 2219  320   73 32.0 70.0 1
    1  348  106    0 62.0 90.0 1
    1 3012  230    0 41.0 90.0 1
    1  974  286  187 35.0 47.0 1
    1 3511  346  247 30.0 39.0 1
    1 1522  102   50 63.0 76.0 1
    1 3217  222  115 42.0 60.0 1
    1 3356  168   85 50.0 67.0 1
    1 2405   32    0 81.0 90.0 1
    1 3234   43   17 78.0 85.0 1
    1 2399  193    0 46.0 90.0 1
    1 1894  140    0 55.0 90.0 1
    1  678  180   85 48.0 67.0 1
    1 2616  286  214 35.0 43.0 1
    1 3334   65    0 72.0 90.0 1
    1 2424  207    0 44.0 90.0 0
    1 2531  275   69 36.0 71.0 1
    1 2273  346   61 30.0 73.0 1
    1 2975  333  222 31.0 42.0 1
    1 2036   93   57 65.0 74.0 1
    1 1272  135   61 56.0 73.0 1
    1 3226  286   25 35.0 83.0 1
    1  936  145   93 54.0 65.0 0
    1  885   85    0 67.0 90.0 1
    1 2246   69    0 71.0 90.0 1
    1 1969  125    3 58.0 89.0 1
    1 1321   61    0 73.0 90.0 1
    1 3042   50    0 76.0 90.0 1
    1  987  230  207 41.0 44.0 1
    1 2728  265   54 37.0 75.0 0
    1 2433   73   50 70.0 76.0 1
    1 2875  106    0 62.0 90.0 1
    1  350  102    0 63.0 90.0 1
    1 2345  180    0 48.0 90.0 1
    1 1217  151  140 53.0 55.0 1
    1 2340  156   28 52.0 82.0 1
    1 2968   69    0 71.0 90.0 1
    1 2270   93    0 65.0 90.0 1
    1 1476  346  230 30.0 41.0 1
    1 1874  320  297 32.0 34.0 1
    1 1468  256  162 38.0 51.0 1
    1 2288  145   50 54.0 76.0 1
    1  895   85   14 67.0 86.0 1
    1 2224   89   54 66.0 75.0 0
    1 2098  230   81 41.0 68.0 1
    1  442  140   73 55.0 70.0 1
    1 2190   54   28 75.0 82.0 0
    1 2718  333   98 31.0 64.0 1
    1  600   77   32 69.0 81.0 1
    1  329   28    0 82.0 90.0 0
    1 3035   28    0 82.0 90.0 1
    1 3148  102  102 63.0 63.0 1
    1 2871  140    0 55.0 90.0 1
    1 2533  151   46 53.0 77.0 1
    1 3329  193   43 46.0 78.0 1
    1  639  207   35 44.0 80.0 1
    1  399   61    7 73.0 88.0 0
    1 1857  145   57 54.0 74.0 1
    1 1071  180    0 48.0 90.0 1
    1  399   28    0 82.0 90.0 1
    1 1597  230    0 41.0 90.0 1
    1  876  230    3 41.0 89.0 1
    1  315   98   14 64.0 86.0 1
    1 2962  156    0 52.0 90.0 1
    1  909  125  115 58.0 60.0 1
    1 2157  145   93 54.0 65.0 0
    1 2585  333  125 31.0 58.0 1
    1 1662  308  214 33.0 43.0 1
    1 1281   28    0 82.0 90.0 1
    1 2763   85   65 67.0 72.0 0
    1 2415   81   35 68.0 80.0 1
    1  697   35   10 80.0 87.0 1
    1 2551  222   65 42.0 72.0 1
    1 1976  222   77 42.0 69.0 1
    1 2539  156   98 52.0 64.0 1
    1 2955  247  174 39.0 49.0 1
    1  581  106   28 62.0 82.0 1
    1 1225  346   81 30.0 68.0 1
    1  863   14    0 86.0 90.0 0
    1  757   43   10 78.0 87.0 1
    1 2519  135   25 56.0 83.0 1
    1  598  286    0 35.0 90.0 1
    1  499  193   28 46.0 82.0 1
    1 1573  207  125 44.0 58.0 1
    1 1221  286    0 35.0 90.0 1
    1  395  187    7 47.0 88.0 1
    1  924  135    0 56.0 90.0 1
    1 2198  275   50 36.0 76.0 1
    1 2601   50    3 76.0 89.0 1
    1  903  200  151 45.0 53.0 1
    1 3593  297    0 34.0 90.0 1
    1 3333   39   10 79.0 87.0 1
    1 1570  187  106 47.0 62.0 1
    1 2408  320    0 32.0 90.0 1
    1 2531   14    7 86.0 88.0 1
    1 2686   61    0 73.0 90.0 0
    1  894  256   17 38.0 85.0 1
    1  363  120   57 59.0 74.0 1
    1 1397  168  130 50.0 57.0 1
    1 1901   81    0 68.0 90.0 1
    1 2162   28   10 82.0 87.0 1
    1 2130   81   14 68.0 86.0 1
    1 1166   85    3 67.0 89.0 0
    1 1286  346   17 30.0 85.0 1
    1 1718  238  130 40.0 57.0 1
    1  400   77    0 69.0 90.0 1
    1 2265  140  140 55.0 55.0 1
    1 2219  180   14 48.0 86.0 1
    1 2150  106    0 62.0 90.0 1
    1 2057  162    0 51.0 90.0 1
    1  434   85   69 67.0 71.0 1
    1  765  214    0 43.0 90.0 1
    1 1242   85    0 67.0 90.0 1
    1  979  256    0 38.0 90.0 1
    1 2060  214   28 43.0 82.0 1
    1 3573  106   89 62.0 66.0 1
    1 1152  214   69 43.0 71.0 1
    1  583   46    0 77.0 90.0 1
    1 2066  125   54 58.0 75.0 1
    1 3482  247    0 39.0 90.0 1
    1 3032  256    0 38.0 90.0 1
    1 3250  265   17 37.0 85.0 1
    1 1239  168   73 50.0 70.0 1
    1  504  156    0 52.0 90.0 1
    1 1063  275    0 36.0 90.0 1
    1 1494   57    0 74.0 90.0 1
    1  853  156    3 52.0 89.0 1
    1 2909  286  115 35.0 60.0 1
    1 1102  168  102 50.0 63.0 1
    1 2845  238  130 40.0 57.0 1
    1 2663  174   98 49.0 64.0 0
    1 2362    7    0 88.0 90.0 1
    1  464  230    0 41.0 90.0 1
    1 1796   65   32 72.0 81.0 1
    1  452   57   39 74.0 79.0 1
    1 2353  120   14 59.0 86.0 1
    1 3570  200  135 45.0 56.0 1
    1  738   32    0 81.0 90.0 1
    1 3077  111   17 61.0 85.0 1
    1 2024   35    0 80.0 90.0 1
    1 3186  174    3 49.0 89.0 1
    1 1752  174   32 49.0 81.0 1
    1  614  115    7 60.0 88.0 1
    1 3098  333   17 31.0 85.0 1
    1 1485   65    0 72.0 90.0 1
    1 1046   85   61 67.0 73.0 1
    1  734  222   35 42.0 80.0 0
    1  350   43    0 78.0 90.0 0
    1 1620  256    0 38.0 90.0 1
    1 1482  297    0 34.0 90.0 1
    1 2271   61   25 73.0 83.0 1
    1 3111   65    0 72.0 90.0 1
    1 2226   69    0 71.0 90.0 1
    1 2529   93   61 65.0 73.0 1
    1 1043   35    0 80.0 90.0 1
    1 1037  275  111 36.0 61.0 1
    1 2847   10    0 87.0 90.0 1
    1 1260  106    0 62.0 90.0 1
    1 3118  168    0 50.0 90.0 1
    1 2639  346   93 30.0 65.0 1
    1 3581  168    0 50.0 90.0 0
    1 1253  125  111 58.0 61.0 1
    1 3111   98    0 64.0 90.0 1
    1 1055  180   43 48.0 78.0 1
    1 2129   46    0 77.0 90.0 1
    1 3294   21    0 84.0 90.0 1
    1  940  238  130 40.0 57.0 1
    1 2529  238   69 40.0 71.0 1
    1 2990  333  106 31.0 62.0 1
    1 2153  247  111 39.0 61.0 1
    1 1819  140    0 55.0 90.0 1
    1  799  180   14 48.0 86.0 1
    1 1541  238    0 40.0 90.0 0
    1 2477  111    7 61.0 88.0 1
    1 2934  333   65 31.0 72.0 1
    1 1782   21    7 84.0 88.0 1
    1 3508   93   57 65.0 74.0 1
    1 1390  286   54 35.0 75.0 1
    1 1950  333   28 31.0 82.0 1
    1 1040  275  125 36.0 58.0 1
    1  334  120    0 59.0 90.0 1
    1 1135  193   21 46.0 84.0 1
    1 1583  320  125 32.0 58.0 1
    1  480  120    0 59.0 90.0 1
    1 1930  145    0 54.0 90.0 1
    1 2240   69    0 71.0 90.0 1
    1 1389  115    0 60.0 90.0 1
    1 3243  106   43 62.0 78.0 1
    1 3564  125   61 58.0 73.0 1
    1 3488  145    0 54.0 90.0 1
    1 3428  230    0 41.0 90.0 1
    1 2292  111   39 61.0 79.0 1
    1 1222  346    0 30.0 90.0 1
    1  682  120   32 59.0 81.0 1
    1 3205  275   89 36.0 66.0 1
    1 3383  168   21 50.0 84.0 1
    1 2785   85    0 67.0 90.0 1
    1 1406  256   85 38.0 67.0 1
    1 1915  120   65 59.0 72.0 1
    1 2486  156   77 52.0 69.0 1
    1 1996   98   89 64.0 66.0 1
    1 2570  308  214 33.0 43.0 0
    1  430   73    0 70.0 90.0 1
    1 2530  111   39 61.0 79.0 1
    1 2637  151    0 53.0 90.0 1
    1 2789  222  145 42.0 54.0 1
    1 1793  180    7 48.0 88.0 1
    1  546   85    0 67.0 90.0 1
    1 1439  187   61 47.0 73.0 1
    1 3177  265   35 37.0 80.0 1
    1 2902  193  156 46.0 52.0 1
    1 2036  256   54 38.0 75.0 1
    1 3024  346   85 30.0 67.0 1
    1 1338  265    0 37.0 90.0 1
    1 3069   65   50 72.0 76.0 1
    1 3575  247  111 39.0 61.0 1
    1 3558   39    0 79.0 90.0 1
    1 2604   14    7 86.0 88.0 1
    1  633  286   21 35.0 84.0 1
    1 1929   57    0 74.0 90.0 1
    1 1002  286  193 35.0 46.0 1
    1  615   61    0 73.0 90.0 1
    1 2429  275    0 36.0 90.0 1
    1  821  174   14 49.0 86.0 1
    1 1715  162  130 51.0 57.0 1
    1 1090  230   89 41.0 66.0 1
    1 1635   46   10 77.0 87.0 1
    1 3047  140    0 55.0 90.0 1
    1 2716  222   17 42.0 85.0 1
    1  873   32   32 81.0 81.0 1
    1 3249  111    0 61.0 90.0 1
    1 2426  275  230 36.0 41.0 1
    1 3209  193   35 46.0 80.0 1
    1 3194  174  135 49.0 56.0 1
    1  390  156   28 52.0 82.0 1
    1 3048   21   17 84.0 85.0 1
    1 2988  256  156 38.0 52.0 1
    1 2933  247  222 39.0 42.0 0
    1 2002  193    0 46.0 90.0 1
    1 2283  200   25 45.0 83.0 1
    1  426  180   25 48.0 83.0 1
    1 2043  102   14 63.0 86.0 1
    1 3385  238    0 40.0 90.0 1
    1 3400   17    7 85.0 88.0 1
    1 1314   50    0 76.0 90.0 0
    1 2023  247    0 39.0 90.0 1
    1 1739  230   98 41.0 64.0 1
    1 2946   81   46 68.0 77.0 1
    1 2225  286   81 35.0 68.0 1
    1 2763   93    0 65.0 90.0 1
    1 2150   46   17 77.0 85.0 1
    1 2827   73    7 70.0 88.0 1
    1 3335  346  106 30.0 62.0 0
    1 3065   14    0 86.0 90.0 1
    1 2223  230  145 41.0 54.0 1
    1 2237  151  115 53.0 60.0 1
    1 1495  125   81 58.0 68.0 1
    1 2327   65    0 72.0 90.0 1
    1 2942   39    0 79.0 90.0 0
    1 1572   61   43 73.0 78.0 0
    1 2453  308  230 33.0 41.0 1
    1  580   14    0 86.0 90.0 1
    1 1834  286  230 35.0 41.0 1
    1  456   93    3 65.0 89.0 1
    1 3109  125   81 58.0 68.0 1
    1  592  200    0 45.0 90.0 1
    1 3545  125   89 58.0 66.0 1
    1 1442  106    0 62.0 90.0 0
    1  685  162    0 51.0 90.0 1
    1 2855  156   85 52.0 67.0 1
    1 2538  207   61 44.0 73.0 1
    1 1251   50   43 76.0 78.0 1
    1 2807  168   17 50.0 85.0 1
    1  388    3    0 89.0 90.0 1
    1 1730  180   85 48.0 67.0 0
    1  433  125    0 58.0 90.0 1
    1 3056  222    0 42.0 90.0 1
    1 2037   28    0 82.0 90.0 1
    1  842  106   77 62.0 69.0 1
    1 1267   46    0 77.0 90.0 1
    1 2588  320   43 32.0 78.0 1
    1 1134   98   32 64.0 81.0 1
    1  313   73    0 70.0 90.0 1
    1 1015   73    0 70.0 90.0 1
    1 1019   50   39 76.0 79.0 1
    1 1060   25    0 83.0 90.0 1
    1 3172  247  187 39.0 47.0 1
    1 2222   21    0 84.0 90.0 1
    1 2418  256  102 38.0 63.0 0
    1 1604  168    0 50.0 90.0 1
    1 3171   43    7 78.0 88.0 1
    1 2979   89   77 66.0 69.0 1
    1 1420  187   77 47.0 69.0 0
    1  770  145   21 54.0 84.0 1
    1 2218  214  200 43.0 45.0 1
    1  912  320  115 32.0 60.0 1
    1 1815  120  102 59.0 63.0 1
    1 3222  214  200 43.0 45.0 1
    1  493   57    0 74.0 90.0 0
    1 2929  156   25 52.0 83.0 1
    1  980  214   43 43.0 78.0 0
    1 1964  145  106 54.0 62.0 1
    1 2878  230  130 41.0 57.0 1
    1 1066  187  174 47.0 49.0 1
    1 2373  247  120 39.0 59.0 1
    1 2948  275    0 36.0 90.0 0
    1 2866   98    0 64.0 90.0 1
    1 1956   65   50 72.0 76.0 1
    1 2076  151    0 53.0 90.0 1
    1 3177    3    3 89.0 89.0 0
    1 1687   77    0 69.0 90.0 1
    1 3172  222  156 42.0 52.0 0
    1 1037  187   46 47.0 77.0 1
    1 2275   61   14 73.0 86.0 1
    1 3354   73    0 70.0 90.0 1
    1  338  115    0 60.0 90.0 1
    1 1143   89   65 66.0 72.0 1
    1 2337  333  207 31.0 44.0 1
    1 2525  333   39 31.0 79.0 1
    1 2083   69    0 71.0 90.0 1
    1  557  200   21 45.0 84.0 1
    1  946   35   28 80.0 82.0 1
    1 1413  247  200 39.0 45.0 1
    1 1034   85   17 67.0 85.0 1
    1 1269  297    0 34.0 90.0 1
    1 1231   57    0 74.0 90.0 1
    1 3088   93    0 65.0 90.0 1
    1 1305  230   28 41.0 82.0 1
    1 2501   93    0 65.0 90.0 0
    1 2239  162    0 51.0 90.0 1
    1 2355  320   93 32.0 65.0 0
    1 1676  320   57 32.0 74.0 1
    1 2489   57    3 74.0 89.0 1
    1 2623  297    0 34.0 90.0 1
    1 2155  162    0 51.0 90.0 0
    1  841  333    0 31.0 90.0 1
    1 1010  135    0 56.0 90.0 1
    1  416   89    0 66.0 90.0 1
    1 3538  333    0 31.0 90.0 1
    1 1603  207   65 44.0 72.0 1
    1 2470  180    0 48.0 90.0 1
    1  583  156   46 52.0 77.0 1
    1 2217  162  151 51.0 53.0 1
    1 2120  275    7 36.0 88.0 1
    1  435   89   25 66.0 83.0 1
    1 2662  187    0 47.0 90.0 1
    1 1159  346  145 30.0 54.0 1
    1 1564   89   54 66.0 75.0 1
    1 2065   73   43 70.0 78.0 1
    1  509  106   32 62.0 81.0 1
    1 1498  238  207 40.0 44.0 1
    1 2799  286  187 35.0 47.0 1
    1  367  135    0 56.0 90.0 1
    1 1349  265   57 37.0 74.0 1
    1 1142  286  247 35.0 39.0 1
    1 2655  256    0 38.0 90.0 1
    1 1680  238    0 40.0 90.0 1
    1 3478   10    0 87.0 90.0 1
    1 2292   85   25 67.0 83.0 1
    1 2126  207   98 44.0 64.0 1
    1 2354  214   61 43.0 73.0 1
    1 3148   39   17 79.0 85.0 1
    1 1487  193    0 46.0 90.0 1
    1 3076   14    0 86.0 90.0 0
    1 2015   43   39 78.0 79.0 1
    1 1536   85   57 67.0 74.0 1
    1 2112  297    0 34.0 90.0 1
    1  904  247  135 39.0 56.0 1
    1 3158  308  230 33.0 41.0 1
    1 3583  320   46 32.0 77.0 1
    1 1461  333    7 31.0 88.0 1
    1 3460   89   54 66.0 75.0 0
    1 3426  297  130 34.0 57.0 1
    1 2364  256   61 38.0 73.0 1
    1 3333   65    0 72.0 90.0 1
    1 1156   65   35 72.0 80.0 1
    1 1199  265   35 37.0 80.0 1
    1 2142  106   77 62.0 69.0 1
    1 2591  115    7 60.0 88.0 1
    1 1228  174  125 49.0 58.0 1
    1 2496   61    0 73.0 90.0 1
    1 3154  200    0 45.0 90.0 1
    1 2422   98   57 64.0 74.0 1
    1 3035  346    0 30.0 90.0 1
    1 3011  238  200 40.0 45.0 1
    1 1926   35    0 80.0 90.0 1
    1 2164  187  102 47.0 63.0 1
    1  879  135   98 56.0 64.0 1
    1 2993  247    0 39.0 90.0 1
    1  580   93   21 65.0 84.0 1
    1 2585  265   17 37.0 85.0 1
    1 3133  162   98 51.0 64.0 1
    1 3001  193    0 46.0 90.0 1
    1  440   89   43 66.0 78.0 0
    1  961  230   46 41.0 77.0 1
    1 2486  125   57 58.0 74.0 1
