 500 500 500 130
    1 2182  102   89 63.0 66.0 1
    1 1997   77   10 69.0 87.0 1
    1  879  333    0 31.0 90.0 1
    1 2027  130   39 57.0 79.0 1
    1 3051   61    7 73.0 88.0 1
    1  534   28    3 82.0 89.0 0
    1 3343  256  207 38.0 44.0 1
    1  442  125    0 58.0 90.0 1
    1 3069  222    0 42.0 90.0 1
    1 3383   93   43 65.0 78.0 1
    1 3150   28    0 82.0 90.0 1
    1 2341  286  193 35.0 46.0 1
    1 1676  187  135 47.0 56.0 1
    1 1900  238   14 40.0 86.0 1
    1  605   32    0 81.0 90.0 1
    1 3004   61    0 73.0 90.0 1
    1 1051  207    0 44.0 90.0 1
    1 1339  320   65 32.0 72.0 1
    1 1794  120   81 59.0 68.0 1
    1  819  156   17 52.0 85.0 1
    1 1684  145   14 54.0 86.0 1
    1  745  297   61 34.0 73.0 1
    1  399    7    0 88.0 90.0 0
    1 1891  207    0 44.0 90.0 1
    1 1773  308    0 33.0 90.0 1
    1 3418  214  135 43.0 56.0 1
    1 2708   89   28 66.0 82.0 1
    1 3158  193   43 46.0 78.0 1
    1 3258  320   32 32.0 81.0 1
    1 2379  193   21 46.0 84.0 1
    1  465  162    0 51.0 90.0 1
    1 3116  256   50 38.0 76.0 0
    1 3432  286   35 35.0 80.0 1
    1 2178  140    0 55.0 90.0 1
    1 3220  320  180 32.0 48.0 0
    1 1588   69    0 71.0 90.0 1
    1 3548   57   21 74.0 84.0 1
    1 2664  145   50 54.0 76.0 1
    1 2451  286  145 35.0 54.0 1
    1 3324  320  286 32.0 35.0 1
    1 2073  222  156 42.0 52.0 0
    1  497  106   69 62.0 71.0 1
    1 2609  207  120 44.0 59.0 1
    1 2156  346    0 30.0 90.0 1
    1 1443  286   89 35.0 66.0 1
    1  606  207   81 44.0 68.0 1
    1  320  135    0 56.0 90.0 0
    1  763  168   35 50.0 80.0 1
    1 1885  275    0 36.0 90.0 1
    1 1711  238  156 40.0 52.0 1
    1 2780  187  125 47.0 58.0 1
    1 1939   77    0 69.0 90.0 1
    1 3541  120    0 59.0 90.0 1
    1 1673   43    0 78.0 90.0 1
    1 3403   50    0 76.0 90.0 1
    1  371  125    0 58.0 90.0 1
    1 3114  247   35 39.0 80.0 1
    1 2338  214   39 43.0 79.0 1
    1  995  125   35 58.0 80.0 1
    1  797   69    0 71.0 90.0 1
    1 1625  162   35 51.0 80.0 1
    1 1972  145   17 54.0 85.0 1
    1 2402  346  168 30.0 50.0 1
    1 2877  207    0 44.0 90.0 1
    1  938   17    7 85.0 88.0 1
    1 3062  230  111 41.0 61.0 1
    1 3419  308    0 33.0 90.0 1
    1 3580  111   73 61.0 70.0 1
    1 2486   85   77 67.0 69.0 1
    1  829  151    0 53.0 90.0 1
    1  966  320  130 32.0 57.0 1
    1 3026   61    0 73.0 90.0 1
    1 1674   57   50 74.0 76.0 0
    1 2916    3    0 89.0 90.0 1
    1 1361  187   17 47.0 85.0 1
    1 2815   77   17 69.0 85.0 1
    1 1201  230  180 41.0 48.0 1
    1 2407  247  174 39.0 49.0 1
    1 2549    7    3 88.0 89.0 1
    1 1531  308   61 33.0 73.0 1
    1 2624  230    3 41.0 89.0 1
    1  342  135    0 56.0 90.0 1
    1 1780   35    0 80.0 90.0 0
    1 3075  174   46 49.0 77.0 1
    1 3162  286    0 35.0 90.0 1
    1  815  162   57 51.0 74.0 0
    1  505  187    0 47.0 90.0 0
    1 1357  120    0 59.0 90.0 1
    1 1605  102   65 63.0 72.0 1
    1  368   21    0 84.0 90.0 0
    1 1237  256  247 38.0 39.0 1
    1 3118  193  187 46.0 47.0 1
    1 3057  346    0 30.0 90.0 1
    1  367  106   50 62.0 76.0 1
    1  762   54    0 75.0 90.0 1
    1 3276   93    0 65.0 90.0 0
    1 3388   81    0 68.0 90.0 1
    1  900  162   32 51.0 81.0 1
    1 3297  247  120 39.0 59.0 1
    1 1816    3    0 89.0 90.0 1
    1 2748  308   54 33.0 75.0 1
    1  926  156   61 52.0 73.0 1
    1 3117  156   43 52.0 78.0 1
    1 3487  106   39 62.0 79.0 1
    1 3000   28   14 82.0 86.0 1
    1 3276  115   21 60.0 84.0 0
    1 2338  130    0 57.0 90.0 1
    1 2183  308    0 33.0 90.0 1
    1 1432  180    0 48.0 90.0 0
    1 1532  333   14 31.0 86.0 0
    1 2973  180   25 48.0 83.0 1
    1 1092  230  187 41.0 47.0 1
    1 3187  180   28 48.0 82.0 1
    1 1437  346   21 30.0 84.0 1
    1 2399  247    0 39.0 90.0 1
    1 1657   43   32 78.0 81.0 1
    1 2903  238  193 40.0 46.0 0
    1  667  140   32 55.0 81.0 1
    1  394   54   46 75.0 77.0 1
    1 2742   32   25 81.0 83.0 1
    1 2845  275  102 36.0 63.0 1
    1 2817   61    0 73.0 90.0 1
    1 3100  207  156 44.0 52.0 1
    1 1655  333   81 31.0 68.0 1
    1 3239  151   65 53.0 72.0 1
    1  413   69    0 71.0 90.0 1
    1 3023  308  140 33.0 55.0 1
    1 2885   35   32 80.0 81.0 1
    1  947  180    0 48.0 90.0 1
    1 1122   21    0 84.0 90.0 1
    1 2492  346  111 30.0 61.0 1
    1 1306  130   98 57.0 64.0 1
    1 2912  297  140 34.0 55.0 1
    1 3550  145   21 54.0 84.0 1
    1  428  130   10 57.0 87.0 1
    1  648  286    0 35.0 90.0 1
    1  816   54    0 75.0 90.0 1
    1 2442   93   73 65.0 70.0 1
    1 1874  230   57 41.0 74.0 1
    1 1874  256  120 38.0 59.0 1
    1 2694   81    0 68.0 90.0 0
    1 2412  320    0 32.0 90.0 1
    1  577  256    3 38.0 89.0 1
    1 2068   28    0 82.0 90.0 1
    1 2310  106   39 62.0 79.0 1
    1 1866   43    0 78.0 90.0 1
    1 2790  162    3 51.0 89.0 1
    1 2778   39   25 79.0 83.0 1
    1 2106  265  200 37.0 45.0 1
    1 3455  275  102 36.0 63.0 1
    1 3116  140   35 55.0 80.0 1
    1 2227  222   89 42.0 66.0 1
    1 2970  297  256 34.0 38.0 1
    1 1053  308  180 33.0 48.0 1
    1  771  187    7 47.0 88.0 1
    1 3321  222  102 42.0 63.0 1
    1 2680   65    0 72.0 90.0 1
    1  453   98    7 64.0 88.0 1
    1  453  140   46 55.0 77.0 1
    1 2293  193    3 46.0 89.0 0
    1 3015   25    0 83.0 90.0 1
    1  656   65    0 72.0 90.0 1
    1  815  346    0 30.0 90.0 1
    1  509  222   17 42.0 85.0 1
    1 2784  111    3 61.0 89.0 1
    1 1201  145    0 54.0 90.0 1
    1  347  162    3 51.0 89.0 1
    1 1728  265  174 37.0 49.0 1
    1 2983  125    0 58.0 90.0 1
    1 1012   10    0 87.0 90.0 1
    1  642  320    0 32.0 90.0 1
    1 3298  256  207 38.0 44.0 1
    1  344   98   21 64.0 84.0 1
    1 1983  275   77 36.0 69.0 1
    1 2275  156    0 52.0 90.0 1
    1  925  120  106 59.0 62.0 1
    1  811  180  174 48.0 49.0 1
    1 1182  238  238 40.0 40.0 1
    1  526  187   14 47.0 86.0 1
    1 1991  162    0 51.0 90.0 1
    1 1867   89    0 66.0 90.0 1
    1 1338  247  187 39.0 47.0 1
    1 1862  168   50 50.0 76.0 1
    1 1945  222    0 42.0 90.0 1
    1 3451  214   35 43.0 80.0 0
    1 2877  151   43 53.0 78.0 1
    1 2641  333    0 31.0 90.0 0
    1 1290  238    0 40.0 90.0 1
    1 3553   46   39 77.0 79.0 1
    1 2181   81   81 68.0 68.0 1
    1 2806  346   10 30.0 87.0 1
    1 2957  238    0 40.0 90.0 1
    1 3007  308  297 33.0 34.0 1
    1  892  230  187 41.0 47.0 0
    1 2182  297    0 34.0 90.0 1
    1 3564  187   14 47.0 86.0 1
    1 2897   93   28 65.0 82.0 1
    1 3516  214   85 43.0 67.0 1
    1 2044   54   14 75.0 86.0 1
    1 2795  308   89 33.0 66.0 1
    1  696  120   46 59.0 77.0 1
    1 1554  187  135 47.0 56.0 1
    1 3364  145  130 54.0 57.0 1
    1 3304  207   93 44.0 65.0 1
    1 1234  168    0 50.0 90.0 1
    1 1903  297   77 34.0 69.0 0
    1 1074  120  115 59.0 60.0 1
    1 3513  247    0 39.0 90.0 1
    1 1190  200    3 45.0 89.0 1
    1 2905  256  162 38.0 51.0 1
    1  811    3    0 89.0 90.0 0
    1 1795  238   25 40.0 83.0 0
    1 2666  265   85 37.0 67.0 1
    1 2473    7    0 88.0 90.0 1
    1 1734  120   25 59.0 83.0 1
    1 2611  297    0 34.0 90.0 1
    1 3129   61    0 73.0 90.0 1
    1 3120   93   57 65.0 74.0 1
    1 1157  308    0 33.0 90.0 1
    1 1477  247   65 39.0 72.0 1
    1 2347  180   77 48.0 69.0 1
    1 1479   14    0 86.0 90.0 1
    1  415  162    0 51.0 90.0 1
    1 2591   73   25 70.0 83.0 1
    1 3404  346  222 30.0 42.0 1
    1 1550  135   39 56.0 79.0 1
    1  560   57   50 74.0 76.0 1
    1 1197  115   14 60.0 86.0 0
    1 3341  333  130 31.0 57.0 0
    1 2570  333  115 31.0 60.0 0
    1 1776  320   17 32.0 85.0 1
    1 2490   65   61 72.0 73.0 1
    1 1075  256   54 38.0 75.0 1
    1  989  230   39 41.0 79.0 1
    1 3452  162   98 51.0 64.0 1
    1 1767  320   50 32.0 76.0 1
    1 3156   73   25 70.0 83.0 1
    1 2856  297  115 34.0 60.0 1
    1 1538  346  174 30.0 49.0 1
    1  907   93   39 65.0 79.0 1
    1  488   61   50 73.0 76.0 1
    1 1989  162   43 51.0 78.0 1
    1 1440  346  120 30.0 59.0 1
    1 2573  200  135 45.0 56.0 1
    1  683  145    0 54.0 90.0 1
    1 2351  286    0 35.0 90.0 1
    1 2066  256  187 38.0 47.0 1
    1  547   21    0 84.0 90.0 1
    1 2759  275   77 36.0 69.0 1
    1 1799  297  214 34.0 43.0 1
    1  943   61    0 73.0 90.0 1
    1 1352  102   28 63.0 82.0 1
    1 1200  115  102 60.0 63.0 1
    1 1417  297    0 34.0 90.0 1
    1 2407   28    0 82.0 90.0 1
    1 2637  162  151 51.0 53.0 1
    1  826   54    0 75.0 90.0 1
    1  930   54   28 75.0 82.0 1
    1 2258  238   73 40.0 70.0 1
    1  937  333    0 31.0 90.0 1
    1  363   77    0 69.0 90.0 0
    1 3264  207   65 44.0 72.0 1
    1  817  265    0 37.0 90.0 1
    1 1869  145   73 54.0 70.0 1
    1 2885  222  135 42.0 56.0 1
    1 3294  230    0 41.0 90.0 1
    1 2224  180  156 48.0 52.0 1
    1  564   81    7 68.0 88.0 1
    1 2390  230   39 41.0 79.0 1
    1  879  200   17 45.0 85.0 1
    1 2912  130    0 57.0 90.0 1
    1  530  180   65 48.0 72.0 1
    1 1792  297  200 34.0 45.0 1
    1 2632  156   73 52.0 70.0 1
    1 2945  106   39 62.0 79.0 1
    1 2705   54    0 75.0 90.0 1
    1 1782  346   35 30.0 80.0 0
    1 2432  168   89 50.0 66.0 1
    1  548  200    0 45.0 90.0 1
    1 1325  346  275 30.0 36.0 1
    1 1764  230  222 41.0 42.0 1
    1 3478  265  111 37.0 61.0 1
    1 1182  156  145 52.0 54.0 1
    1 3514  174    0 49.0 90.0 1
    1  645   25    0 83.0 90.0 1
    1  684  275    0 36.0 90.0 1
    1 2527   54    0 75.0 90.0 1
    1 3092   69   50 71.0 76.0 0
    1  346   81   46 68.0 77.0 1
    1  525  256    0 38.0 90.0 1
    1 3262  106    7 62.0 88.0 1
    1 3299  162    0 51.0 90.0 1
    1 3225  162    0 51.0 90.0 0
    1  411   39    0 79.0 90.0 1
    1  359   43    0 78.0 90.0 1
    1 1443  214    0 43.0 90.0 1
    1 1688   77    0 69.0 90.0 1
    1 3276  102    0 63.0 90.0 1
    1 2328  106   93 62.0 65.0 1
    1 2146   69    0 71.0 90.0 1
    1 1696   57   28 74.0 82.0 1
    1 1924   89   39 66.0 79.0 1
    1 1278  193   81 46.0 68.0 1
    1 1522  140   85 55.0 67.0 1
    1 2418  200  125 45.0 58.0 1
    1 2884  193  106 46.0 62.0 1
    1 1784  200   32 45.0 81.0 1
    1 1166  187    0 47.0 90.0 1
    1 3411   98    0 64.0 90.0 1
    1 1572   89    0 66.0 90.0 1
    1 2517   50    3 76.0 89.0 1
    1 3031  168  115 50.0 60.0 0
    1  477  207    0 44.0 90.0 1
    1  304  106    0 62.0 90.0 1
    1 2008   81   17 68.0 85.0 1
    1 2699  102   69 63.0 71.0 1
    1 1989  275   10 36.0 87.0 0
    1 1523  333  145 31.0 54.0 1
    1  887  120    0 59.0 90.0 1
    1 1318   10    0 87.0 90.0 1
    1 3243  174  125 49.0 58.0 1
    1  657  151   17 53.0 85.0 1
    1 3260  207    0 44.0 90.0 1
    1 3322  286  193 35.0 46.0 1
    1 1147   50    0 76.0 90.0 1
    1 1271  145  140 54.0 55.0 1
    1 3005  174    0 49.0 90.0 1
    1 2477  145   73 54.0 70.0 1
    1  772   93   73 65.0 70.0 1
    1 3500  106    7 62.0 88.0 1
    1 1569  222  125 42.0 58.0 1
    1 2261  120    0 59.0 90.0 1
    1 1059  193   46 46.0 77.0 1
    1 2361  275   28 36.0 82.0 0
    1 2120  238   65 40.0 72.0 0
    1 2783   50    0 76.0 90.0 1
    1  565  265    3 37.0 89.0 1
    1 2457  333   89 31.0 66.0 1
    1  716   85    7 67.0 88.0 1
    1 2548  222    0 42.0 90.0 1
    1  431  193    0 46.0 90.0 1
    1 2083   50   14 76.0 86.0 1
    1 3039  230  222 41.0 42.0 1
    1 2360  230   73 41.0 70.0 1
    1 1738  145   61 54.0 73.0 1
    1 1607   77    0 69.0 90.0 1
    1 2742  297    0 34.0 90.0 1
    1 3041  297    0 34.0 90.0 1
    1  942  106    0 62.0 90.0 1
    1 1831   14    0 86.0 90.0 1
    1 2897  286    0 35.0 90.0 1
    1 2291  247  125 39.0 58.0 1
    1  914   93    0 65.0 90.0 1
    1 1085   43    0 78.0 90.0 1
    1 3275   54   46 75.0 77.0 1
    1 3067  308   65 33.0 72.0 1
    1 2231  265  238 37.0 40.0 1
    1 1256  162    0 51.0 90.0 1
    1  865   93    0 65.0 90.0 1
    1  785  174   21 49.0 84.0 1
    1  812  256   61 38.0 73.0 1
    1 1807   69    0 71.0 90.0 1
    1 2004  238   89 40.0 66.0 1
    1  995    3    0 89.0 90.0 1
    1 1015  193    0 46.0 90.0 1
    1 2199  151   32 53.0 81.0 1
    1 1879   81    0 68.0 90.0 1
    1 2916  207    0 44.0 90.0 1
    1 1608   93   54 65.0 75.0 1
    1  378   25    0 83.0 90.0 1
    1 1360  247    0 39.0 90.0 1
    1  363  140   17 55.0 85.0 1
    1  532  135    0 56.0 90.0 1
    1 3106  333   39 31.0 79.0 1
    1 2580  346   54 30.0 75.0 1
    1 1032  320    0 32.0 90.0 1
    1 3224  145   21 54.0 84.0 1
    1 1740  120    0 59.0 90.0 1
    1 1431  130   81 57.0 68.0 1
    1 3180  145   93 54.0 65.0 1
    1 3414  120   28 59.0 82.0 1
    1  764  207   46 44.0 77.0 1
    1  979  247   61 39.0 73.0 1
    1 1686  130  115 57.0 60.0 0
    1 3403  214   32 43.0 81.0 1
    1 2473   69   43 71.0 78.0 1
    1 1108  346  187 30.0 47.0 1
    1 2125   57    0 74.0 90.0 1
    1 3020  180    0 48.0 90.0 1
    1 1373  308   21 33.0 84.0 1
    1 2694   93   35 65.0 80.0 1
    1 2723  346   93 30.0 65.0 1
    1 2261   89   21 66.0 84.0 1
    1  403   69    0 71.0 90.0 1
    1 3533  156   85 52.0 67.0 1
    1 2780   69   57 71.0 74.0 1
    1  768  256    0 38.0 90.0 1
    1 2298   65   35 72.0 80.0 1
    1 1197  238   50 40.0 76.0 1
    1  381  168    0 50.0 90.0 0
    1 1048   14    0 86.0 90.0 1
    1 2918  275    0 36.0 90.0 1
    1 1034  256    0 38.0 90.0 1
    1 2397  140   61 55.0 73.0 1
    1  591   98   85 64.0 67.0 1
    1 3084   21   10 84.0 87.0 1
    1 1225  222   35 42.0 80.0 1
    1 2878  238  180 40.0 48.0 1
    1 2122  346   57 30.0 74.0 1
    1 1599  286  230 35.0 41.0 0
    1  577  168    0 50.0 90.0 1
    1  988  174  102 49.0 63.0 1
    1 2330   65   10 72.0 87.0 1
    1  508  106   85 62.0 67.0 0
    1 1350  130   39 57.0 79.0 0
    1 2188   69    0 71.0 90.0 1
    1  780  187   46 47.0 77.0 1
    1 2334  275  230 36.0 41.0 1
    1 3244  346   17 30.0 85.0 1
    1 3584  275  125 36.0 58.0 1
    1 2203   43   39 78.0 79.0 0
    1  479   77   14 69.0 86.0 1
    1  334   28    0 82.0 90.0 1
    1 3047  125    0 58.0 90.0 1
    1 1236  156   43 52.0 78.0 1
    1 2790   85   81 67.0 68.0 1
    1  788  297   39 34.0 79.0 1
    1 1002   61   28 73.0 82.0 0
    1 2176  151  120 53.0 59.0 1
    1 2396  247   65 39.0 72.0 1
    1  642   50   46 76.0 77.0 0
    1 2596  145    0 54.0 90.0 1
    1 2153   14    0 86.0 90.0 1
    1 2825  308   10 33.0 87.0 1
    1  796  125    0 58.0 90.0 1
    1 1943  168    0 50.0 90.0 1
    1  668   17    0 85.0 90.0 1
    1 2783  115   65 60.0 72.0 1
    1 1006  140    0 55.0 90.0 1
    1 3130  174  145 49.0 54.0 1
    1 1832  297    0 34.0 90.0 1
    1 3404  214  200 43.0 45.0 1
    1 3087  187  102 47.0 63.0 1
    1  909  214  193 43.0 46.0 1
    1 2072   85   43 67.0 78.0 1
    1 1749  247    0 39.0 90.0 1
    1  673  111   69 61.0 71.0 1
    1 2782  193  145 46.0 54.0 1
    1 1825  162   89 51.0 66.0 1
    1 2615   65   17 72.0 85.0 1
    1  381   21   17 84.0 85.0 1
    1 2905  333   14 31.0 86.0 1
    1 2336  130  125 57.0 58.0 1
    1 1803   81   54 68.0 75.0 1
    1 2436   89   46 66.0 77.0 1
    1 3229  162   17 51.0 85.0 1
    1 3221   85   65 67.0 72.0 1
    1 1131   46    0 77.0 90.0 1
    1  896   35    0 80.0 90.0 1
    1 2083  297  214 34.0 43.0 1
    1 2385  214   14 43.0 86.0 1
    1  779   93    0 65.0 90.0 1
    1 1567  125    0 58.0 90.0 1
    1  339    3    0 89.0 90.0 1
    1 1207  222   54 42.0 75.0 1
    1 1967   21    0 84.0 90.0 1
    1 1843  346    0 30.0 90.0 1
    1 1344   25    0 83.0 90.0 1
    1 3177   50    3 76.0 89.0 0
    1 3478   32    0 81.0 90.0 1
    1 1801  333  308 31.0 33.0 1
    1 1275  222    0 42.0 90.0 1
    1  330  156    0 52.0 90.0 1
    1 3065  145    0 54.0 90.0 1
    1  609   46   35 77.0 80.0 1
    1 3500   54    0 75.0 90.0 1
    1 1551  162    0 51.0 90.0 1
    1 1856  200    0 45.0 90.0 1
    1 2070  111    0 61.0 90.0 1
    1  496   32    7 81.0 88.0 1
    1  844   43    0 78.0 90.0 1
    1 2946  168   77 50.0 69.0 1
    1 1870   65   25 72.0 83.0 1
    1 2823  230  120 41.0 59.0 1
    1 2393  193  102 46.0 63.0 1
    1  328   43    0 78.0 90.0 1
    1  602   35    0 80.0 90.0 1
    1 1016   65    0 72.0 90.0 1
    1 1274   65    0 72.0 90.0 0
    1 2516  140    0 55.0 90.0 1
    1 2705  308  180 33.0 48.0 1
    1 1938  333   65 31.0 72.0 1
    1 1484  308   25 33.0 83.0 1
    1 1960  106    3 62.0 89.0 1
    1 1697  180  111 48.0 61.0 1
    1 2726  102    0 63.0 90.0 1
    1  630   73    0 70.0 90.0 0
    1 1813  297    0 34.0 90.0 1
    1 2120  297    0 34.0 90.0 1
    1 1641  297   73 34.0 70.0 1
