 500 500 500 130
    1 1703  193   54 46.0 75.0 1
    1 3443  222  130 42.0 57.0 1
    1 1622  174   39 49.0 79.0 1
    1 2523  222   50 42.0 76.0 1
    1  831  168   32 50.0 81.0 1
    1  377  135    0 56.0 90.0 1
    1  446  200   17 45.0 85.0 1
    1 2731  151    0 53.0 90.0 1
    1 2702  333   17 31.0 85.0 1
    1 3342  256    0 38.0 90.0 1
    1 3005  308  106 33.0 62.0 1
    1  719  207  115 44.0 60.0 1
    1 3358  297   81 34.0 68.0 1
    1  848  130    0 57.0 90.0 1
    1 2472  180   61 48.0 73.0 1
    2 3341  156  120 52.0 59.0 1
    1 2218   43    0 78.0 90.0 1
    1 1970  275  145 36.0 54.0 1
    1 1409  156    0 52.0 90.0 1
    1 1404  333   50 31.0 76.0 0
    1 1482  187    0 47.0 90.0 1
    1  858  265    0 37.0 90.0 1
    1 1145  308    0 33.0 90.0 1
    1 2519   14    0 86.0 90.0 1
    1 1070   39    0 79.0 90.0 0
    1 1204  135   93 56.0 65.0 1
    1 2971  256   93 38.0 65.0 1
    1 2719  230    0 41.0 90.0 1
    1 1278   57    0 74.0 90.0 1
    1  726  130    0 57.0 90.0 0
    1 1210  207  106 44.0 62.0 1
    1 1328  256    0 38.0 90.0 1
    1 1221  168    0 50.0 90.0 1
    1  449   89   69 66.0 71.0 1
    1 3192   85    3 67.0 89.0 1
    1 2453  230  222 41.0 42.0 0
    1 3348  130    0 57.0 90.0 1
    1 1896  187   39 47.0 79.0 1
    1 1090  275   10 36.0 87.0 1
    1 2001  222    0 42.0 90.0 1
    1 1072  135   54 56.0 75.0 1
    1 1430  265   50 37.0 76.0 1
    1 1774  130    0 57.0 90.0 1
    1 2207  286  125 35.0 58.0 1
    1 1553  238   61 40.0 73.0 1
    1 3533  247  230 39.0 41.0 1
    1  846  145    3 54.0 89.0 1
    1 1557   32    0 81.0 90.0 1
    1 1210  297   43 34.0 78.0 1
    1 2000   98   85 64.0 67.0 1
    1 2968   39   17 79.0 85.0 1
    1 3551  156   85 52.0 67.0 1
    1  713   85   77 67.0 69.0 1
    1 3537  333    7 31.0 88.0 1
    1 3242   32    0 81.0 90.0 1
    1 2897  297   57 34.0 74.0 1
    1 2714  193    0 46.0 90.0 1
    1  821  286   65 35.0 72.0 0
    1 1755  106   43 62.0 78.0 1
    1 2678  111   21 61.0 84.0 1
    1 1034  297  168 34.0 50.0 1
    1 2101  214    0 43.0 90.0 1
    1  774  222   69 42.0 71.0 1
    1 1710  320   65 32.0 72.0 1
    1 3348  346    0 30.0 90.0 1
    1 3257  106   46 62.0 77.0 1
    1 1206   25    3 83.0 89.0 1
    1 3568  120   65 59.0 72.0 1
    1 1529  120  120 59.0 59.0 0
    1 3533   81    0 68.0 90.0 1
    2 2309  168   69 50.0 71.0 1
    1 2510   50    0 76.0 90.0 1
    1 1352  193    7 46.0 88.0 1
    1 2385  256   25 38.0 83.0 1
    1 1599  207   57 44.0 74.0 1
    1 1168  275  214 36.0 43.0 0
    1 2508  193   85 46.0 67.0 0
    1 2516  230    0 41.0 90.0 1
    1 3274  168    0 50.0 90.0 1
    1 2531  120    0 59.0 90.0 1
    1 2140  308    3 33.0 89.0 1
    1 2677  256   73 38.0 70.0 1
    1  771  286    0 35.0 90.0 1
    1 3489  286   81 35.0 68.0 1
    0 2766   21    0 84.0 90.0 1
    1 3244  187    0 47.0 90.0 1
    1  788  151   81 53.0 68.0 1
    1 1556   93   21 65.0 84.0 1
    1 2016  222    0 42.0 90.0 1
    1  767  193  151 46.0 53.0 1
    1 3460  162    0 51.0 90.0 1
    1 1340  120   77 59.0 69.0 1
    1 1704  162   85 51.0 67.0 1
    1 1415  140   28 55.0 82.0 1
    1 2293   98   21 64.0 84.0 1
    1 1953  125   50 58.0 76.0 1
    1 1392  256   69 38.0 71.0 1
    1 1219   14    3 86.0 89.0 1
    1 2431  145  120 54.0 59.0 1
    1 3357   61   35 73.0 80.0 1
    2 1508  135   14 56.0 86.0 0
    1  358   98   69 64.0 71.0 1
    1  576  162   93 51.0 65.0 1
    1 3220  256   57 38.0 74.0 1
    1 2729  265    0 37.0 90.0 1
    1 2294  286   69 35.0 71.0 0
    1 3063   17   10 85.0 87.0 0
    1  931  214  187 43.0 47.0 1
    1 2548  346  256 30.0 38.0 1
    1 1475    7    3 88.0 89.0 1
    1 3380  145  106 54.0 62.0 1
    1 1852  308    0 33.0 90.0 1
    1 2865  333   89 31.0 66.0 1
    1  706   17    0 85.0 90.0 1
    1  684  265    0 37.0 90.0 1
    1 1015  156    0 52.0 90.0 1
    1 1290  106   98 62.0 64.0 1
    1 2064  247  180 39.0 48.0 1
    1  409  135    0 56.0 90.0 1
    1 1005  135   10 56.0 87.0 1
    1 1764   77   43 69.0 78.0 1
    1 2924  346  286 30.0 35.0 1
    1  741   65   21 72.0 84.0 1
    1 2275  265   17 37.0 85.0 1
    1 1315   81    0 68.0 90.0 1
    1 3579  214   77 43.0 69.0 1
    1  943  247  193 39.0 46.0 1
    1 2704   93    0 65.0 90.0 1
    1 2621  193  140 46.0 55.0 0
    1 2696  151   65 53.0 72.0 1
    1 1960   39   32 79.0 81.0 1
    1  470  187    0 47.0 90.0 1
    1 1266  120  102 59.0 63.0 0
    1 2784  238  145 40.0 54.0 1
    1 1433  320  308 32.0 33.0 1
    1  472   93    0 65.0 90.0 1
    1 1392    7    3 88.0 89.0 1
    1 1243  193   61 46.0 73.0 1
    1 2445  151    0 53.0 90.0 1
    1 2396  297   10 34.0 87.0 1
    1  313   98    0 64.0 90.0 1
    1 2030  200   89 45.0 66.0 1
    2 2933   89   17 66.0 85.0 1
    1 1411  230  145 41.0 54.0 1
    1  901  130   10 57.0 87.0 1
    1 2478   98   69 64.0 71.0 1
    1 2339  297   32 34.0 81.0 1
    1  727  140   10 55.0 87.0 1
    1  973  320   25 32.0 83.0 1
    1 3555  333    0 31.0 90.0 1
    1 3489  135    0 56.0 90.0 1
    1 3123  320  145 32.0 54.0 1
    1  370  151    0 53.0 90.0 0
    1 1095   85   65 67.0 72.0 0
    1 2619  168  130 50.0 57.0 1
    1  797   69    0 71.0 90.0 1
    1 2157   17    0 85.0 90.0 1
    1 1827   89    0 66.0 90.0 1
    1 3149  156    0 52.0 90.0 0
    1 1070   46    0 77.0 90.0 1
    1 2710  193   17 46.0 85.0 0
    1 2047  256    0 38.0 90.0 1
    1 1462  162    0 51.0 90.0 1
    1 1838  297   54 34.0 75.0 1
    1 3541  320   73 32.0 70.0 1
    1 1550   17    0 85.0 90.0 0
    1 2978  120   54 59.0 75.0 1
    1 1458  174    0 49.0 90.0 1
    1  524  193   57 46.0 74.0 1
    1  618  297    0 34.0 90.0 1
    1 1723   89   77 66.0 69.0 1
    1 1310   28    0 82.0 90.0 1
    1  641  125    0 58.0 90.0 1
    1 1279   85    0 67.0 90.0 1
    1  604   25    0 83.0 90.0 1
    1 3049  102   46 63.0 77.0 1
    1 2809  286   10 35.0 87.0 1
    1 3094  135   85 56.0 67.0 1
    1 3154  111    0 61.0 90.0 1
    1  399   39    7 79.0 88.0 1
    1 1883  333   73 31.0 70.0 1
    1  577   25   14 83.0 86.0 1
    1 2244   77   65 69.0 72.0 0
    1 2287   65   14 72.0 86.0 1
    1  726    7    3 88.0 89.0 1
    0 3412   28    0 82.0 90.0 0
    1 2874   98   69 64.0 71.0 1
    1 1608  275  275 36.0 36.0 1
    1  591  238    0 40.0 90.0 1
    1  628  151    0 53.0 90.0 1
    1 2065  320    7 32.0 88.0 0
    1 1377  308   85 33.0 67.0 1
    1 1663  238  200 40.0 45.0 1
    1 3362  238   54 40.0 75.0 1
    1  387  151    0 53.0 90.0 1
    1 1657  238   43 40.0 78.0 1
    1  956    7    0 88.0 90.0 1
    1 1603  275  193 36.0 46.0 1
    1 2313  111    7 61.0 88.0 1
    1 2483  115    0 60.0 90.0 1
    1 1106   35    0 80.0 90.0 1
    1 2799  320  230 32.0 41.0 1
    1 2367   85   35 67.0 80.0 1
    1 2618  162  135 51.0 56.0 1
    1 2095   69    0 71.0 90.0 1
    1  333   93    0 65.0 90.0 0
    1  776  238   10 40.0 87.0 0
    1 1917  230    0 41.0 90.0 1
    1 3274   69    0 71.0 90.0 1
    1 2854  111    3 61.0 89.0 1
    1 2129   17    0 85.0 90.0 1
    1 3191  333  286 31.0 35.0 1
    1 3484  297    0 34.0 90.0 1
    2 1747    7    0 88.0 90.0 1
    1 2415  193    0 46.0 90.0 0
    1 2179  275  111 36.0 61.0 1
    1 1571   85   39 67.0 79.0 1
    1 2662  200   32 45.0 81.0 1
    1 2951  125    0 58.0 90.0 1
    1 2192   65    0 72.0 90.0 1
    1 3430   65    0 72.0 90.0 1
    1  871  256    0 38.0 90.0 1
    1 2073  151    0 53.0 90.0 1
    1 2115   43    0 78.0 90.0 1
    1 1750   98   50 64.0 76.0 1
    1 3150  180    0 48.0 90.0 1
    1 3216   32    0 81.0 90.0 1
    1  930  297  168 34.0 50.0 1
    1 3240   73   61 70.0 73.0 1
    1 3593  200   28 45.0 82.0 1
    1 3314   17    0 85.0 90.0 0
    1 1515  193  145 46.0 54.0 1
    1 2034   32    0 81.0 90.0 1
    1 2411  333  168 31.0 50.0 1
    1 1984  120   28 59.0 82.0 1
    1 2995  222   43 42.0 78.0 1
    1 2201  238    0 40.0 90.0 1
    1  943  200    0 45.0 90.0 1
    1  732  214   21 43.0 84.0 1
    1 1817  145    0 54.0 90.0 1
    1 1753  168   28 50.0 82.0 1
    1 2057  151   85 53.0 67.0 1
    1 1971  140   35 55.0 80.0 0
    1 3233  230  106 41.0 62.0 1
    1 3256  308  106 33.0 62.0 1
    0 1412   43   14 78.0 86.0 1
    1 3583  115   93 60.0 65.0 1
    1 2044  151   25 53.0 83.0 1
    1  824  145   43 54.0 78.0 1
    1 1525   17    0 85.0 90.0 1
    1 2447  162    0 51.0 90.0 1
    1 2792  125   35 58.0 80.0 1
    1 1572   10    0 87.0 90.0 1
    1  486   50    0 76.0 90.0 1
    1  857   35   32 80.0 81.0 1
    1 2570   85   28 67.0 82.0 1
    1 2163  275  230 36.0 41.0 1
    1  564   21    0 84.0 90.0 1
    1  467   77    0 69.0 90.0 0
    1 2221   93    0 65.0 90.0 1
    1 1041  174    0 49.0 90.0 1
    1 2703  308    0 33.0 90.0 1
    1 3386  256    7 38.0 88.0 1
    1  428   21    0 84.0 90.0 0
    1 1472  333    0 31.0 90.0 1
    1 1345   10    0 87.0 90.0 1
    1 2978  346    0 30.0 90.0 1
    1 3362  256  162 38.0 51.0 1
    1 2680   69   61 71.0 73.0 1
    1 2229  265   65 37.0 72.0 1
    1  408  140   61 55.0 73.0 1
    1 2454  207   32 44.0 81.0 0
    1 2779   77   57 69.0 74.0 1
    1  884   10    0 87.0 90.0 1
    1 2812  247    0 39.0 90.0 1
    1 3347  214   89 43.0 66.0 1
    1 3184  140    0 55.0 90.0 1
    1 2769  111    0 61.0 90.0 1
    1 1613  111    0 61.0 90.0 0
    1 3172  265   98 37.0 64.0 1
    1 2748  115    0 60.0 90.0 1
    1 2436   43    0 78.0 90.0 1
    1  894  256   65 38.0 72.0 1
    1 3148  275  120 36.0 59.0 1
    1  981   54   43 75.0 78.0 1
    1 3150  162    0 51.0 90.0 1
    1 1581  238  214 40.0 43.0 1
    1 3585   54    0 75.0 90.0 1
    1 1875  187    7 47.0 88.0 1
    1 1045  162    0 51.0 90.0 1
    1 1886   54    0 75.0 90.0 1
    1  301  125    0 58.0 90.0 1
    1 2804  265   61 37.0 73.0 1
    1 1282  275   43 36.0 78.0 1
    1 1692  297   98 34.0 64.0 1
    1 1475  256  187 38.0 47.0 1
    1 1654  214  120 43.0 59.0 1
    1 1144  222  174 42.0 49.0 0
    2 1461  308  151 33.0 53.0 1
    0 2952  193   61 46.0 73.0 1
    1 2971  214    0 43.0 90.0 1
    1 2793  222    0 42.0 90.0 1
    1 3114   89   17 66.0 85.0 1
    1 2447  320  187 32.0 47.0 1
    1 2947   21    0 84.0 90.0 1
    1 1024  320    0 32.0 90.0 1
    1 2566   73   69 70.0 71.0 1
    1 3341  120   65 59.0 72.0 0
    1 2435  102    0 63.0 90.0 1
    1 1172  230   98 41.0 64.0 0
    1 2427  297    0 34.0 90.0 1
    1 2547  247   85 39.0 67.0 1
    1 2941   69    0 71.0 90.0 1
    1 1361  115   46 60.0 77.0 1
    1 3243  174   50 49.0 76.0 1
    1 3249  346   25 30.0 83.0 1
    1  314  151    0 53.0 90.0 1
    1  763   50    0 76.0 90.0 1
    1 1112  238  151 40.0 53.0 1
    1 2480   98    0 64.0 90.0 1
    1 2598   46    0 77.0 90.0 1
    1 2677    7    0 88.0 90.0 1
    1 1402  156    0 52.0 90.0 1
    1 1570   77   28 69.0 82.0 1
    1  609   69    0 71.0 90.0 0
    1 1942  174   39 49.0 79.0 1
    1 1699  106    7 62.0 88.0 1
    1 2753  286    0 35.0 90.0 1
    1 3171  275    0 36.0 90.0 1
    1 3180  320    0 32.0 90.0 1
    1 3598    3    0 89.0 90.0 0
    1 2299   85   69 67.0 71.0 1
    1 3285  214    0 43.0 90.0 1
    1  369  145   25 54.0 83.0 1
    1 2923  214  162 43.0 51.0 1
    1  768   10    0 87.0 90.0 1
    1 3417  120    7 59.0 88.0 1
    1  695  156    7 52.0 88.0 0
    1  944  346   32 30.0 81.0 0
    1 1391   57    0 74.0 90.0 1
    1 1176   77   43 69.0 78.0 1
    1 3362  275    0 36.0 90.0 1
    1 1972  140   93 55.0 65.0 1
    1 2548  135  115 56.0 60.0 1
    1 2873  265    0 37.0 90.0 1
    1  726  151  106 53.0 62.0 0
    1 2368   17    7 85.0 88.0 1
    1 1073   61   54 73.0 75.0 1
    1  739   46   10 77.0 87.0 1
    1 1398  193   32 46.0 81.0 1
    1 2203  115   21 60.0 84.0 1
    1 3554  275  238 36.0 40.0 1
    1 3406   89   21 66.0 84.0 1
    0 1870  256   69 38.0 71.0 1
    1  915  120    0 59.0 90.0 1
    1 3371  140   21 55.0 84.0 1
    1 2306  115    0 60.0 90.0 1
    1 2123  140  111 55.0 61.0 1
    1  946  130   57 57.0 74.0 1
    1  833   57    0 74.0 90.0 1
    1 1250   46    0 77.0 90.0 1
    1 2282  265  111 37.0 61.0 1
    1 3029   77   10 69.0 87.0 1
    1 3283  265   54 37.0 75.0 1
    1 3158  214   65 43.0 72.0 1
    1 3162  320  120 32.0 59.0 1
    1  835  168    0 50.0 90.0 1
    1 3579  125  111 58.0 61.0 1
    1 2351  214    0 43.0 90.0 1
    1 2098  275   10 36.0 87.0 0
    1 1006  346   10 30.0 87.0 1
    1 2345  156  135 52.0 56.0 1
    1 1867  120   77 59.0 69.0 1
    1 1208  265   43 37.0 78.0 1
    1 1142  230  125 41.0 58.0 1
    1  663   81   14 68.0 86.0 1
    1 1854   98   81 64.0 68.0 1
    1 1838  275  140 36.0 55.0 1
    1 3410  333   32 31.0 81.0 1
    1 2846  168    7 50.0 88.0 1
    1 3488   46    0 77.0 90.0 1
    1  713  286    0 35.0 90.0 1
    1 3393   89   32 66.0 81.0 1
    1 1003   17    0 85.0 90.0 1
    1 3496  174  140 49.0 55.0 1
    1 2970  286   21 35.0 84.0 1
    1 2526  265  111 37.0 61.0 1
    1 3064  207    0 44.0 90.0 1
    1 1381  297  247 34.0 39.0 1
    1 2898  320   17 32.0 85.0 1
    0 2547  238   65 40.0 72.0 0
    1 1102  308   54 33.0 75.0 1
    1  476  120  102 59.0 63.0 1
    1 3142   85    0 67.0 90.0 0
    1 1586   77   17 69.0 85.0 1
    1  615  130   69 57.0 71.0 1
    1 1072  265   32 37.0 81.0 1
    1  820  286  106 35.0 62.0 1
    1 1379  130   17 57.0 85.0 1
    1  885   28    0 82.0 90.0 1
    1 3097  247   89 39.0 66.0 1
    1 1938  174  151 49.0 53.0 1
    1 1292  115    0 60.0 90.0 1
    1 1213   25   10 83.0 87.0 1
    1 3193   46    0 77.0 90.0 1
    1  957  222   39 42.0 79.0 1
    1  800  174  120 49.0 59.0 1
    1 1664  200    3 45.0 89.0 1
    1 2698   14    0 86.0 90.0 1
    1  359   57   54 74.0 75.0 0
    1 2865   35    0 80.0 90.0 1
    1 1187  230  145 41.0 54.0 1
    1  834   93    0 65.0 90.0 1
    1 2813  297   69 34.0 71.0 1
    1 3550   54    0 75.0 90.0 1
    1 1154  265   10 37.0 87.0 1
    1 1368  156    0 52.0 90.0 1
    1 3461  346  247 30.0 39.0 1
    1 2447  256  145 38.0 54.0 1
    1 2316  140   14 55.0 86.0 1
    1 2875  346  207 30.0 44.0 0
    1 1609  222    0 42.0 90.0 1
    1  998   35    0 80.0 90.0 1
    1  834   39    0 79.0 90.0 1
    1  765  180   98 48.0 64.0 1
    1 1045  162    0 51.0 90.0 1
    1  471   65   10 72.0 87.0 1
    1  358   65    0 72.0 90.0 1
    1 2185   73    0 70.0 90.0 1
    1 2661   81    0 68.0 90.0 1
    1  948  308    0 33.0 90.0 1
    1 1644   98   50 64.0 76.0 1
    1 1551   89   57 66.0 74.0 1
    1 3486   89    0 66.0 90.0 1
    2 2786  256   35 38.0 80.0 1
    1 3089  238  193 40.0 46.0 1
    1 3101  230   50 41.0 76.0 1
    1  405   98    0 64.0 90.0 1
    1 2205  214    0 43.0 90.0 1
    1  331   81    0 68.0 90.0 1
    1 2780  297  247 34.0 39.0 1
    1 2373  135   28 56.0 82.0 1
    1 2538  111    0 61.0 90.0 1
    1 2553  214  207 43.0 44.0 1
    1 1080   98    0 64.0 90.0 1
    1 2153  174   93 49.0 65.0 1
    1  383   69    0 71.0 90.0 1
    1 1859  130  120 57.0 59.0 1
    1 2384  111   73 61.0 70.0 1
    1 1464   65    0 72.0 90.0 1
    1  773   98   73 64.0 70.0 1
    1 1411  115    0 60.0 90.0 1
    1 2663  297  102 34.0 63.0 1
    1  565  102   32 63.0 81.0 1
    1  442   21    0 84.0 90.0 1
    1 1450   32   21 81.0 84.0 0
    1 3245  180    0 48.0 90.0 1
    1 3350  320  286 32.0 35.0 1
    1 3102  222   65 42.0 72.0 1
    1  545   17    0 85.0 90.0 1
    1  974   57    7 74.0 88.0 1
    1 2341  333   17 31.0 85.0 1
    1 1040  106    0 62.0 90.0 0
    1 2210  222   57 42.0 74.0 1
    1 2235  265  130 37.0 57.0 1
    1 2851  308    0 33.0 90.0 1
    1 2291  256    0 38.0 90.0 1
    1 2870  308   73 33.0 70.0 1
    1 2298  265   32 37.0 81.0 1
    1  706  308    0 33.0 90.0 1
    1 1895  256   89 38.0 66.0 1
    1 1583  230   21 41.0 84.0 1
    1 2544   81    0 68.0 90.0 1
    1 2753   73   10 70.0 87.0 1
    1 3220  247    7 39.0 88.0 1
    1  935  207  135 44.0 56.0 1
    1  609  140   28 55.0 82.0 1
    1 3071  333   14 31.0 86.0 1
    0 2570  346   57 30.0 74.0 1
    1 1781  125    0 58.0 90.0 1
    1 1822  187   17 47.0 85.0 0
    1 3354   81   14 68.0 86.0 1
    1 1223  187  111 47.0 61.0 1
    1 1837   46   28 77.0 82.0 1
    1 1441  156   69 52.0 71.0 1
    1 1235  125    0 58.0 90.0 1
    1  947  308    7 33.0 88.0 1
    1  922  247    0 39.0 90.0 1
    1 1312  187    7 47.0 88.0 1
    1 3271  187    0 47.0 90.0 0
    1  939   54   46 75.0 77.0 1
    1  895  265    0 37.0 90.0 1
    1 1399   54   32 75.0 81.0 1
    1  965    7    0 88.0 90.0 1
    1 1324  162   10 51.0 87.0 1
    1 2940   93    0 65.0 90.0 1
    1 3367  346    0 30.0 90.0 1
    1 2989  230   46 41.0 77.0 1
    1 3534   77    0 69.0 90.0 1
    1 2636  115    0 60.0 90.0 1
