 500 500 500 130
    1  609    3    0 89.0 90.0 1
    1 2675  275    0 36.0 90.0 1
    1  860  333    0 31.0 90.0 1
    1 3244  168   39 50.0 79.0 1
    1 3441  256    0 38.0 90.0 1
    1 2680  238   39 40.0 79.0 1
    1 3572   43    0 78.0 90.0 1
    1 1971  308   14 33.0 86.0 1
    1 3583   25    0 83.0 90.0 1
    1  679  174  120 49.0 59.0 1
    1 1005  265   69 37.0 71.0 1
    1 1090  286    0 35.0 90.0 0
    1  341   69    0 71.0 90.0 1
    1  491  140    0 55.0 90.0 0
    1 1866   57   35 74.0 80.0 1
    1 3108   98    0 64.0 90.0 1
    1  694  145    0 54.0 90.0 1
    1 1034  106    0 62.0 90.0 1
    1 1290   81   32 68.0 81.0 1
    1 2721  308   25 33.0 83.0 1
    1 3547  214  200 43.0 45.0 1
    1 1107  230   65 41.0 72.0 1
    1 1175  130   77 57.0 69.0 1
    1 1042  135  102 56.0 63.0 1
    1 3285   85   46 67.0 77.0 1
    1 2416   65    0 72.0 90.0 1
    1 2875  174   21 49.0 84.0 1
    1 2932   14    0 86.0 90.0 1
    1 2926   21   17 84.0 85.0 1
    1  644   93   89 65.0 66.0 0
    1  444   89   89 66.0 66.0 1
    1 1295  102   89 63.0 66.0 0
    1 2170  333  265 31.0 37.0 1
    1  549   65    0 72.0 90.0 1
    1 2440  120  115 59.0 60.0 1
    1  909  140   54 55.0 75.0 1
    1 1158  346  115 30.0 60.0 1
    1 1937  256    0 38.0 90.0 1
    1 3586  207   25 44.0 83.0 1
    1 2843   89    0 66.0 90.0 1
    1 1110   81   14 68.0 86.0 1
    1 1482  168   14 50.0 86.0 1
    1 2732  230   21 41.0 84.0 1
    1  380  130    0 57.0 90.0 1
    1 2077   35    0 80.0 90.0 1
    1 1518   73   46 70.0 77.0 1
    1 1589   54    0 75.0 90.0 1
    1 2233   77   69 69.0 71.0 1
    1 1950   17    0 85.0 90.0 1
    1 2806  308   28 33.0 82.0 1
    1  941  265   35 37.0 80.0 1
    1 1352  193   77 46.0 69.0 1
    1 1129   10    0 87.0 90.0 1
    1 2406  297   25 34.0 83.0 1
    1 2523   39    0 79.0 90.0 1
    1 2018   73   57 70.0 74.0 1
    1 1970  102    0 63.0 90.0 1
    1 2198  111   57 61.0 74.0 1
    1 2666  275   10 36.0 87.0 1
    1 1433  346   21 30.0 84.0 1
    1 3402   39   28 79.0 82.0 1
    1 2636  230  140 41.0 55.0 1
    1 1046  238    0 40.0 90.0 1
    1 1037   69    0 71.0 90.0 1
    1 1595   32   17 81.0 85.0 1
    1 1652  346  180 30.0 48.0 0
    1  725  346    0 30.0 90.0 1
    1 2562   93   10 65.0 87.0 1
    1  712  265    3 37.0 89.0 1
    1  450   35    0 80.0 90.0 1
    1 1163  297  125 34.0 58.0 1
    1  613  275    0 36.0 90.0 1
    1  635   54    0 75.0 90.0 1
    1 3181  346    0 30.0 90.0 1
    1 3185  320   54 32.0 75.0 1
    1  839  156    3 52.0 89.0 1
    1 3122   50    0 76.0 90.0 1
    1 1606  320    0 32.0 90.0 1
    1 3537  230   61 41.0 73.0 1
    1  374   17    0 85.0 90.0 1
    1 1440  265  187 37.0 47.0 1
    1 1164   77    0 69.0 90.0 1
    1 2053  297  162 34.0 51.0 1
    1  551   57    0 74.0 90.0 1
    1 2534  320    0 32.0 90.0 1
    1 2583  222    0 42.0 90.0 1
    1 3341  151    7 53.0 88.0 1
    1  943   65    0 72.0 90.0 1
    1 1680   85    0 67.0 90.0 1
    1  664  151    0 53.0 90.0 1
    1 2660   69    0 71.0 90.0 1
    1 2112  207  130 44.0 57.0 1
    1 2652   89   77 66.0 69.0 0
    1 1802  106    0 62.0 90.0 1
    1 3396  247  156 39.0 52.0 1
    1 1301  180    0 48.0 90.0 0
    1 2453  151    7 53.0 88.0 1
    1 2863  222    3 42.0 89.0 1
    1 2616    3    0 89.0 90.0 1
    1 2175  156   54 52.0 75.0 1
    1  516  180   32 48.0 81.0 1
    1 1536   25   17 83.0 85.0 1
    1 1559  140   54 55.0 75.0 1
    1 1664  180   21 48.0 84.0 1
    1 2669   28    0 82.0 90.0 1
    1 1497   17   10 85.0 87.0 1
    1 2683  275    0 36.0 90.0 1
    1 2790   85    0 67.0 90.0 1
    1  758   46    0 77.0 90.0 1
    1 3326   65    0 72.0 90.0 1
    1 2500  275    0 36.0 90.0 1
    1  852  187  162 47.0 51.0 1
    1 3217  168   65 50.0 72.0 1
    1  996  256  230 38.0 41.0 1
    1 3125  247   77 39.0 69.0 1
    1 1894   93   25 65.0 83.0 1
    1 2441  346   54 30.0 75.0 1
    1 1617   10    0 87.0 90.0 1
    1  967  286    0 35.0 90.0 1
    1 2237  156   10 52.0 87.0 1
    1  338  135    0 56.0 90.0 1
    1 3116  346  238 30.0 40.0 1
    1 2329  346    0 30.0 90.0 1
    1 3361  156    0 52.0 90.0 1
    1 1829  308   46 33.0 77.0 1
    1 2735   57    0 74.0 90.0 1
    1 2803  308  180 33.0 48.0 1
    1  438   54    0 75.0 90.0 1
    1 2602  265  207 37.0 44.0 1
    1 2245  193    0 46.0 90.0 1
    1 1926    7    3 88.0 89.0 1
    1 1305  187    0 47.0 90.0 1
    1  645    3    0 89.0 90.0 1
    1 1981   98   50 64.0 76.0 1
    1 3180  247    0 39.0 90.0 1
    1  864  193  174 46.0 49.0 1
    1 2476  162   32 51.0 81.0 1
    1 2302  151   54 53.0 75.0 1
    1 2658  247  151 39.0 53.0 1
    1 3372  346  115 30.0 60.0 1
    1 3397  308  207 33.0 44.0 1
    1  625  102    3 63.0 89.0 1
    1 1637  297  130 34.0 57.0 1
    1  728   77    0 69.0 90.0 1
    1 1532  135   14 56.0 86.0 1
    1 3143   73    0 70.0 90.0 1
    1 1920  256  230 38.0 41.0 1
    1 3411    3    0 89.0 90.0 1
    1 2530  187    0 47.0 90.0 1
    1 3555  265  238 37.0 40.0 1
    1 2354  207  120 44.0 59.0 1
    1 2308   69   61 71.0 73.0 0
    1 2284  174    0 49.0 90.0 1
    1 2648   32   10 81.0 87.0 1
    1  825   21    0 84.0 90.0 1
    1 1928  180    7 48.0 88.0 1
    1 1356   77   43 69.0 78.0 1
    1 2882   85    7 67.0 88.0 1
    1  890  297   93 34.0 65.0 1
    1  979  238    0 40.0 90.0 1
    1 1857   73    0 70.0 90.0 1
    1 2677  297  140 34.0 55.0 1
    1 3418  102   89 63.0 66.0 1
    1 2592  286   98 35.0 64.0 1
    1 3569   98    0 64.0 90.0 1
    1 2095  193   89 46.0 66.0 1
    1 1455   46   39 77.0 79.0 1
    1 1291   61    0 73.0 90.0 1
    1 2410  187   61 47.0 73.0 1
    1 2012  308  238 33.0 40.0 1
    1 1489  222   17 42.0 85.0 1
    1 2560  222  145 42.0 54.0 1
    1 3136  297  168 34.0 50.0 1
    1  790  140   21 55.0 84.0 0
    1 3227   21    7 84.0 88.0 1
    1 1375  247   73 39.0 70.0 1
    1  301   54    3 75.0 89.0 1
    1 2183  230  106 41.0 62.0 1
    1 2659  320    0 32.0 90.0 1
    1 3381  265   81 37.0 68.0 1
    1 1642   54    0 75.0 90.0 1
    1 1124  193    0 46.0 90.0 1
    1 3561  238   28 40.0 82.0 1
    1 2132   50   28 76.0 82.0 0
    1 2204   43   28 78.0 82.0 1
    1 1222  111    0 61.0 90.0 1
    1  428   46   17 77.0 85.0 1
    1 2989   77    7 69.0 88.0 1
    1 2768  346    0 30.0 90.0 1
    1 1511  214    0 43.0 90.0 1
    1 3279  168   10 50.0 87.0 1
    1 2992  256    0 38.0 90.0 1
    1 1766   46    0 77.0 90.0 1
    1 2750  156    3 52.0 89.0 1
    1 2517  207    0 44.0 90.0 1
    1 1349  320  106 32.0 62.0 1
    1 2666    7    0 88.0 90.0 1
    1 1789  275   54 36.0 75.0 1
    1 2748  111    0 61.0 90.0 1
    1 1916   35    0 80.0 90.0 1
    1  677  140    3 55.0 89.0 1
    1 1131   54    0 75.0 90.0 1
    1 2955  320   73 32.0 70.0 1
    1 1843  286  238 35.0 40.0 1
    1  979   28   17 82.0 85.0 1
    1 1937  247  115 39.0 60.0 1
    1 1507  168   61 50.0 73.0 1
    1 3189  297   14 34.0 86.0 1
    1 2159  256  207 38.0 44.0 1
    1 1246    7    0 88.0 90.0 1
    1 2812  222    7 42.0 88.0 1
    1 2676   98   39 64.0 79.0 0
    1  571  156    0 52.0 90.0 1
    1 3231  106    0 62.0 90.0 1
    1 1599  125   98 58.0 64.0 1
    1 3511  187   61 47.0 73.0 1
    1  568  125  106 58.0 62.0 1
    1 2754  265   17 37.0 85.0 1
    1 2578   85   54 67.0 75.0 1
    1 1410   93   89 65.0 66.0 1
    1 2467  193  102 46.0 63.0 1
    1  819   81   10 68.0 87.0 1
    1  704   98    0 64.0 90.0 1
    1 2925  286   93 35.0 65.0 0
    1 1010  120  102 59.0 63.0 1
    1 1207   50    0 76.0 90.0 1
    1 2564  297  275 34.0 36.0 1
    1 1488  115   77 60.0 69.0 1
    1 1075  286  115 35.0 60.0 1
    1 1475   85    0 67.0 90.0 1
    1 3184   98    0 64.0 90.0 1
    1  565   93   54 65.0 75.0 1
    1  720  102    7 63.0 88.0 0
    1 2025   17   14 85.0 86.0 1
    1 2533   81    0 68.0 90.0 1
    1 1743  333  145 31.0 54.0 1
    1 1176  193    0 46.0 90.0 1
    1 3355  168   73 50.0 70.0 1
    1 1865  333   28 31.0 82.0 1
    1  410    3    0 89.0 90.0 1
    1 1002  151    0 53.0 90.0 0
    1 1404   50   21 76.0 84.0 1
    1 3403  193   73 46.0 70.0 1
    1 2601  193   69 46.0 71.0 0
    1 2796  168    0 50.0 90.0 1
    1 2490  156   54 52.0 75.0 1
    1 2576  156   77 52.0 69.0 1
    1 3355  247   10 39.0 87.0 1
    1 3490   98   46 64.0 77.0 1
    1  811  187  115 47.0 60.0 1
    1 2133   57   32 74.0 81.0 1
    1  880  102   46 63.0 77.0 0
    1 2799  200    0 45.0 90.0 1
    1 1455  222    0 42.0 90.0 1
    1 3423  275    3 36.0 89.0 1
    1  937   69   65 71.0 72.0 1
    1 1531  247  200 39.0 45.0 1
    1 2676    7    0 88.0 90.0 1
    1 2715   61   35 73.0 80.0 1
    1 3376   46   35 77.0 80.0 1
    1 2867  135   17 56.0 85.0 1
    1 2680    3    0 89.0 90.0 1
    1 3382  320  115 32.0 60.0 1
    1 1776  346  125 30.0 58.0 1
    1 1609  145    0 54.0 90.0 1
    1 1713  125  120 58.0 59.0 1
    1  811  207  106 44.0 62.0 1
    1 3065   54   39 75.0 79.0 1
    1 2104  151  115 53.0 60.0 1
    1 3531   39   32 79.0 81.0 0
    1 2205  320   43 32.0 78.0 1
    1 2452  333  180 31.0 48.0 1
    1  520  214    0 43.0 90.0 1
    1 2989  187   14 47.0 86.0 1
    1 2599   69    0 71.0 90.0 0
    1 1812  200   69 45.0 71.0 1
    1 2896  286  265 35.0 37.0 1
    1 1068  174   21 49.0 84.0 1
    1  810  286    0 35.0 90.0 1
    1 3146  230  151 41.0 53.0 1
    1 3421  286  168 35.0 50.0 1
    1 2683  308   17 33.0 85.0 1
    1 1396  168  111 50.0 61.0 1
    1 3204  193   14 46.0 86.0 1
    1 2618   69   35 71.0 80.0 1
    1 1603  247   73 39.0 70.0 1
    1  997   93    0 65.0 90.0 1
    1 3166   89    0 66.0 90.0 1
    1 3002  120  106 59.0 62.0 1
    1 1807  238    3 40.0 89.0 1
    1 2947  102   10 63.0 87.0 0
    1 2001   43   35 78.0 80.0 1
    1  385   85    0 67.0 90.0 1
    1 1806  222   85 42.0 67.0 1
    1 1988  174    0 49.0 90.0 1
    1 1613  275  130 36.0 57.0 0
    1 1131  125    0 58.0 90.0 1
    1 2866  333  207 31.0 44.0 1
    1 1405  275   35 36.0 80.0 1
    1 2805  106   43 62.0 78.0 1
    1 2770  265   35 37.0 80.0 1
    1 2975  275   77 36.0 69.0 1
    1 1236  130   54 57.0 75.0 0
    1 2077  115    0 60.0 90.0 1
    1 1525  297  200 34.0 45.0 1
    1 1756  135   25 56.0 83.0 1
    1 3160   73    0 70.0 90.0 1
    1  872   50   35 76.0 80.0 1
    1 3378   69   50 71.0 76.0 0
    1 3079  180   77 48.0 69.0 1
    1 2774  346   57 30.0 74.0 1
    1 2578   39    7 79.0 88.0 1
    1 3355  214    0 43.0 90.0 1
    1 2293  193  130 46.0 57.0 1
    1 1989  230   50 41.0 76.0 1
    1 2342    7    0 88.0 90.0 1
    1  835  120    0 59.0 90.0 1
    1 3461  346   65 30.0 72.0 0
    1 3511  174   21 49.0 84.0 1
    1  712  333    0 31.0 90.0 1
    1  955  214    0 43.0 90.0 0
    1 3496  111   35 61.0 80.0 0
    1 1278  174    0 49.0 90.0 1
    1 2618  265   54 37.0 75.0 1
    1 3270  275  200 36.0 45.0 1
    1 1753  214    0 43.0 90.0 0
    1 2429  297   73 34.0 70.0 1
    1  599  174    0 49.0 90.0 1
    1  808   85    0 67.0 90.0 1
    1 2714  193   57 46.0 74.0 1
    1 1608  320   77 32.0 69.0 0
    1 3353  230  214 41.0 43.0 1
    1 1459  333   69 31.0 71.0 1
    1 2433   69   54 71.0 75.0 1
    1 1109  111   28 61.0 82.0 1
    1 1855  111    0 61.0 90.0 1
    1 2733  333    3 31.0 89.0 1
    1 2433  297  168 34.0 50.0 1
    1  753   28    0 82.0 90.0 0
    1 2379   14    0 86.0 90.0 1
    1 2402  297   50 34.0 76.0 1
    1 1430  297   89 34.0 66.0 1
    1 2368  111    0 61.0 90.0 0
    1 1378  247  193 39.0 46.0 1
    1 1487  222  214 42.0 43.0 1
    1 1826  214   77 43.0 69.0 1
    1 2382  130    0 57.0 90.0 1
    1  977  230   46 41.0 77.0 1
    1  726  174   57 49.0 74.0 1
    1 1663  140   69 55.0 71.0 1
    1 1226  174  120 49.0 59.0 1
    1 3317   17    7 85.0 88.0 1
    1 3116  238  162 40.0 51.0 1
    1 2048  308   28 33.0 82.0 1
    1 1299  286  200 35.0 45.0 1
    1 2022   21   14 84.0 86.0 1
    1 2196  214  111 43.0 61.0 1
    1 1471  180   73 48.0 70.0 1
    1 3152  193   89 46.0 66.0 1
    1 2235  200  135 45.0 56.0 1
    1 3131  275  130 36.0 57.0 1
    1 1255  238  135 40.0 56.0 1
    1 2083  193    0 46.0 90.0 1
    1 1683  297  111 34.0 61.0 1
    1 3190  247  120 39.0 59.0 1
    1 1068   93    0 65.0 90.0 1
    1 3005  286   17 35.0 85.0 1
    1 1146   77   10 69.0 87.0 1
    1  460   93    0 65.0 90.0 1
    1 2149  168   14 50.0 86.0 0
    1 2675  297    0 34.0 90.0 1
    1 1658  120   57 59.0 74.0 1
    1  611   98   93 64.0 65.0 1
    1  464  156   10 52.0 87.0 1
    1  905   17    0 85.0 90.0 0
    1  620  297    0 34.0 90.0 1
    1 3102  320    0 32.0 90.0 1
    1 3467  265   21 37.0 84.0 1
    1 1036  230    0 41.0 90.0 1
    1 3033  162  135 51.0 56.0 1
    1 2661   50    0 76.0 90.0 1
    1  542  140    0 55.0 90.0 1
    1 3182   73    0 70.0 90.0 1
    1  545  238    0 40.0 90.0 1
    1 2971  297    0 34.0 90.0 1
    1 2408  135    0 56.0 90.0 1
    1 2017  320  111 32.0 61.0 1
    1 1331  193   10 46.0 87.0 1
    1 1450   85    0 67.0 90.0 0
    1 1728   25    0 83.0 90.0 1
    1 3419  102    7 63.0 88.0 1
    1 1520   81    0 68.0 90.0 0
    1 3284  125    0 58.0 90.0 1
    1 3043   65    0 72.0 90.0 1
    1 2611   32   28 81.0 82.0 1
    1 1238  207   89 44.0 66.0 1
    1  702   69    0 71.0 90.0 1
    1 1952  106   65 62.0 72.0 1
    1 3165  156    0 52.0 90.0 1
    1 3002  256   50 38.0 76.0 1
    1 2392  320    0 32.0 90.0 1
    1  697   14    0 86.0 90.0 1
    1  600  120   85 59.0 67.0 0
    1  988  207  130 44.0 57.0 1
    1 2538  207   43 44.0 78.0 0
    1 1562  207    0 44.0 90.0 1
    1  363   73    0 70.0 90.0 1
    1 1059  286   57 35.0 74.0 1
    1 2942  145   28 54.0 82.0 0
    1 3036   98   54 64.0 75.0 1
    1 3324  193   61 46.0 73.0 1
    1 1547   32   14 81.0 86.0 1
    1 2938  230  174 41.0 49.0 1
    1  432   93   50 65.0 76.0 0
    1 1692  130  120 57.0 59.0 1
    1 3203  200   43 45.0 78.0 1
    1 1461  207  156 44.0 52.0 1
    1 2257  200    0 45.0 90.0 1
    1 3314    7    0 88.0 90.0 1
    1  796   50   17 76.0 85.0 1
    1  785  320   21 32.0 84.0 1
    1 2793   35    0 80.0 90.0 1
    1 1784   85   73 67.0 70.0 1
    1  901  247    0 39.0 90.0 0
    1 2303  120  102 59.0 63.0 0
    1  698  214  115 43.0 60.0 1
    1  318  145    0 54.0 90.0 1
    1  571   69    0 71.0 90.0 1
    1 2483  125   43 58.0 78.0 1
    1 3372   93   61 65.0 73.0 1
    1  495  187   46 47.0 77.0 0
    1  727  308    0 33.0 90.0 1
    1 2536  275    0 36.0 90.0 1
    1  303  111    0 61.0 90.0 1
    1 2658   89    0 66.0 90.0 1
    1 1573  265   81 37.0 68.0 1
    1 1068  200   50 45.0 76.0 1
    1 2870   57   14 74.0 86.0 1
    1 1866  308    0 33.0 90.0 1
    1 2193  308  156 33.0 52.0 1
    1 1567  256   54 38.0 75.0 1
    1  953  207   85 44.0 67.0 1
    1 2319  180  115 48.0 60.0 1
    1 1012   43   28 78.0 82.0 0
    1 3478  222   25 42.0 83.0 1
    1 2729  187    0 47.0 90.0 1
    1  350   46    0 77.0 90.0 1
    1  499  214    0 43.0 90.0 1
    1  987  308  145 33.0 54.0 1
    1  344   65    0 72.0 90.0 1
    1 1555  297    0 34.0 90.0 1
    1 2626  297  174 34.0 49.0 1
    1 2686   65    0 72.0 90.0 1
    1 2150  214   85 43.0 67.0 1
    1 2525  275   39 36.0 79.0 1
    1  325  140   21 55.0 84.0 1
    1 2126  162    0 51.0 90.0 1
    1 3374  333  187 31.0 47.0 1
    1 2053    3    0 89.0 90.0 1
    1 1496   89   61 66.0 73.0 1
    1 1737  256   21 38.0 84.0 1
    1 3235  115    0 60.0 90.0 1
    1 3151  333  125 31.0 58.0 0
    1 3139   69    0 71.0 90.0 1
    1 2046  247   57 39.0 74.0 1
    1 1540  174  111 49.0 61.0 1
    1 2735  308   81 33.0 68.0 1
    1  956  180   39 48.0 79.0 0
    1 1828   35    0 80.0 90.0 1
    1 2879   61   25 73.0 83.0 1
    1 1834   39   35 79.0 80.0 1
    1 1058  125  111 58.0 61.0 1
    1 2489   89   54 66.0 75.0 1
    1  858  174   39 49.0 79.0 1
    1 3378  120   28 59.0 82.0 1
    1  933  187  120 47.0 59.0 1
    1  955   35    0 80.0 90.0 1
    1 3256   35    0 80.0 90.0 1
    1 2263   43    0 78.0 90.0 0
    1 1293  111   35 61.0 80.0 1
    1 1887   32    0 81.0 90.0 1
    1 3480   32    0 81.0 90.0 1
    1 2099  111    0 61.0 90.0 1
    1 1637   93   43 65.0 78.0 1
    1 1806  193   93 46.0 65.0 1
    1  549  247    0 39.0 90.0 1
    1 2302   61   39 73.0 79.0 1
    1 1143  200  140 45.0 55.0 1
    1 1764  256    0 38.0 90.0 1
    1 3423  297   46 34.0 77.0 1
    1 1214  320  265 32.0 37.0 1
    1 2412   57    0 74.0 90.0 1
    1 3209  156  115 52.0 60.0 1
    1  508   14    0 86.0 90.0 1
    1 2180  297   81 34.0 68.0 1
    1  447  140    0 55.0 90.0 1
    1 2742  320    0 32.0 90.0 0
    1 1405   93    0 65.0 90.0 1
    1 2221   39    0 79.0 90.0 1
    1 1356  151   61 53.0 73.0 1
