 100  30   3   4
    3 1610   47   47 65.0 65.0 1
    1  787   47   47 65.0 65.0 1
    5 1400   47   47 65.0 65.0 1
    4  573   47   47 65.0 65.0 1
    1 1188   55   47 61.0 65.0 1
    4 1369   55   47 61.0 65.0 1
    1  519   55    0 61.0 90.0 1
    1 1321   47   40 65.0 68.0 1
    6  634   47   47 65.0 65.0 1
    5 3428   55    0 61.0 90.0 1
    6  913   47    0 65.0 90.0 1
    5  724   47    0 65.0 90.0 1
    3 1132   55   47 61.0 65.0 1
    5  657   55   40 61.0 68.0 1
    6 1796   47   40 65.0 68.0 1
    3 2823    9    0 85.0 90.0 1
    1  994  115   18 41.0 80.0 1
    1 1696  115    0 41.0 90.0 1
    3 1681   18    0 80.0 90.0 1
    6  936   18    0 80.0 90.0 1
    1 1248    9    0 85.0 90.0 1
    2  307   18    0 80.0 90.0 1
    1 1742  115   18 41.0 80.0 0
    3  799   18    0 80.0 90.0 1
    4 1042  154   51 33.0 63.0 1
    4 1331   51    0 63.0 90.0 1
    2  572  154   75 33.0 53.0 1
    6 3396  154  123 33.0 39.0 1
    4  666   75   67 53.0 56.0 1
    3 3380   67    0 56.0 90.0 0
