 100  17   2   4
    6 1210   21   21 78.0 78.0 1
    8  899  154  154 33.0 33.0 1
    9 1276  154  154 33.0 33.0 0
    9 2961   19   19 79.0 79.0 0
    9  714   19    0 79.0 90.0 1
    8 1189   19   14 79.0 82.0 1
    2  892  154    0 33.0 90.0 1
    4 1327   21   19 78.0 79.0 1
    5  468  154   21 33.0 78.0 1
    1  636   93   19 47.0 79.0 1
    9  812  154   93 33.0 47.0 1
    5 1604  128    0 38.0 90.0 1
    3 1700  138  128 36.0 38.0 0
    1 2186  128    0 38.0 90.0 1
    6 2424  138  128 36.0 38.0 1
    8 3599  128    0 38.0 90.0 1
    7  958  138    0 36.0 90.0 1
