 100  26   1   1
    6  900   81   81 51.0 51.0 1
    3 1850   87   87 49.0 49.0 0
    7 3275  115  115 41.0 41.0 1
    4 1032  107  107 43.0 43.0 1
    1 1159   21   21 78.0 78.0 1
    3 2814  138  138 36.0 36.0 1
    5 1485  115  115 41.0 41.0 1
    6 3316   45   45 66.0 66.0 1
    3 3539   32   32 72.0 72.0 1
    1 2742  107  107 43.0 43.0 1
    6 3252  107  107 43.0 43.0 1
    2 2424   62    0 58.0 90.0 1
    7  911  107   45 43.0 66.0 1
    1 2016   81   21 51.0 78.0 1
    3  838  138   81 36.0 51.0 1
    5 1737   87   62 49.0 58.0 1
    4 1919  115   32 41.0 72.0 1
    6 2629   62    0 58.0 90.0 0
    1 2179   81   21 51.0 78.0 1
    6 2039  138   45 36.0 66.0 1
    4 2264   62   45 58.0 66.0 1
    1 1175   45    0 66.0 90.0 1
    3 3357  107   45 43.0 66.0 1
    6 3516   81   32 51.0 72.0 1
    3 1327   21    0 78.0 90.0 1
    3 1946   62   45 58.0 66.0 1
