 100  21   3   3
    5 2779   55   55 61.0 61.0 1
    1  563   31   31 73.0 73.0 1
    1  749  138    0 36.0 90.0 1
    6 2901  138    7 36.0 86.0 1
    7 1683   73    0 54.0 90.0 1
    3 2045   73    7 54.0 86.0 1
    2 1349   62    0 58.0 90.0 1
    9  658  143  138 35.0 36.0 0
    3 1324  138   84 36.0 50.0 1
    5 2045   62   51 58.0 63.0 1
    7 3216  143   51 35.0 63.0 1
    4 3380   62    0 58.0 90.0 1
    8 3187   84   62 50.0 58.0 1
    3 3060   47    5 65.0 87.0 1
    4 1093   18    5 80.0 87.0 1
    3 1244   18    5 80.0 87.0 1
    7 3162   38    5 69.0 87.0 0
    7  992   53    0 62.0 90.0 1
    6 1547   53   38 62.0 69.0 1
    1 2951    7    5 86.0 87.0 1
    8 1486    5    0 87.0 90.0 0
