 100  21   4   3
    4 3087  143  143 35.0 35.0 1
    8 3458  143    0 35.0 90.0 1
    8 2581  143   97 35.0 46.0 1
    4 1885   97    0 46.0 90.0 1
    6 3116  143    0 35.0 90.0 1
    8 1938   42   11 67.0 84.0 1
    2 2945   42   32 67.0 72.0 1
    2  581   11    0 84.0 90.0 1
    4  770   32   11 72.0 84.0 1
    1 1063   45   31 66.0 73.0 1
    1  510  115   40 41.0 68.0 1
    6 2128  119    0 40.0 90.0 1
    1 1358   84   53 50.0 62.0 1
    6 3031  115  104 41.0 44.0 1
    6 2943  115   53 41.0 62.0 1
    5 2525  160    0 32.0 90.0 1
    7 3227   31    0 73.0 90.0 1
    2 2005  154    5 33.0 87.0 1
    3 2535  154  133 33.0 37.0 1
    9 3464   31    5 73.0 87.0 1
    7 2525  111    0 42.0 90.0 1
