 100  20   3   3
    8 3253   34   34 71.0 71.0 1
    5 1190   34    0 71.0 90.0 1
    8 1060   78    0 52.0 90.0 1
    2 2831   78   73 52.0 54.0 1
    7  619   84    0 50.0 90.0 1
    2 2675  143   51 35.0 63.0 1
    5 2730   73   34 54.0 71.0 1
    3 2257   32   31 72.0 73.0 1
    2 1040  138   36 36.0 70.0 1
    6 2988   75   31 53.0 73.0 1
    2 1521  138   32 36.0 72.0 1
   10 2917   36    0 70.0 90.0 1
    7 2322   32   29 72.0 74.0 0
    1 2038   62   19 58.0 79.0 1
    9 1774   49   19 64.0 79.0 1
    4 3110   49    0 64.0 90.0 1
    8 2681  104    2 44.0 89.0 1
    1  889  104  100 44.0 45.0 1
    3 1219  100    2 45.0 89.0 0
    7  747  100    2 45.0 89.0 1
