 100  20   4   3
    1  806   90   34 48.0 71.0 1
    4  675   34    0 71.0 90.0 1
    3 3276  107   90 43.0 48.0 1
    2  498   90    0 48.0 90.0 1
    4 2403  107    0 43.0 90.0 0
    6 3036  143    0 35.0 90.0 0
    3  706    5    0 87.0 90.0 1
    6 2406  143    0 35.0 90.0 1
    2 2390   90   84 48.0 50.0 1
    5 1431  143   84 35.0 50.0 1
   10 1444  138  138 36.0 36.0 1
    4 2817  138  138 36.0 36.0 0
    5 2375  138    0 36.0 90.0 1
    6  883  138    0 36.0 90.0 0
    5 3113  138  138 36.0 36.0 1
    8 1889   18    0 80.0 90.0 1
    7 1331   19   18 79.0 80.0 1
    4  893  173   18 30.0 80.0 1
   10  301   19   18 79.0 80.0 1
    5 1052   47   18 65.0 80.0 1
