 100  23   1   1
    8 2332  104  104 44.0 44.0 1
    6 2378  104  104 44.0 44.0 1
    6 1418  104  104 44.0 44.0 1
    5 3295   12   12 83.0 83.0 1
    1  906   12   12 83.0 83.0 0
    1  621   12   12 83.0 83.0 1
    2  579  104  104 44.0 44.0 0
    7 3309   12    0 83.0 90.0 1
    3 1407  104   12 44.0 83.0 1
    4 3178  104    0 44.0 90.0 1
    4 1663   12    0 83.0 90.0 1
    5 3566  104    0 44.0 90.0 1
    3 3332   12    0 83.0 90.0 1
    6 2269  104   12 44.0 83.0 0
    8  563   12    0 83.0 90.0 1
    7 1505  104   12 44.0 83.0 1
    2 1169  104   12 44.0 83.0 1
    2 1355  104    0 44.0 90.0 1
    4 1577   12    0 83.0 90.0 1
    1 3338   12    0 83.0 90.0 1
    7 2260   12    0 83.0 90.0 1
    1 2318  104   12 44.0 83.0 1
    7 2354   12    0 83.0 90.0 1
