 100  23   2   3
    2 2550   25   25 76.0 76.0 1
    1 3413   40   40 68.0 68.0 1
    4 2900   53   53 62.0 62.0 1
    5 3073   36   36 70.0 70.0 1
    6 1947   14   14 82.0 82.0 0
    1 1241   36   36 70.0 70.0 0
    4 1643   25   14 76.0 82.0 1
    8  751   14    0 82.0 90.0 1
    7 2821   36   25 70.0 76.0 1
    1 1870   53   40 62.0 68.0 0
    1  572  133   53 37.0 62.0 1
    4 2265   53   40 62.0 68.0 1
   10 1995   55   14 61.0 82.0 1
    7 3396   53   25 62.0 76.0 1
    3  365   55   36 61.0 70.0 1
    7 1889   25    0 76.0 90.0 0
    4 3291  133   53 37.0 62.0 1
    2 1458  154   12 33.0 83.0 1
    3 1531   90   45 48.0 66.0 1
    1 1908   12    0 83.0 90.0 1
    1 1792   45    0 66.0 90.0 1
    8 1452  154   90 33.0 48.0 1
   10 1812   90   12 48.0 83.0 1
