 100  24   1   1
    6 3434    9    9 85.0 85.0 1
    3 1865   53   53 62.0 62.0 1
    5 3290  160  148 32.0 34.0 1
    2 2747  160   49 32.0 64.0 1
    1 2543  148   53 34.0 62.0 0
    1 1072  160  128 32.0 38.0 1
    4 3159   49    9 64.0 85.0 1
    8 2215  160   87 32.0 49.0 1
    6 2851  128   87 38.0 49.0 1
    4  681  160  148 32.0 34.0 1
    4 3258  160  128 32.0 38.0 1
    7 2989  160    0 32.0 90.0 1
    3  716   87   53 49.0 62.0 1
    2 1234  160   53 32.0 62.0 1
    3 1650   49    0 64.0 90.0 1
    1  849   87   53 49.0 62.0 0
    4 3281  128    0 38.0 90.0 1
    4 3263  160  148 32.0 34.0 1
    7 3317   49    0 64.0 90.0 1
    6 1424  128    9 38.0 85.0 1
    5 3259   87    9 49.0 85.0 1
    7 1808  128   87 38.0 49.0 1
    2 1567   53    0 62.0 90.0 0
    5 1621  148   49 34.0 64.0 1
