 100  16   3   4
   11 2763  123  104 39.0 44.0 1
   11  337  143    5 35.0 87.0 0
    8 1158  123   45 39.0 66.0 1
    1 1017  143  104 35.0 44.0 1
    7  529    5    0 87.0 90.0 1
    3  814   58   42 60.0 67.0 1
    2 3403   53    0 62.0 90.0 1
    8 1312   58   23 60.0 77.0 1
    3  666   58   23 60.0 77.0 1
    7 2452   23    0 77.0 90.0 1
    9  534   42    0 67.0 90.0 0
   10 1320  107    0 43.0 90.0 1
    2 1335   36    0 70.0 90.0 1
    8 2269   36    0 70.0 90.0 1
    2 2861  107   36 43.0 70.0 1
    8  465  107   36 43.0 70.0 1
