 100  17   3   4
    2 1479  160  160 32.0 32.0 1
    6 2755   62   62 58.0 58.0 1
    8 2818  160   62 32.0 58.0 1
    7 1767   78    0 52.0 90.0 1
    3  529   81   78 51.0 52.0 1
    1  643   65   19 57.0 79.0 1
    3  565   81    0 51.0 90.0 1
   12 1150   65   27 57.0 75.0 1
    4  922   27    0 75.0 90.0 1
    9 3071   81   16 51.0 81.0 1
    1 2987   45   12 66.0 83.0 1
   10 2706  166   12 31.0 83.0 1
   10 1621  148   65 34.0 57.0 1
   11 1671  148   12 34.0 83.0 1
    1 1637  166   90 31.0 48.0 1
    6 1270  166   12 31.0 83.0 1
    6  827  148   90 34.0 48.0 1
