 100  20   1   2
    4  946  100  100 45.0 45.0 1
    8  744    2    2 89.0 89.0 1
    5 1571  128  128 38.0 38.0 1
    5 1278   14   14 82.0 82.0 1
    8  498   14   14 82.0 82.0 1
    5  421   14   14 82.0 82.0 1
    1 1555  115  115 41.0 41.0 1
    9  635   14   14 82.0 82.0 1
    3  387    2    2 89.0 89.0 1
    6 3121   27    0 75.0 90.0 1
    5 1157   27   14 75.0 82.0 1
    8  429  115   27 41.0 75.0 1
    1  860  128   14 38.0 82.0 0
    5 1528  128   14 38.0 82.0 1
    5  812  115    2 41.0 89.0 1
    5 1191  115   14 41.0 82.0 1
    4  631   27    2 75.0 89.0 0
    8  901  115  100 41.0 45.0 0
    1 1534  128   14 38.0 82.0 1
    4  693  128    0 38.0 90.0 1
