 100  20   3   4
    8  831   14   14 82.0 82.0 1
    4 3442   75   75 53.0 53.0 1
    9 2936  133  133 37.0 37.0 1
    1 1209   75   34 53.0 71.0 0
    2 1491   29    0 74.0 90.0 1
    3  904   75   14 53.0 82.0 1
    6 1722   62   23 58.0 77.0 1
    7 1632   62   23 58.0 77.0 1
    8 1606   93   23 47.0 77.0 1
    1 3286   62   23 58.0 77.0 1
    5 1196   49    0 64.0 90.0 1
    2 3130   93   23 47.0 77.0 1
    6 1644   23    0 77.0 90.0 1
   10 2223  133  107 37.0 43.0 1
    1  995   55    0 61.0 90.0 1
    9 2442  107    0 43.0 90.0 1
    4  432  107   49 43.0 64.0 1
    9 3007  107   55 43.0 61.0 1
    4 3196  107   55 43.0 61.0 1
    1 3017  133   55 37.0 61.0 0
