 100  20   3   3
    5 1490   12   12 83.0 83.0 1
    3 3142   12   12 83.0 83.0 1
    1 2617   12   12 83.0 83.0 1
    8 1864   93   12 47.0 83.0 1
    1 2142   12    0 83.0 90.0 1
    5 2109   81    0 51.0 90.0 1
    1 1344   93   81 47.0 51.0 1
    6 1680   81    0 51.0 90.0 1
    6 3530   93    0 47.0 90.0 1
    5  770   55    0 61.0 90.0 1
    7  328   38    5 69.0 87.0 1
    8 1235   38   14 69.0 82.0 1
    9 2863   38   14 69.0 82.0 1
    2 2753  166    5 31.0 87.0 1
   10 2669  173   55 30.0 61.0 1
    9 1085  128   73 38.0 54.0 1
    2 1012  128    9 38.0 85.0 0
    3 2256   87   31 49.0 73.0 1
    8 2495   65    9 57.0 85.0 1
    1 1977   87   73 49.0 54.0 1
