 100  23   1   2
    8 1282    7    7 86.0 86.0 1
    1  778   45   45 66.0 66.0 1
    6 1380   45   45 66.0 66.0 1
    5 3472   45   45 66.0 66.0 1
    1  505   45   45 66.0 66.0 1
    4 1410   45   45 66.0 66.0 1
    4 2771    7    7 86.0 86.0 1
    2 1450   45   45 66.0 66.0 1
    2  662    7    0 86.0 90.0 1
    1  519   45    0 66.0 90.0 1
    7 1699   45    0 66.0 90.0 0
    7 1553    7    0 86.0 90.0 1
    5 1429    7    0 86.0 90.0 1
    7  793   45    7 66.0 86.0 1
    5  586   45    7 66.0 86.0 1
    5 1224   45    7 66.0 86.0 1
    8 1373   45    7 66.0 86.0 1
    5  305   45    0 66.0 90.0 1
    6 1254    7    0 86.0 90.0 1
    3 1404    7    0 86.0 90.0 0
    1  989   45    7 66.0 86.0 1
    5 1321   45    7 66.0 86.0 1
    2 1188   45    0 66.0 90.0 1
