 100  28   1   1
    1 1864   81   81 51.0 51.0 1
    3 3108   73   73 54.0 54.0 0
    5 2099   47   47 65.0 65.0 1
    4  559   47   47 65.0 65.0 1
    3 2587   47   47 65.0 65.0 1
    3 1594   47   47 65.0 65.0 1
    2  424   47   47 65.0 65.0 1
    1  318   47   47 65.0 65.0 1
    8 2740   47   47 65.0 65.0 1
    7 3228   73   73 54.0 54.0 1
    4  650   47   47 65.0 65.0 1
    5 1758   47   47 65.0 65.0 1
    3  938   73   73 54.0 54.0 1
    1 1713   73    0 54.0 90.0 1
    1  823   47    0 65.0 90.0 1
    3 2493   47    0 65.0 90.0 1
    1 2949   81    0 51.0 90.0 1
    2 2622   81   47 51.0 65.0 1
    1 1930  133   73 37.0 54.0 1
    1 1954  133   47 37.0 65.0 1
    4 3039   47    0 65.0 90.0 1
    4  435  133   47 37.0 65.0 1
    3 2886  133   47 37.0 65.0 1
    7 2536  133   73 37.0 54.0 1
    9 1962   81   73 51.0 54.0 0
    8 1780  133   81 37.0 51.0 1
    4  970   81    0 51.0 90.0 1
    2 2315   81   47 51.0 65.0 0
