 100  20   1   2
    5  689   23   23 77.0 77.0 1
    7 1400   23   23 77.0 77.0 1
    7 1440   27   27 75.0 75.0 1
    3 1546   23   23 77.0 77.0 1
    7 1191   40   40 68.0 68.0 1
    6  380   40   40 68.0 68.0 1
    5  368  133   23 37.0 77.0 1
    4 1702  133   23 37.0 77.0 1
    7 3448  133  133 37.0 37.0 1
    6  618  133    0 37.0 90.0 1
    6 1714   23    0 77.0 90.0 1
    4  835   40   27 68.0 75.0 1
    2  335   23    0 77.0 90.0 0
    6  570   40    0 68.0 90.0 1
    4 1102  133   23 37.0 77.0 1
    6 1766  133    0 37.0 90.0 1
    3  695  133   23 37.0 77.0 0
    3 3390   27   23 75.0 77.0 1
    7 1037  133    0 37.0 90.0 1
    2 1130  133   40 37.0 68.0 1
