 100  30   1   1
    3 1215    7    7 86.0 86.0 1
    3 2669   16   16 81.0 81.0 1
    5 2298   75   75 53.0 53.0 1
    4 2215   36   36 70.0 70.0 1
    3 2252   36   36 70.0 70.0 1
    7 2479   16   16 81.0 81.0 1
    5  530   31   31 73.0 73.0 1
    3  646   36   36 70.0 70.0 1
    2 1135   31   31 73.0 73.0 1
    4 2022    7    7 86.0 86.0 1
    3 2235    7    7 86.0 86.0 1
    4 1339   75   16 53.0 81.0 1
    2 3209    7    0 86.0 90.0 1
    2  748   31    7 73.0 86.0 1
    1 3355   36   16 70.0 81.0 1
    6  944   16    7 81.0 86.0 1
    5 2001   75   31 53.0 73.0 1
    7 1450   75   36 53.0 70.0 1
    1 1318   31    0 73.0 90.0 1
    5 2789   31   16 73.0 81.0 1
    1 2369   16    7 81.0 86.0 1
    1  705   16    7 81.0 86.0 1
    2 3330   75   36 53.0 70.0 1
    2 2411    7    0 86.0 90.0 0
    2 2098   36    0 70.0 90.0 1
    1  822   31    7 73.0 86.0 1
    1 1980   36   31 70.0 73.0 1
    2 2800   36    0 70.0 90.0 1
    7  894   31    7 73.0 86.0 1
    6 2999   31    0 73.0 90.0 1
