 100  20   1   1
    9 2677   93   93 47.0 47.0 1
    2 1132  173    0 30.0 90.0 1
    7 3096  173    0 30.0 90.0 1
    1 3184  173  119 30.0 40.0 1
    1  515   51    5 63.0 87.0 1
    5 2137    7    0 86.0 90.0 0
    7  423  119   51 40.0 63.0 1
    6 1458  173    0 30.0 90.0 1
    7  515    7    0 86.0 90.0 0
    9 2211   93    0 47.0 90.0 1
    2 1792  119   51 40.0 63.0 1
    1 2586  119   93 40.0 47.0 1
    3  393  119    0 40.0 90.0 1
    6 2035    7    5 86.0 87.0 1
    5 2975   93    0 47.0 90.0 1
    2 1428   51    7 63.0 86.0 1
   10 1951    7    0 86.0 90.0 1
    7 1774  119    5 40.0 87.0 1
    9 3304  119   93 40.0 47.0 1
    1  864  173    0 30.0 90.0 1
