 100  30   2   3
    4  353   55   55 61.0 61.0 1
    1 2799   11   11 84.0 84.0 1
    4  859   11   11 84.0 84.0 1
    3 2340   11   11 84.0 84.0 1
    3 2081   81   81 51.0 51.0 1
    5 3466   55   55 61.0 61.0 1
    5 1173   81   81 51.0 51.0 1
    4 1526   90    0 48.0 90.0 1
    1 1935   90   81 48.0 51.0 1
    5 1248   90   11 48.0 84.0 1
    4 1906   51    0 63.0 90.0 1
    3 3405   81   11 51.0 84.0 0
    2 2902   55   11 61.0 84.0 1
    3  568   51   11 63.0 84.0 1
    3 1330   90   11 48.0 84.0 1
    4 3371   90    0 48.0 90.0 0
    2  445   90   11 48.0 84.0 1
    2 2632   81   11 51.0 84.0 1
    5 3212   81   51 51.0 63.0 1
    4 1291   51   11 63.0 84.0 1
    6 3343   55    0 61.0 90.0 1
    4 1055   90   51 48.0 63.0 1
    2 2797   81   11 51.0 84.0 1
    4 2127   90   55 48.0 61.0 1
    1  771   49    0 64.0 90.0 1
    6 3040   40    0 68.0 90.0 0
    2 3592   75    0 53.0 90.0 1
    3  455   75   40 53.0 68.0 1
    4 3261   49   40 64.0 68.0 1
    1 2881   75   40 53.0 68.0 1
