 100  28   1   2
    1 1590   53   53 62.0 62.0 1
    4 1691   45   45 66.0 66.0 1
    4 1240   29   29 74.0 74.0 1
    5  836   53   53 62.0 62.0 1
    4  323   29   29 74.0 74.0 1
    3 1719   45   29 66.0 74.0 1
    1 1027  119   29 40.0 74.0 1
    6 1653   53    0 62.0 90.0 1
    7  769   78   29 52.0 74.0 1
    7  628   78   53 52.0 62.0 1
    6  579   45    0 66.0 90.0 1
    1 1400  119   45 40.0 66.0 1
    4 1416   23    0 77.0 90.0 1
    5  358   45    0 66.0 90.0 1
    4  656   78   45 52.0 66.0 1
    4 1508   78   23 52.0 77.0 1
    1 1201  119   53 40.0 62.0 1
    2  777  119    0 40.0 90.0 1
    2 1309   53   45 62.0 66.0 1
    4 1382   23    0 77.0 90.0 1
    1 1012  119   23 40.0 77.0 1
    1 1524   53   29 62.0 74.0 1
    6  611   29   23 74.0 77.0 1
    3  488   78    0 52.0 90.0 1
    2 2721  119   53 40.0 62.0 1
    5 2912  119   45 40.0 66.0 1
    3  507   45   23 66.0 77.0 1
    4 1038   78   23 52.0 77.0 1
