 100  20   2   4
    4 1675   70   70 55.0 55.0 1
    1 1496   32   32 72.0 72.0 1
    8 1592   19   19 79.0 79.0 1
    5  889   32   32 72.0 72.0 1
    8  740   55    0 61.0 90.0 1
    5 1188   32   19 72.0 79.0 1
    5 1638   55   19 61.0 79.0 1
    4 1786   32   19 72.0 79.0 0
    1  821   70   19 55.0 79.0 1
    1  733   70   55 55.0 61.0 1
    1 3188  154   55 33.0 61.0 1
    1 1728   40    0 68.0 90.0 1
   10  696   49    0 64.0 90.0 1
    1  431   90   49 48.0 64.0 1
   10 2791   53    0 62.0 90.0 1
    2 1357   53   49 62.0 64.0 1
   10 1500   49   34 64.0 71.0 1
    3 3336   90   49 48.0 64.0 0
    8  719   40    0 68.0 90.0 1
   12 1470  100   53 45.0 62.0 1
