 100  17   1   2
   11 3197   90   90 48.0 48.0 1
    8 1587   90   90 48.0 48.0 1
    8 1395   67   67 56.0 56.0 1
    4 1313   90   90 48.0 48.0 1
    2 1778  104  104 44.0 44.0 1
    2  864   67   67 56.0 56.0 1
    1  340   67   36 56.0 70.0 1
    1  486  104   36 44.0 70.0 1
   12  583   36    3 70.0 88.0 1
    6 1779   36    0 70.0 90.0 1
    3 1578   67    3 56.0 88.0 1
   10  393   90   36 48.0 70.0 1
    5  504  104    3 44.0 88.0 1
    1  333  104   36 44.0 70.0 1
   13  402   90    0 48.0 90.0 1
    3  901   67   36 56.0 70.0 1
   10  916   67    0 56.0 90.0 1
