 100  16   1   1
    8 1944  119  119 40.0 40.0 1
   13  862  119  119 40.0 40.0 1
   10 2524  119  119 40.0 40.0 1
    5 2693  119  119 40.0 40.0 1
   13  642   87   87 49.0 49.0 1
   11 2573    2    2 89.0 89.0 1
    6 1738   27   27 75.0 75.0 1
    1 2450  119    0 40.0 90.0 1
    1 1778  119  119 40.0 40.0 1
    5 1816   60    2 59.0 89.0 1
    2 2518  119  119 40.0 40.0 1
    4  894   87    2 49.0 89.0 1
    1 3548  119  119 40.0 40.0 1
    5 1047   27    2 75.0 89.0 1
    8  850    2    0 89.0 90.0 1
    7 2973   87   60 49.0 59.0 0
