 100  25   2   4
    7  456   81   81 51.0 51.0 1
    7  901   90   81 48.0 51.0 1
    5  940   90    0 48.0 90.0 1
    3  867  160   90 32.0 48.0 0
    7  990   81    0 51.0 90.0 1
    7  312   21    0 78.0 90.0 1
    1 1677   81   42 51.0 67.0 1
    6 1625   21    0 78.0 90.0 1
    4 3280   81   42 51.0 67.0 1
    4 1326  160   90 32.0 48.0 1
    7 1706   78   42 52.0 67.0 1
    7 1764   78   42 52.0 67.0 1
    6  766   81   42 51.0 67.0 1
    5 1733   90    0 48.0 90.0 0
    3  692  160    0 32.0 90.0 1
    2  409   81   78 51.0 52.0 1
    1  577  160   81 32.0 51.0 1
    6 1063  123   67 39.0 56.0 1
    1 3255   67    0 56.0 90.0 1
    1  998   67    0 56.0 90.0 1
    1 1774   67    0 56.0 90.0 1
    2  315  123    0 39.0 90.0 1
    2 2878   67   67 56.0 56.0 1
    2  420   67    0 56.0 90.0 1
    3  431  123    0 39.0 90.0 1
