 100  18   1   2
    6 1103   14   14 82.0 82.0 1
    7 1696   81   81 51.0 51.0 1
    4 1067   14    0 82.0 90.0 1
    4 1200   14    0 82.0 90.0 1
    8 1391   58   55 60.0 61.0 1
    7 1449   58   14 60.0 82.0 1
    3 1622   58    0 60.0 90.0 1
    1  740  107   81 43.0 51.0 1
    8  536  107   81 43.0 51.0 1
    5 3332   81   14 51.0 82.0 1
    1 1265   81   58 51.0 60.0 1
    3  771   81   14 51.0 82.0 1
    7  464   55    0 61.0 90.0 1
    1  981   58   55 60.0 61.0 1
    8 1564  107    0 43.0 90.0 0
    9 1214   14    0 82.0 90.0 1
   10  773   81   58 51.0 60.0 1
    8 1698   58    0 60.0 90.0 1
