 100  22   1   6
    4  563   90   90 48.0 48.0 1
    2  580   90   90 48.0 48.0 1
    6 1386   16   16 81.0 81.0 1
    5  841   16   16 81.0 81.0 1
    2 1053   81   14 51.0 82.0 1
    7 1069   90    0 48.0 90.0 1
    4 1677  173   16 30.0 81.0 0
    4 2701  173   16 30.0 81.0 1
    4  988   16   14 81.0 82.0 0
    3  837   16    0 81.0 90.0 1
    5  579   16    0 81.0 90.0 1
    4 1389   90   14 48.0 82.0 1
    2 1496   90   16 48.0 81.0 0
    6 1465  173   16 30.0 81.0 1
    5 1523   81   14 51.0 82.0 1
    6 1239   14    0 82.0 90.0 1
    6 1089   81   14 51.0 82.0 1
    4  648   81   16 51.0 81.0 1
    3 1680   14    0 82.0 90.0 1
    6 3238   81   14 51.0 82.0 1
    6  961   81   16 51.0 81.0 1
    6 1690   90   16 48.0 81.0 1
