 100  25   2   7
    5 3376   47   47 65.0 65.0 1
    2  775  100  100 45.0 45.0 1
    3 2043  148   90 34.0 48.0 1
    3 2379   90    7 48.0 86.0 1
    5 3207  100   47 45.0 65.0 1
    2 2423   93   90 47.0 48.0 1
    3 1715  148   90 34.0 48.0 1
    5 2080  148   90 34.0 48.0 1
    6 3460  107  100 43.0 45.0 1
    4 2119  100   47 45.0 65.0 0
    4 1788  100   47 45.0 65.0 1
    2 1788   65    0 57.0 90.0 1
    4 2612   65   31 57.0 73.0 1
    3 2407   40   34 68.0 71.0 1
    5 2180   70    0 55.0 90.0 1
    6 1192   40   34 68.0 71.0 1
    4 3074   70   40 55.0 68.0 1
    6 1016   70   34 55.0 71.0 1
    7 1572   40    0 68.0 90.0 1
    3 1149   70   65 55.0 57.0 1
    3  648   31   23 73.0 77.0 1
    5 2422   23    0 77.0 90.0 1
    2  439   45   40 66.0 68.0 1
    5 3253   70   23 55.0 77.0 1
    3 3283   65   34 57.0 71.0 1
