 100  24   1   5
    1 3357  100  100 45.0 45.0 1
    5 3330  104  104 44.0 44.0 0
    5 1254  104  104 44.0 44.0 1
    5  866  100  100 45.0 45.0 0
    5 2437  100  100 45.0 45.0 1
    4  392  100   75 45.0 53.0 1
    3  412   75    0 53.0 90.0 1
    3 2322  104   75 44.0 53.0 1
    5  530  104  100 44.0 45.0 1
    6 2873  100    0 45.0 90.0 1
    6 2583  100   75 45.0 53.0 1
    4 1596  100    0 45.0 90.0 1
    2 3571  104   75 44.0 53.0 0
    2 3058  104    0 44.0 90.0 1
    6 2655  104    0 44.0 90.0 1
    6  597  104    0 44.0 90.0 1
    2  935  104   75 44.0 53.0 1
    4 1458  104  100 44.0 45.0 1
    2 3215  100   75 45.0 53.0 1
    1 2468  100    0 45.0 90.0 1
    5 3546  104  100 44.0 45.0 1
    5 1762  104   75 44.0 53.0 1
    7 1985   75    0 53.0 90.0 1
    6  644   75    0 53.0 90.0 1
