 100  27   1   6
    3 1117   97   97 46.0 46.0 1
    1  439   97   97 46.0 46.0 1
    1 3047   67   67 56.0 56.0 1
    2 1668   97   97 46.0 46.0 1
    5  586    9    9 85.0 85.0 1
    3 1387   67   67 56.0 56.0 1
    5  528   97    0 46.0 90.0 1
    2 1717   67    9 56.0 85.0 1
    5  925   97    9 46.0 85.0 1
    3 1608   97    9 46.0 85.0 1
    5 1671   97    0 46.0 90.0 1
    4 1704   67    9 56.0 85.0 1
    2 1461   67    0 56.0 90.0 1
    4  654   97    0 46.0 90.0 1
    6 1238   67    9 56.0 85.0 1
    4 2869    9    0 85.0 90.0 1
    5  446   67    9 56.0 85.0 1
    5 1665   97   67 46.0 56.0 1
    4  916    9    0 85.0 90.0 1
    6  918   97    0 46.0 90.0 1
    5 1732   97    0 46.0 90.0 1
    5  456   97    9 46.0 85.0 1
    2 1234    9    0 85.0 90.0 1
    4 1175    9    0 85.0 90.0 1
    2 1141   97   67 46.0 56.0 1
    2 1585   97   67 46.0 56.0 0
    5  941    9    0 85.0 90.0 1
