 100  17   1   6
    8 1243   32   32 72.0 72.0 1
    4  531   21   21 78.0 78.0 1
    9 1673   32   21 72.0 78.0 1
    4 1358   21    0 78.0 90.0 1
    3  851   32    0 72.0 90.0 1
    8  975   11    0 84.0 90.0 0
    3  588   32   11 72.0 84.0 1
    3 1773   21   11 78.0 84.0 1
    4  578   32   21 72.0 78.0 1
   10  898   21    0 78.0 90.0 1
    8  592   21   11 78.0 84.0 0
    9 1359   21    0 78.0 90.0 0
    6 2877   21    0 78.0 90.0 1
    4  958   32    0 72.0 90.0 1
    6  547   32   11 72.0 84.0 0
    5 1292   32   11 72.0 84.0 1
    6 3245   32   21 72.0 78.0 1
