 100  16   1   5
    5 2671   81   81 51.0 51.0 1
    9 2437   32   32 72.0 72.0 0
    5 2556   97   97 46.0 46.0 1
    7 2120   62   62 58.0 58.0 1
    6 1325   97   97 46.0 46.0 1
    3 2925   25   25 76.0 76.0 1
    5 2843   25    0 76.0 90.0 0
    8 2074   58    0 60.0 90.0 1
    6 2879   67    0 56.0 90.0 1
    8  303   81   62 51.0 58.0 1
    8 2968   97   32 46.0 72.0 1
    4 1618   67   58 56.0 60.0 1
    4 3520   97    0 46.0 90.0 1
   10 2269   97   58 46.0 60.0 1
    3 3567   97   62 46.0 58.0 1
    9 1934   32   11 72.0 84.0 1
