 100  19   2   7
    5  625  107   21 43.0 78.0 1
    8 1269  107   21 43.0 78.0 1
    6  893  128    0 38.0 90.0 1
    5 1774   62    0 58.0 90.0 1
    7 3348  128   21 38.0 78.0 1
    3 2710  107    0 43.0 90.0 1
    4 1326  107   62 43.0 58.0 1
    8 2190  104    0 44.0 90.0 1
    5 2417   65    0 57.0 90.0 1
    2 2813  104    0 44.0 90.0 1
    8 3435  104   65 44.0 57.0 1
    4  923  104   65 44.0 57.0 1
    4 2203   65    0 57.0 90.0 0
    8 2100   65    0 57.0 90.0 1
    4 2163  104    0 44.0 90.0 0
    3 3310  104   65 44.0 57.0 0
    6  791  104    0 44.0 90.0 1
    7  318   65    0 57.0 90.0 1
    3 1747  104   65 44.0 57.0 0
