 100  19   1   6
    2 1068   97   16 46.0 81.0 1
    6 1280   60   25 59.0 76.0 1
    6  797   97    0 46.0 90.0 1
    6 1294   25   11 76.0 84.0 1
    7  688   97   55 46.0 61.0 0
    6 1625   25   11 76.0 84.0 1
    6  896   55    0 61.0 90.0 1
    5 1018   60   16 59.0 81.0 1
    6  433   25    0 76.0 90.0 1
    7 1075   60   25 59.0 76.0 1
    3  993   60   25 59.0 76.0 1
    3  704   97   55 46.0 61.0 1
    8  773   60   25 59.0 76.0 1
    8 3136   60   55 59.0 61.0 0
    3 2878   16   11 81.0 84.0 1
    7 1667   25   11 76.0 84.0 1
    4 1268   60   25 59.0 76.0 1
    4  411   60   11 59.0 84.0 1
    3  955   55    0 61.0 90.0 1
