 100  28   5   8
    3 2878    7    7 86.0 86.0 1
    2  481  123   87 39.0 49.0 1
    1 1717  123    7 39.0 86.0 1
    2 1736  123    0 39.0 90.0 1
    3 1371    7    0 86.0 90.0 1
    6 1134   90   45 48.0 66.0 1
    6 1106   45    0 66.0 90.0 1
    1  546   90    0 48.0 90.0 1
    2 1557   90   58 48.0 60.0 1
    4 2911   58    0 60.0 90.0 0
    5 3360   58   45 60.0 66.0 1
    3 1567  115    0 41.0 90.0 1
    4  842  100    5 45.0 87.0 1
    3 1544  115    5 41.0 87.0 0
    4 2911  115   87 41.0 49.0 1
    2 3490  115   87 41.0 49.0 1
    4  995  111  100 42.0 45.0 1
    4 2907  100    0 45.0 90.0 1
    3 1607  111  100 42.0 45.0 1
    5  540  100    2 45.0 89.0 1
    4 2929  100    0 45.0 90.0 1
    5 1423   53    0 62.0 90.0 1
    3 1539   81    0 51.0 90.0 1
    5  620   53    0 62.0 90.0 1
    2 3552   81   53 51.0 62.0 1
    6 3362   81    0 51.0 90.0 0
    3  706   81   53 51.0 62.0 1
    5 1322   53    0 62.0 90.0 1
