 100  20   1   5
    6 1535   25   25 76.0 76.0 1
    3 3531   16   16 81.0 81.0 1
    4 1707    7    7 86.0 86.0 1
    3  606   25    0 76.0 90.0 1
    5 1716   25   16 76.0 81.0 1
    7 3383   87    7 49.0 86.0 1
    5 2861   87   25 49.0 76.0 1
    4  346   87    7 49.0 86.0 0
    2 2775   25    7 76.0 86.0 1
    6 3478   87    9 49.0 85.0 0
    5  519   25   16 76.0 81.0 1
    8  598   87    7 49.0 86.0 1
    4 3329   87    9 49.0 85.0 1
    7 1034   87    7 49.0 86.0 1
    5 1504    7    0 86.0 90.0 1
    4  632   87    9 49.0 85.0 1
    6 1576   25    9 76.0 85.0 1
    6 1750   25    7 76.0 86.0 1
    4  966    9    7 85.0 86.0 1
    6 2743   25   16 76.0 81.0 1
