 100  19   3   8
    8 1317   60   60 59.0 59.0 1
    5 1279   23    3 77.0 88.0 1
    4  651   60    3 59.0 88.0 1
    3  845   23    3 77.0 88.0 1
    2 1598   23    0 77.0 90.0 1
    5 2798   60    0 59.0 90.0 1
    6  675   60    2 59.0 89.0 1
    7 2975  148    0 34.0 90.0 1
    4 3281   29    0 74.0 90.0 1
    3 2820   81   32 51.0 72.0 1
    7 2726    5    0 87.0 90.0 1
    7 2601  148   29 34.0 74.0 1
    4  495  148    5 34.0 87.0 1
    6 1963  143   55 35.0 61.0 1
    3 2757  138   36 36.0 70.0 1
    8 1653   36   18 70.0 80.0 1
    6 2074  138    0 36.0 90.0 1
    6 2292  138    0 36.0 90.0 1
    6 1402   55   11 61.0 84.0 1
