 100  20   4   7
    5 1668   70   70 55.0 55.0 1
    5 1920   70   70 55.0 55.0 1
    6 1591  111    0 42.0 90.0 1
    6 2357   70    0 55.0 90.0 1
    6 2139  111   70 42.0 55.0 0
    5  468   34    0 71.0 90.0 0
    6 3212  123   62 39.0 58.0 0
    3 3496   45   34 66.0 71.0 1
    2 2652   67    5 56.0 87.0 1
    6 1692  154    0 33.0 90.0 1
    3 2895   49    0 64.0 90.0 1
    6 3302   65   49 57.0 64.0 1
    4 2608   65   49 57.0 64.0 1
    4 1109   81   38 51.0 69.0 1
    3 3192   65   16 57.0 81.0 0
    8  490  119    0 40.0 90.0 1
    5  869  148   27 34.0 75.0 1
    6 1839  128   84 38.0 50.0 1
    4 2440  128   27 38.0 75.0 1
    7  508  148   27 34.0 75.0 1
