 100  21   1   6
    7  796   34   34 71.0 71.0 1
    4 3211   42   42 67.0 67.0 0
    4  851  123  123 39.0 39.0 1
    8  912   25   25 76.0 76.0 1
    6 2948   21   21 78.0 78.0 1
    3 1328   42   42 67.0 67.0 1
    4 1409  123  123 39.0 39.0 1
    6 1612   25   25 76.0 76.0 1
    3  748   36   36 70.0 70.0 1
    4  461  123   42 39.0 67.0 1
    3  711   42   31 67.0 73.0 1
    3 1241  123    0 39.0 90.0 1
    4 1325   34   25 71.0 76.0 1
    4  648   21    0 78.0 90.0 1
    3  936   34   25 71.0 76.0 1
    4  911   25    0 76.0 90.0 1
    4 1340   42   34 67.0 71.0 1
    9 1030   42   34 67.0 71.0 0
    8 1194  123    0 39.0 90.0 1
    6  769  123   34 39.0 71.0 1
    3 1167   31    0 73.0 90.0 1
