 100  19   2   8
    3 1109   97   97 46.0 46.0 1
    7 1777   97   97 46.0 46.0 1
    9 3436   97   97 46.0 46.0 1
    4  568   21   21 78.0 78.0 0
    4 1540  100   11 45.0 84.0 0
    3 1698   97   45 46.0 66.0 1
    7  922   18    3 80.0 88.0 1
    5  880   21   11 78.0 84.0 1
    3 3428  173   45 30.0 66.0 1
    6  356   45   11 66.0 84.0 1
    7  971   18   11 80.0 84.0 1
    7  499  100   19 45.0 79.0 1
    8 1381  133   78 37.0 52.0 1
    5  814  133    0 37.0 90.0 1
    2 1787   78    0 52.0 90.0 0
    2 1037  133  104 37.0 44.0 1
    8 1723  104   78 44.0 52.0 1
    6 3351  133  104 37.0 44.0 1
    4 3574   78    0 52.0 90.0 1
