 100  15   1   6
    9 1513   12   12 83.0 83.0 1
    5  846   70   70 55.0 55.0 0
    8 1238   32   32 72.0 72.0 1
    5 1326   32   32 72.0 72.0 1
    8  351   12   12 83.0 83.0 1
    5 1800   42   42 67.0 67.0 1
    7 1155   12   12 83.0 83.0 1
    7  350   87   32 49.0 72.0 1
    8  480  154   42 33.0 67.0 1
    6 3005   32   32 72.0 72.0 1
    4 1724   87   70 49.0 55.0 1
    7  448  123   32 39.0 72.0 1
    5  471   87   42 49.0 67.0 1
    8 1123   87   42 49.0 67.0 1
    8 1726   42   32 67.0 72.0 1
