 100  18   1   6
    7 1356   49   49 64.0 64.0 1
    5  736   29   29 74.0 74.0 1
    6 3222   49   49 64.0 64.0 1
    4 1406   49   49 64.0 64.0 0
    5  934   27   27 75.0 75.0 0
    8 1026   49   29 64.0 74.0 1
    4  637   49    0 64.0 90.0 1
    4  305   49   27 64.0 75.0 1
    5  495   55   49 61.0 64.0 1
    5 1692   55   29 61.0 74.0 1
    8  386   29    0 74.0 90.0 1
    7 1284   49    0 64.0 90.0 1
    7 1735   29   27 74.0 75.0 1
    5 1721   29    0 74.0 90.0 1
    8  685   49   27 64.0 75.0 1
    7  858   29   27 74.0 75.0 0
    2 1679   49   29 64.0 74.0 1
    3  873   55    0 61.0 90.0 1
