 100  17   2   8
    3  773   25   25 76.0 76.0 1
    4  350   87   87 49.0 49.0 1
    4 3308  107  107 43.0 43.0 1
    5  930  166  166 31.0 31.0 1
    5 1620   62   62 58.0 58.0 1
   10  857   62   25 58.0 76.0 0
    5  811   29   25 74.0 76.0 1
    6  569  107   62 43.0 58.0 1
    4 1049   29    0 74.0 90.0 1
    5  630  166   62 31.0 58.0 1
    7 1132  107    0 43.0 90.0 1
   11  576   62   62 58.0 58.0 1
    7 1532  111   62 42.0 58.0 1
    4 2857  111   16 42.0 81.0 1
    5  683   49   14 64.0 82.0 0
   11 1511   16   14 81.0 82.0 1
    4 1759   62    9 58.0 85.0 1
