 100  24   4   7
    7 1907   31   31 73.0 73.0 1
    7 1619  173  173 30.0 30.0 1
    4 2064   31    0 73.0 90.0 1
    3  830   31   12 73.0 83.0 1
    4 2959   87   36 49.0 70.0 1
    6  702  107   45 43.0 66.0 1
    2 3250   36   31 70.0 73.0 1
    4 2297  173   67 30.0 56.0 1
    6 1288   21    0 78.0 90.0 1
    3  827   93    0 47.0 90.0 0
    3  636   93   67 47.0 56.0 1
    3  714   75    0 53.0 90.0 1
    4  635   36    5 70.0 87.0 1
    6 3403   49   36 64.0 70.0 1
    3 3561   18    5 80.0 87.0 1
    5 1022  138   55 36.0 61.0 1
    4  627   49   18 64.0 80.0 1
    2 1010  138   49 36.0 64.0 1
    3  373   67   36 56.0 70.0 1
    4 1495   67   62 56.0 58.0 0
    6 1024   62   29 58.0 74.0 1
    5 2145   32    0 72.0 90.0 1
    4 1300   21    0 78.0 90.0 1
    2 3310   55   21 61.0 78.0 1
