 100  21   4   7
    7 1009    9    9 85.0 85.0 1
    3  406   11   11 84.0 84.0 1
    6 1667    9    0 85.0 90.0 1
    4 1829  100   27 45.0 75.0 1
    4 2047   27   14 75.0 82.0 1
    2 1795  128   42 38.0 67.0 1
    4 3586  128  100 38.0 45.0 1
    5  924   31    0 73.0 90.0 0
    5 3132  128  100 38.0 45.0 1
    6 3542   31   19 73.0 79.0 1
    5 2276  128   62 38.0 58.0 1
    5 3500   23    0 77.0 90.0 1
    3 1210  133  128 37.0 38.0 1
    7  677  133    9 37.0 85.0 1
    6  452    9    0 85.0 90.0 1
    5 1789   27    9 75.0 85.0 1
    7 2545   87   29 49.0 74.0 1
    6 1599  115   87 41.0 49.0 1
    2 1497  115   21 41.0 78.0 1
    4 2015   29    0 74.0 90.0 0
    4 2163  115   29 41.0 74.0 1
