 100  21   2   8
    7  734   16   16 81.0 81.0 1
    7 3264  111  111 42.0 42.0 1
    3  814   16    0 81.0 90.0 1
    4  391   16    9 81.0 85.0 1
    7  868   81    9 51.0 85.0 1
    6  304   16   16 81.0 81.0 1
    8  620   16    0 81.0 90.0 1
    6 1743  111    0 42.0 90.0 1
    6  306   93    0 47.0 90.0 1
    6 1526   16    9 81.0 85.0 1
    7 1384   84   67 50.0 56.0 0
    7 1117   73    0 54.0 90.0 1
    2  509   60    0 59.0 90.0 1
    2 3173   73   31 54.0 73.0 1
    3  358   84   60 50.0 59.0 1
    2  965   73   67 54.0 56.0 1
    2 3113  148   84 34.0 50.0 0
    6 1246   73   31 54.0 73.0 1
    3  749  148   84 34.0 50.0 0
    3 1429   67   60 56.0 59.0 1
    3  441   73    0 54.0 90.0 1
