 100  23   2   7
    6 2995   23   23 77.0 77.0 1
    2 2117   42   34 67.0 71.0 0
    3 1237   55    0 61.0 90.0 1
    2 1532   23    0 77.0 90.0 0
    4 1711   55    0 61.0 90.0 1
    4 2941   34   23 71.0 77.0 1
    6 1095   42   34 67.0 71.0 1
    3 3039   55    0 61.0 90.0 1
    4 2613   19    2 79.0 89.0 1
    4 2627    2    0 89.0 90.0 1
    6 2198   19    2 79.0 89.0 1
    6  407   42    2 67.0 89.0 1
    7 2035   19    0 79.0 90.0 1
    6 1313   42    0 67.0 90.0 1
    4 3245   19    0 79.0 90.0 1
    6 1214   42    2 67.0 89.0 1
    1  339    2    0 89.0 90.0 1
    3 1402   19    2 79.0 89.0 1
    6 2514   42    2 67.0 89.0 1
    3 2274   42    2 67.0 89.0 1
    3  667   42    2 67.0 89.0 0
    7 1032   19    0 79.0 90.0 1
    4 2331   42    2 67.0 89.0 1
