 100  19   3   8
    6 1609  143  143 35.0 35.0 1
    5 2904   60   60 59.0 59.0 1
    5 1061    7    7 86.0 86.0 1
    8  735  128   78 38.0 52.0 0
    8  409   78   73 52.0 54.0 1
    8 1481  128   73 38.0 54.0 1
    6 2988  143   60 35.0 59.0 1
    4 1283   73   16 54.0 81.0 0
    2  505  173    0 30.0 90.0 1
    3  472   62    9 58.0 85.0 1
    3 1630   12    2 83.0 89.0 1
    7 1421    9    2 85.0 89.0 1
    4 3118    2    0 89.0 90.0 1
    2 1889   97   42 46.0 67.0 1
    8 1439  133    0 37.0 90.0 1
    7  866  133    0 37.0 90.0 1
    7 3086  133  115 37.0 41.0 1
    2 1309  115   14 41.0 82.0 1
    5 1029  133   97 37.0 46.0 1
