 100  18   1   5
    3 1318   36   36 70.0 70.0 1
    8 3403   62   62 58.0 58.0 1
    9 3563   36   36 70.0 70.0 1
    4 1676   36   36 70.0 70.0 1
    4 2107   36   36 70.0 70.0 1
    7 2666   62   62 58.0 58.0 1
    4 1937   62   62 58.0 58.0 1
    7 3050   36   36 70.0 70.0 1
    5  346   36    0 70.0 90.0 1
    9  746   36    0 70.0 90.0 1
    2 1554   62   36 58.0 70.0 1
    9 1352   62   36 58.0 70.0 1
    2 3055   36    0 70.0 90.0 1
    4 1167   62   36 58.0 70.0 1
    6 3330   62    0 58.0 90.0 1
    9 2847   62   36 58.0 70.0 1
    4 2948   36    0 70.0 90.0 1
    4 2351   62    0 58.0 90.0 1
