 100  27   1   5
    3 2698   62   62 58.0 58.0 0
    5 1814   62   62 58.0 58.0 1
    2 1660   62   62 58.0 58.0 1
    4 1721   62   62 58.0 58.0 1
    1 3378   62   62 58.0 58.0 1
    5  792   62   62 58.0 58.0 1
    5 1205  143  143 35.0 35.0 1
    4 2963  143  143 35.0 35.0 1
    2 3591   62   62 58.0 58.0 0
    5  975   62    0 58.0 90.0 1
    2 2748  143   62 35.0 58.0 1
    3  987  143    0 35.0 90.0 1
    2 2910  143    0 35.0 90.0 1
    5 3113  143    0 35.0 90.0 1
    5 2765   62    0 58.0 90.0 1
    5 1684  143   62 35.0 58.0 0
    6 1437   62    0 58.0 90.0 1
    3 3276   62    0 58.0 90.0 1
    4 1503   62    0 58.0 90.0 1
    3  803  143    0 35.0 90.0 1
    3 2785   62    0 58.0 90.0 1
    5 2846  143    0 35.0 90.0 1
    6 2654  143   62 35.0 58.0 0
    2 2098  143   62 35.0 58.0 1
    3 1422  143   62 35.0 58.0 1
    2 2040  143   62 35.0 58.0 1
    5 3548  143   62 35.0 58.0 1
