 100  26   5   7
    5 2327   70   70 55.0 55.0 1
    3 1592   67   67 56.0 56.0 1
    5 1336  128    0 38.0 90.0 0
    3 3455   70   51 55.0 63.0 1
    4 1527  128   70 38.0 55.0 1
    6 1316   65   38 57.0 69.0 1
    4 3194  104   38 44.0 69.0 1
    2 2093  119   55 40.0 61.0 1
    4 2481   14    0 82.0 90.0 1
    6 2892   55    0 61.0 90.0 1
    2 2350   90   65 48.0 57.0 1
    1 1690   23   12 77.0 83.0 1
    4 1446   73   12 54.0 83.0 1
    1 3519   23   12 77.0 83.0 1
    5 1591   73    0 54.0 90.0 1
    5 3246   12    0 83.0 90.0 1
    3  709  128  104 38.0 44.0 1
    3 3145   31    9 73.0 85.0 1
    4  864  128   31 38.0 73.0 1
    3 1360  128   31 38.0 73.0 1
    2  470   31   16 73.0 81.0 0
    4 1910   16   11 81.0 84.0 1
    5 3350   16    0 81.0 90.0 1
    6 1131   11    0 84.0 90.0 1
    5  660   16   11 81.0 84.0 1
    5 2867   11    0 84.0 90.0 1
