 100  27   3   7
    5 1842  107  107 43.0 43.0 1
    6  791  107   75 43.0 53.0 0
    5 2296  107    0 43.0 90.0 1
    4 1651  107    0 43.0 90.0 0
    6 2184  107    0 43.0 90.0 1
    5 1757   23    0 77.0 90.0 1
    4 2298   47   23 65.0 77.0 1
    2 3491   47   23 65.0 77.0 1
    5  744   23    2 77.0 89.0 1
    1 1706   23    2 77.0 89.0 1
    3 3182    2    0 89.0 90.0 1
    1 1416   23    2 77.0 89.0 0
    2  522    2    0 89.0 90.0 1
    5  732   18    0 80.0 90.0 1
    5 3422  107    0 43.0 90.0 0
    6  674   23   18 77.0 80.0 1
    5 2302   23   18 77.0 80.0 0
    2 2248  107    0 43.0 90.0 1
    4  468   23   18 77.0 80.0 1
    3  994   23   18 77.0 80.0 1
    2 2574  107   18 43.0 80.0 1
    4 2991  107   23 43.0 77.0 0
    2  980  107    0 43.0 90.0 1
    3 2145   18    0 80.0 90.0 1
    4 2452  107   18 43.0 80.0 0
    1 2047  107   23 43.0 77.0 1
    5 1541  107   23 43.0 77.0 1
