 100  29   2   8
    5  344   70   70 55.0 55.0 0
    4  426    9    9 85.0 85.0 1
    4  747   31    7 73.0 86.0 1
    2 1679   70    9 55.0 85.0 1
    5 1306   62   29 58.0 74.0 1
    2 1231   62   31 58.0 73.0 1
    4 3065   87   31 49.0 73.0 1
    5 2462   62    0 58.0 90.0 1
    4 3337   62   25 58.0 76.0 1
    2 2883  104    0 44.0 90.0 1
    2 3455   62   14 58.0 82.0 1
    2 2074  104   62 44.0 58.0 1
    3 2811   32    0 72.0 90.0 1
    3 1374  104   14 44.0 82.0 1
    3 3492   62   25 58.0 76.0 1
    1 1443   58   14 60.0 82.0 1
    3 1097  104   14 44.0 82.0 1
    3 2868  104    0 44.0 90.0 1
    5 1898  104    0 44.0 90.0 1
    1 3483  104    0 44.0 90.0 1
    5 2254  104   32 44.0 72.0 1
    5 2397  104   62 44.0 58.0 0
    5  494   32   25 72.0 76.0 1
    4 1686   58   32 60.0 72.0 1
    5  926  104   14 44.0 82.0 1
    2  374   58   32 60.0 72.0 1
    5 1051  104   25 44.0 76.0 1
    5 2008   62   25 58.0 76.0 1
    1 2591  104    0 44.0 90.0 1
