 100  20   4   8
    6 1141  123   67 39.0 56.0 1
    6 3186   81    0 51.0 90.0 1
    7  407   67   60 56.0 59.0 1
    3 3464   81    0 51.0 90.0 1
    4  368   67    0 56.0 90.0 1
    7 3335   81   62 51.0 58.0 1
    4 1698  100   81 45.0 51.0 1
    7  896   81   21 51.0 78.0 0
    8 3310   21    0 78.0 90.0 1
    6  519   81   25 51.0 76.0 1
    3 1258   29    0 74.0 90.0 1
    3  872   18    0 80.0 90.0 0
    3 1443  160  138 32.0 36.0 1
    6  358  148    0 34.0 90.0 1
    2 3382  143   12 35.0 83.0 1
    3 3077   84   58 50.0 60.0 1
    4  975   93    0 47.0 90.0 1
    6  970  119   93 40.0 47.0 1
    7 1682   93   84 47.0 50.0 1
    5 1788   93    0 47.0 90.0 1
