 100  16   1   5
    5 3587  111  111 42.0 42.0 1
    4 2712   65   65 57.0 57.0 1
    8  953  111   65 42.0 57.0 1
    9  656  111   65 42.0 57.0 1
    6 2147  111   65 42.0 57.0 1
    9 2369  111   65 42.0 57.0 1
    7 1938  111    0 42.0 90.0 1
    6 3569  111   65 42.0 57.0 1
    9 1964   65    0 57.0 90.0 1
    4 1213  111    0 42.0 90.0 1
    3 2206  111    0 42.0 90.0 1
    6 3344  111    0 42.0 90.0 1
    5 1839  111    0 42.0 90.0 1
    8 3112   65    0 57.0 90.0 1
    5  882  111    0 42.0 90.0 1
    6 1814  111   65 42.0 57.0 1
