 100  29   4   8
    5  835   31   31 73.0 73.0 1
    1 3372  160    0 32.0 90.0 1
    2  681  119   70 40.0 55.0 1
    6 1184   62   60 58.0 59.0 1
    3  784  160    0 32.0 90.0 1
    1 3240   70   31 55.0 73.0 0
    4 1417  119    0 40.0 90.0 1
    2 3480   67   14 56.0 82.0 1
    4  742   67   14 56.0 82.0 1
    2 1212   51   34 63.0 71.0 0
    2 3473  115   49 41.0 64.0 1
    2 1061   34   14 71.0 82.0 1
    5  737  115   49 41.0 64.0 1
    2  893  138  111 36.0 42.0 1
    4 3126  111   73 42.0 54.0 0
    5  551  111   73 42.0 54.0 1
    5 3186  160  111 32.0 42.0 1
    5 1359  160   73 32.0 54.0 1
    3 1731  138  111 36.0 42.0 1
    5  667  111    0 42.0 90.0 0
    5 2972  154  128 33.0 38.0 1
    5  602  128   45 38.0 66.0 1
    3  952  107   75 43.0 53.0 1
    2 1718  160  128 32.0 38.0 1
    1  449   75   45 53.0 66.0 1
    4  311  107    0 43.0 90.0 1
    2 1378   75    0 53.0 90.0 1
    5 3183  154  107 33.0 43.0 1
    5 1566  160   75 32.0 53.0 1
