 100  29   1   5
    3 3560   70   70 55.0 55.0 1
    4  686   70   70 55.0 55.0 1
    2 2359   70   70 55.0 55.0 0
    2 2697   70   70 55.0 55.0 0
    6 1686  111  111 42.0 42.0 1
    4 3481  111  111 42.0 42.0 1
    2  735  111  111 42.0 42.0 1
    2 1816   70   70 55.0 55.0 1
    2 1197   70   70 55.0 55.0 1
    2 3539   70   70 55.0 55.0 1
    5 3347  111  111 42.0 42.0 1
    1 1606   70   70 55.0 55.0 1
    4 3091   70   70 55.0 55.0 0
    4 1127  111  111 42.0 42.0 1
    3 1079  111    0 42.0 90.0 1
    6 1315  111   70 42.0 55.0 1
    5 1596  111   70 42.0 55.0 1
    4 1310  111    0 42.0 90.0 1
    1  777  111   70 42.0 55.0 1
    2 3058   70    0 55.0 90.0 1
    1 3307   70    0 55.0 90.0 0
    3 2022  111   70 42.0 55.0 1
    4 2619  111    0 42.0 90.0 1
    5 1379  111   70 42.0 55.0 1
    4 2828  111    0 42.0 90.0 1
    3 2309  111   70 42.0 55.0 1
    4 3195   70    0 55.0 90.0 1
    7  544   70    0 55.0 90.0 1
    5 3102  111   70 42.0 55.0 1
