 100  25   2   7
    5 2010   18   18 80.0 80.0 1
    5 3047   18   18 80.0 80.0 1
    5  948   53    9 62.0 85.0 1
    4 1236   84    0 50.0 90.0 1
    4 2022  100   84 45.0 50.0 1
    5 1128   53   42 62.0 67.0 1
    3 3407   18    0 80.0 90.0 1
    4  455   18    9 80.0 85.0 1
    4  714   84   18 50.0 80.0 1
    6 3035   42    0 67.0 90.0 1
    3  791   84   18 50.0 80.0 1
    3 1689   42   18 67.0 80.0 1
    5 3068   84   60 50.0 59.0 1
    3 2691   84    9 50.0 85.0 1
    4 1420   53   18 62.0 80.0 1
    2  994   84    9 50.0 85.0 1
    3 3546   53   18 62.0 80.0 1
    5  564   84   18 50.0 80.0 1
    5  747   84   60 50.0 59.0 1
    5 3065   70   53 55.0 62.0 1
    2 3462   70   53 55.0 62.0 1
    4 1679   53    2 62.0 89.0 1
    5 2215   70    2 55.0 89.0 1
    5  472   53    0 62.0 90.0 1
    1 3409   53    2 62.0 89.0 1
