 100  18   1  10
    5  668  100  100 45.0 45.0 1
    5 1462   84   84 50.0 50.0 1
    7  713   25   25 76.0 76.0 1
    6 2814   87   87 49.0 49.0 1
    6 1555  160  160 32.0 32.0 1
    5 1068   84   84 50.0 50.0 1
    5 1209   84   84 50.0 50.0 1
    4  608   87    0 49.0 90.0 1
    5 3565   25    0 76.0 90.0 1
    5  996  100    0 45.0 90.0 1
    7  939  160  138 32.0 36.0 1
    5  869  138   84 36.0 50.0 1
    5  378   84    0 50.0 90.0 1
    5  911   87    0 49.0 90.0 1
    6  857   25    0 76.0 90.0 1
    7  377  138   25 36.0 76.0 1
    5  541  160   25 32.0 76.0 1
    7 1510  160   87 32.0 49.0 1
