 100  19   2  12
    5  837   36   36 70.0 70.0 1
    5 1254   62   36 58.0 70.0 1
    4 1451   62   36 58.0 70.0 1
    4 1344   97   62 46.0 58.0 1
    4 1190   97   62 46.0 58.0 1
    6  993   97   62 46.0 58.0 1
    5 3021   36    0 70.0 90.0 1
    6 1492   62   36 58.0 70.0 1
    5 1321   62    0 58.0 90.0 1
    6  907   62    0 58.0 90.0 1
    5 3173  166    0 31.0 90.0 1
    7 1088   14    0 82.0 90.0 1
    6  454  138   14 36.0 82.0 1
    6  827  166    5 31.0 87.0 1
    4  811   53    5 62.0 87.0 1
    6 1431  107    5 43.0 87.0 1
    6  575  138    5 36.0 87.0 1
    4 3386  160   14 32.0 82.0 1
    6  678  138    7 36.0 86.0 1
