 100  18   3  11
    6  883   65   65 57.0 57.0 1
    6  874   65   65 57.0 57.0 1
    7 3201   84    0 50.0 90.0 1
    7 3397   84    0 50.0 90.0 1
    5  472   84    0 50.0 90.0 0
    6 1493   84   65 50.0 57.0 1
    6  641   81   36 51.0 70.0 1
    5 3516   90   49 48.0 64.0 1
    5 2882   27    0 75.0 90.0 1
    5 1581  143   36 35.0 70.0 1
    5  901  143   36 35.0 70.0 1
    5 2085  128   38 38.0 69.0 1
    4 2067   45   31 66.0 73.0 1
    5 3157  128   55 38.0 61.0 1
    5 3541   40    0 68.0 90.0 1
    6 3415   55   40 61.0 68.0 1
    5 3575   40   38 68.0 69.0 1
    7  378   31    0 73.0 90.0 1
