 100  18   2  12
    6 3247   97   97 46.0 46.0 1
    6 1467  104  104 44.0 44.0 1
    5 1366   87   87 49.0 49.0 0
    6 1457  104   70 44.0 55.0 1
    6  871   49    0 64.0 90.0 1
    6 1680  107   49 43.0 64.0 1
    5  625   87   36 49.0 70.0 1
    6  303   49    0 64.0 90.0 1
    5 1856   45    0 66.0 90.0 1
    6 1059   60   38 59.0 69.0 1
    5 2985   90   73 48.0 54.0 1
    4 2927   73   45 54.0 66.0 1
    7 1855   73   38 54.0 69.0 1
    4 1851   73   60 54.0 59.0 1
    6 2740   38    0 69.0 90.0 1
    5 1329   90    0 48.0 90.0 1
    7 2197   73   38 54.0 69.0 1
    5 1421   90   45 48.0 66.0 1
