 100  23   1   9
    4 1862  173  173 30.0 30.0 1
    4 1064  173  173 30.0 30.0 1
    4 1383   53   53 62.0 62.0 1
    4  570  138  138 36.0 36.0 1
    3 3307  173  173 30.0 30.0 1
    5 1597   29   29 74.0 74.0 1
    4 2249   53   53 62.0 62.0 1
    5 2587  138  138 36.0 36.0 1
    4 1652   29   29 74.0 74.0 0
    4 1080  138  138 36.0 36.0 1
    4  349   53    0 62.0 90.0 1
    4  436  138   53 36.0 62.0 1
    6 1460  138   29 36.0 74.0 1
    5 2972  173  138 30.0 36.0 1
    3 3554   29    0 74.0 90.0 1
    6 3034   53   29 62.0 74.0 1
    3  462  173   29 30.0 74.0 1
    5  885  138   29 36.0 74.0 1
    5 2879  173  138 30.0 36.0 1
    5 3363  138    0 36.0 90.0 1
    4 1915  138    0 36.0 90.0 1
    4 1715  173  138 30.0 36.0 1
    5 1110   29    0 74.0 90.0 1
