 100  24   1   9
    4 1197   87   87 49.0 49.0 0
    5 2412   62   62 58.0 58.0 1
    4 3565   53   53 62.0 62.0 1
    4 1938   62   62 58.0 58.0 1
    3 2213   62   62 58.0 58.0 1
    3 1410   58   53 60.0 62.0 1
    3  737   87    7 49.0 86.0 0
    5 1827   53    7 62.0 86.0 1
    5  426   55   53 61.0 62.0 1
    5 3506   87    0 49.0 90.0 1
    5 3585   62   58 58.0 60.0 1
    4  969   55    7 61.0 86.0 1
    3 1508   87    0 49.0 90.0 1
    4 2519   55   53 61.0 62.0 1
    4 1331   55    7 61.0 86.0 1
    4 1069   58    7 60.0 86.0 1
    4 2145   62   53 58.0 62.0 1
    4 2482   62    7 58.0 86.0 1
    5  726  148   87 34.0 49.0 1
    4 1659   58   55 60.0 61.0 1
    4 1980  148   55 34.0 61.0 1
    4 1612   87    7 49.0 86.0 0
    5 2521    7    0 86.0 90.0 1
    5 1562   62   58 58.0 60.0 1
