 100  21   2  12
    4  631  148  148 34.0 34.0 1
    3 1556  148  148 34.0 34.0 0
    5  937  148  148 34.0 34.0 1
    4 1688   58   58 60.0 60.0 1
    6 1169   78   78 52.0 52.0 1
    5 1293   58   58 60.0 60.0 1
    4 1655   60    0 59.0 90.0 1
    5 1334  148   78 34.0 52.0 1
    6 1496   55    0 61.0 90.0 1
    4 1058   78    0 52.0 90.0 1
    4 3354   60   58 59.0 60.0 1
    5 1770   60   58 59.0 60.0 1
    4 1193  160   78 32.0 52.0 1
    6 2186   78    0 52.0 90.0 1
    6 2079  133    0 37.0 90.0 0
    5 1628   40    0 68.0 90.0 1
    6 2324  133   78 37.0 52.0 1
    4 3346  133    0 37.0 90.0 1
    4 1382  111   40 42.0 68.0 1
    4 3195  133   78 37.0 52.0 0
    6 1674   78    0 52.0 90.0 1
