 100  16   1  10
    8 2915   16   16 81.0 81.0 1
    7 1690  160  160 32.0 32.0 1
    5  787   16    0 81.0 90.0 1
    7 1556  160   32 32.0 72.0 1
    6 1485   32   23 72.0 77.0 1
    6  820   23    7 77.0 86.0 1
    5 1445   32   14 72.0 82.0 1
    7  840   14    7 82.0 86.0 1
    6 1369  160   23 32.0 77.0 1
    7 1401   32   14 72.0 82.0 1
    6  377  160   14 32.0 82.0 1
    5 1351   16   14 81.0 82.0 1
    7 1633   23    7 77.0 86.0 1
    6 1360   32    0 72.0 90.0 1
    7 1608  160   16 32.0 81.0 1
    5 1216  160   23 32.0 77.0 1
