 100  20   1  10
    4 1074    7    7 86.0 86.0 1
    5  631   81   81 51.0 51.0 0
    4 2916   81   81 51.0 51.0 0
    6  360   38   38 69.0 69.0 1
    4  748   51   51 63.0 63.0 1
    6 1283   51   51 63.0 63.0 1
    6  796   38    7 69.0 86.0 1
    5 1795    3    0 88.0 90.0 1
    5  820   81    0 51.0 90.0 1
    4 1621   18    7 80.0 86.0 1
    5  897   81   51 51.0 63.0 1
    4  999   81   18 51.0 80.0 1
    4 1203   81   51 51.0 63.0 1
    6 1384   18    3 80.0 88.0 1
    5  894   81    0 51.0 90.0 1
    6  640   38    3 69.0 88.0 1
    4  306   38    0 69.0 90.0 0
    6 1540   81    0 51.0 90.0 1
    6 1111   38    7 69.0 86.0 0
    5 1067   38   18 69.0 80.0 1
