 100  27   1  10
    3 1633   12   12 83.0 83.0 1
    3 1798   62   62 58.0 58.0 0
    3  700   55   55 61.0 61.0 1
    4  455    2    2 89.0 89.0 1
    3 1324    2    2 89.0 89.0 0
    3  957    2    2 89.0 89.0 1
    5 1029   62   62 58.0 58.0 1
    2  591   62   62 58.0 58.0 1
    4 1541    2    2 89.0 89.0 1
    5  899   62    0 58.0 90.0 1
    5  549   55   12 61.0 83.0 1
    4 1298   12    0 83.0 90.0 1
    5 1583    2    0 89.0 90.0 1
    4  759  143   27 35.0 75.0 1
    4  894   12    2 83.0 89.0 1
    3  883   62   12 58.0 83.0 1
    3  542    2    0 89.0 90.0 1
    4  935   55    0 61.0 90.0 1
    3 1585  143   55 35.0 61.0 1
    5 2703    2    0 89.0 90.0 1
    4 1073  143    2 35.0 89.0 0
    3 1445   62   27 58.0 75.0 1
    3 1416   12    2 83.0 89.0 1
    5 1007   62   27 58.0 75.0 1
    4 1287  143   27 35.0 75.0 1
    3 3370   55    2 61.0 89.0 1
    3 1403   12    2 83.0 89.0 1
