 100  29   4  11
    5  590  115  115 41.0 41.0 1
    2 1044  107   93 43.0 47.0 1
    2 1350  115  107 41.0 43.0 1
    4 2231  115   40 41.0 68.0 1
    3 3136  107   93 43.0 47.0 1
    4 1293  115    0 41.0 90.0 0
    4 2896  115   93 41.0 47.0 1
    3  930   36    0 70.0 90.0 1
    3 3096   36   25 70.0 76.0 1
    4  455   36   25 70.0 76.0 1
    3 1052   90   25 48.0 76.0 1
    4  688   90   25 48.0 76.0 1
    3 3432   25   14 76.0 82.0 1
    2 1229   90   36 48.0 70.0 0
    5 1164  111   60 42.0 59.0 1
    4  642  111   31 42.0 73.0 1
    4  719   27    0 75.0 90.0 1
    3 2773  133   31 37.0 73.0 1
    3 3408   53   27 62.0 75.0 1
    4 3063   67    0 56.0 90.0 1
    4 2854   67   60 56.0 59.0 1
    4  429   87   49 49.0 64.0 1
    3  398   87    5 49.0 87.0 1
    2 2460   87    7 49.0 86.0 1
    3 3537    7    5 86.0 87.0 1
    4 2877   53   32 62.0 72.0 1
    4 3049   87    0 49.0 90.0 1
    3 1425   53    0 62.0 90.0 1
    4  861   87   49 49.0 64.0 1
