 100  16   1  10
    7 1216  148  148 34.0 34.0 1
    7 2955   58   58 60.0 60.0 1
    5  616   58   58 60.0 60.0 1
    6  551   49   49 64.0 64.0 1
    5 1082   58   58 60.0 60.0 1
    5  768   32   32 72.0 72.0 1
    7  876   58   32 60.0 72.0 1
    7 1624  148   49 34.0 64.0 1
    6 1349   67   49 56.0 64.0 0
    7 1164   58   38 60.0 69.0 1
    5 1667   49   32 64.0 72.0 0
    6 1594   67   38 56.0 69.0 1
    6 1307   67   38 56.0 69.0 1
    7  840   32    0 72.0 90.0 1
    6  899   58   49 60.0 64.0 0
    8  750   38   32 69.0 72.0 1
