 100  26   3  12
    5 3452   87   87 49.0 49.0 1
    4 1557  166  166 31.0 31.0 1
    4 1759   49    0 64.0 90.0 1
    4 1615  128   49 38.0 64.0 1
    3  510   87   27 49.0 75.0 1
    3 1129   27    0 75.0 90.0 1
    5  470  123   87 39.0 49.0 1
    4  699  166  123 31.0 39.0 1
    4 3421   40   11 68.0 84.0 1
    4 1332   40    0 68.0 90.0 1
    3 1117   40   11 68.0 84.0 0
    3 3214   11    0 84.0 90.0 1
    4 1765   40   11 68.0 84.0 1
    3 1251   40   27 68.0 75.0 1
    3  433   11    0 84.0 90.0 1
    4  758   84   31 50.0 73.0 1
    5 1392   81    0 51.0 90.0 1
    3  667    9    0 85.0 90.0 1
    5  885   36   31 70.0 73.0 1
    5 3326   84    2 50.0 89.0 1
    5  763   36   31 70.0 73.0 1
    4  972   81    9 51.0 85.0 1
    3 1527   81    9 51.0 85.0 1
    3 2998   36    9 70.0 85.0 1
    4  477   73    9 54.0 85.0 1
    3 1101   84   36 50.0 70.0 1
