 100  23   3  12
    5  674  115  115 41.0 41.0 1
    5  919  173  173 30.0 30.0 1
    5 1779  173  173 30.0 30.0 1
    5  878   14   14 82.0 82.0 1
    3 3423  115   81 41.0 51.0 0
    5 1220  143   81 35.0 51.0 0
    4 1459  173    7 30.0 86.0 1
    4 1520  115    7 41.0 86.0 1
    5 3378   36   11 70.0 84.0 1
    4  937  100   53 45.0 62.0 1
    5  408   36    0 70.0 90.0 1
    5 3477  160   36 32.0 70.0 1
    4 2292  160  154 32.0 33.0 1
    5 3293   53   11 62.0 84.0 1
    5 1542   53   11 62.0 84.0 1
    4  847   45    0 66.0 90.0 1
    3 1193  173    9 30.0 85.0 0
    4 1540   25    9 76.0 85.0 1
    3 3141    3    0 88.0 90.0 1
    5 1094   65   45 57.0 66.0 0
    3 3532   45   25 66.0 76.0 1
    4  646  115    0 41.0 90.0 0
    5 1793  173   45 30.0 66.0 1
