 100  28   1   9
    3 1857   93   93 47.0 47.0 1
    5 3439   11   11 84.0 84.0 1
    3 1493  119  119 40.0 40.0 1
    3 2958   84   84 50.0 50.0 1
    3  370   11   11 84.0 84.0 1
    4 3233   11   11 84.0 84.0 1
    4  323   93   34 47.0 71.0 0
    3  431  119   34 40.0 71.0 1
    5 1812  119   84 40.0 50.0 1
    3 1291  119   11 40.0 84.0 1
    3  884   34   11 71.0 84.0 1
    5  880  119   84 40.0 50.0 1
    4 2370  119   93 40.0 47.0 1
    3 2278   93   73 47.0 54.0 1
    4 2472  119   73 40.0 54.0 1
    3 2451  119   84 40.0 50.0 0
    3 2711   73   34 54.0 71.0 0
    5 2256   84   11 50.0 84.0 0
    3 1609  119   73 40.0 54.0 1
    5 1603   73   11 54.0 84.0 1
    4 3350  119   34 40.0 71.0 1
    3 2520   34    0 71.0 90.0 0
    3  452   93    0 47.0 90.0 1
    3 1634  119    0 40.0 90.0 1
    3 1836   34   11 71.0 84.0 1
    5 2246  119    0 40.0 90.0 1
    3 1182  119   34 40.0 71.0 1
    2  992   93   93 47.0 47.0 1
