 100  17   2  11
    5 2245   60   60 59.0 59.0 1
    7  336   21   14 78.0 82.0 1
    5 1329   70   16 55.0 81.0 1
    6 2863   16    0 81.0 90.0 1
    6 1518   70   60 55.0 59.0 1
    7 3330   21   14 78.0 82.0 0
    7 3118   87   31 49.0 73.0 1
    5 3148   87    0 49.0 90.0 1
    5 1097   31    0 73.0 90.0 1
    5  941   87    0 49.0 90.0 1
    6 1214   87    0 49.0 90.0 1
    6 3296   87    0 49.0 90.0 1
    7  902   87   31 49.0 73.0 1
    5 2636   87   31 49.0 73.0 1
    6  439   31    0 73.0 90.0 1
    6 1834   31    0 73.0 90.0 1
    6 1745   31    0 73.0 90.0 1
