 100  23   4  12
    4  574   23    0 77.0 90.0 1
    4 1594  154    3 33.0 88.0 1
    6 2864   29   23 74.0 77.0 1
    4 2941    3    3 88.0 88.0 1
    5  702   23    3 77.0 88.0 1
    4 1128   27   23 75.0 77.0 1
    5 1471   34    0 71.0 90.0 1
    3 1017   34   23 71.0 77.0 1
    5 1488   34   21 71.0 78.0 1
    5 1183   49   23 64.0 77.0 1
    4  475   29   23 74.0 77.0 1
    3 1420   75   40 53.0 68.0 1
    4 1041  138    0 36.0 90.0 1
    4 3136   40    0 68.0 90.0 1
    3 1598   47    0 65.0 90.0 1
    5 1635  138   38 36.0 69.0 1
    5  835   75   34 53.0 71.0 1
    5 1767  100   93 45.0 47.0 1
    4  927   53   11 62.0 84.0 1
    5 3258   53    0 62.0 90.0 1
    4 1535  100   93 45.0 47.0 1
    4 2847   53   32 62.0 72.0 1
    5 1134  100   14 45.0 82.0 1
