 100  29   2  11
    4 3128   58   58 60.0 60.0 1
    3 2518   58   58 60.0 60.0 1
    3 1119   58   58 60.0 60.0 1
    2 1588   58   32 60.0 72.0 1
    3 2015   58   32 60.0 72.0 1
    4 2858   58    0 60.0 90.0 1
    4 2501   32    0 72.0 90.0 1
    3 2173   58   32 60.0 72.0 1
    3 1159   32    0 72.0 90.0 0
    3  677   58    0 60.0 90.0 0
    4 1194   32    0 72.0 90.0 1
    4 3357   58    0 60.0 90.0 1
    3 1700   32    0 72.0 90.0 1
    3 1218   32    0 72.0 90.0 1
    4 2531   32    0 72.0 90.0 1
    2 1670  128   53 38.0 62.0 1
    4  602  128  119 38.0 40.0 1
    3 1280   78   53 52.0 62.0 1
    4 3002  128   53 38.0 62.0 0
    5 2491  173   70 30.0 55.0 1
    4  347  128    0 38.0 90.0 1
    4 3031  173    0 30.0 90.0 1
    3  348   53    0 62.0 90.0 1
    5 2185  173   70 30.0 55.0 1
    4 2640  119   78 40.0 52.0 1
    3 1350  119   78 40.0 52.0 1
    4 1105  128    0 38.0 90.0 1
    3  722  123   78 39.0 52.0 0
    2 1515   70    0 55.0 90.0 1
