 100  24   3  12
    4  407    7    7 86.0 86.0 1
    3  333   51    7 63.0 86.0 1
    4 1353  138    7 36.0 86.0 1
    5 3361  123   34 39.0 71.0 1
    3 1516  107   51 43.0 63.0 1
    4 1194  138  107 36.0 43.0 1
    3 1671  107    7 43.0 86.0 1
    5  685   34    7 71.0 86.0 0
    5  496  138   34 36.0 71.0 1
    5 1395  166  123 31.0 39.0 0
    5 1134   90   51 48.0 63.0 1
    4 3385  115   51 41.0 63.0 1
    5 1561  115    0 41.0 90.0 1
    5 1176  138    0 36.0 90.0 1
    4 3151  115   51 41.0 63.0 1
    3  712   73    0 54.0 90.0 1
    5 2596  148   19 34.0 79.0 1
    5 3434   19    0 79.0 90.0 1
    5 1074   87   81 49.0 51.0 1
    4 3194  148    0 34.0 90.0 1
    3 1918   81   73 51.0 54.0 1
    3  342   81   19 51.0 79.0 1
    5  350   87   19 49.0 79.0 1
    3  759   87   81 49.0 51.0 1
