 100  18   1   9
    5 1460  154  154 33.0 33.0 1
    7 1225   62   62 58.0 58.0 1
    5  576   65   65 57.0 57.0 1
    5 1062   90   90 48.0 48.0 1
    6 1394  133  133 37.0 37.0 0
    5 1597  154   90 33.0 48.0 1
    5 1603  154   25 33.0 76.0 1
    7 2288   78   62 52.0 58.0 1
    4 2354   62    0 58.0 90.0 1
    7 3181  154   90 33.0 48.0 1
    7 2031   62   31 58.0 73.0 1
    4  731   90   65 48.0 57.0 1
    7 2494   65    0 57.0 90.0 1
    5 1203  154   31 33.0 73.0 1
    4  777  133    0 37.0 90.0 1
    7 2567   65    0 57.0 90.0 0
    5 2455   78   62 52.0 58.0 0
    5  473  154    0 33.0 90.0 0
