 100  23   1   9
    5 2612   42   42 67.0 67.0 1
    6  489   45   45 66.0 66.0 1
    4 3507   42   42 67.0 67.0 1
    3 1681   93   93 47.0 47.0 1
    4 3558   14   14 82.0 82.0 1
    6 3284   90   90 48.0 48.0 1
    5 2126   90   42 48.0 67.0 1
    4 2837   75   14 53.0 82.0 1
    5  422   90   42 48.0 67.0 1
    5 1632   75   45 53.0 66.0 1
    3 2360   90   42 48.0 67.0 1
    4  734   90   42 48.0 67.0 1
    5 1465   14    0 82.0 90.0 1
    5  368   93   42 47.0 67.0 1
    4 3440   93    0 47.0 90.0 1
    3 3279   75   14 53.0 82.0 1
    4 1504   42   14 67.0 82.0 1
    4 2184   93    0 47.0 90.0 0
    4 2718   90   14 48.0 82.0 1
    4 3358   93   45 47.0 66.0 1
    5 1523   75   42 53.0 67.0 1
    5 1883   75    0 53.0 90.0 1
    3 2962   93   42 47.0 67.0 1
