 100  19   2  12
    5 1498   47   47 65.0 65.0 1
    5 1297  104  104 44.0 44.0 1
    6 1002   49   49 64.0 64.0 1
    4 1397   47   31 65.0 73.0 0
    5  428   47   31 65.0 73.0 1
    5 1441  104   49 44.0 64.0 1
    5 1087   49    0 64.0 90.0 1
    6 1744  104   47 44.0 65.0 1
    5 1461   49   47 64.0 65.0 1
    5 2857  104    0 44.0 90.0 1
    4 3226   31   16 73.0 81.0 1
    6 1406   49    0 64.0 90.0 1
    5 2740    9    5 85.0 87.0 0
    7 3160   27   16 75.0 81.0 1
    6  829  154   73 33.0 54.0 1
    5 1520  154    0 33.0 90.0 1
    4  409   78    5 52.0 87.0 1
    6  309   16    5 81.0 87.0 1
    6  643   78    9 52.0 85.0 0
