 100  29   1   9
    4  883  104  104 44.0 44.0 1
    3 1790  104  104 44.0 44.0 1
    4 2668   60   60 59.0 59.0 1
    3 3164   60   60 59.0 59.0 1
    2 2681   60    0 59.0 90.0 1
    3  326  104    0 44.0 90.0 1
    3 2865   60    0 59.0 90.0 1
    4 1781  104   60 44.0 59.0 1
    4 2527  104   60 44.0 59.0 1
    4 1579   60    0 59.0 90.0 1
    5 1995   60    0 59.0 90.0 1
    3 1489  104    0 44.0 90.0 1
    2  889  104    0 44.0 90.0 1
    3 2165   60    0 59.0 90.0 1
    3 2735  104    0 44.0 90.0 1
    4  405  104   60 44.0 59.0 1
    4 1935  104    0 44.0 90.0 1
    4 2677  104    0 44.0 90.0 1
    3 1894  104   60 44.0 59.0 1
    4  626  104   60 44.0 59.0 1
    4 2014   60    0 59.0 90.0 1
    4  899   60    0 59.0 90.0 1
    3 3115  104   60 44.0 59.0 1
    4 1774  104    0 44.0 90.0 1
    2 2831   60    0 59.0 90.0 1
    3 1607  104    0 44.0 90.0 1
    4  577  104   60 44.0 59.0 1
    3 1289  104   60 44.0 59.0 1
    4 2735  104   60 44.0 59.0 1
