 100  21   4  11
    5 1436    2    2 89.0 89.0 1
    5  789  154  154 33.0 33.0 0
    6 2723  154   18 33.0 80.0 1
    6 3022  100    3 45.0 88.0 1
    5 2090  154  100 33.0 45.0 1
    6 3342  100    0 45.0 90.0 1
    6 1333  107   49 43.0 64.0 1
    4 3485  160   42 32.0 67.0 1
    4 3051   42    0 67.0 90.0 1
    3  411  107   42 43.0 67.0 1
    5 1472   97   42 46.0 67.0 1
    4 3259  133   16 37.0 81.0 1
    5  549   90   21 48.0 78.0 1
    4 1205   21   21 78.0 78.0 1
    4 2786   78    0 52.0 90.0 1
    5  501  133   16 37.0 81.0 0
    4 2565   67   58 56.0 60.0 1
    6 2292  115    0 41.0 90.0 1
    5  959  115   58 41.0 60.0 1
    5  829   67    3 56.0 88.0 1
    3 1961  115   58 41.0 60.0 1
