 100  16   1   9
    6 2969  123  123 39.0 39.0 1
    6  639  123  123 39.0 39.0 1
    7 2099   90    0 48.0 90.0 1
    7 1252  123    0 39.0 90.0 1
    7  347  148    9 34.0 85.0 1
    6 2865  123    0 39.0 90.0 1
    6  581  166    0 31.0 90.0 1
    8 1411  123   81 39.0 51.0 1
    7 1638  123   90 39.0 48.0 1
    5 3319   90   81 48.0 51.0 0
    5 3350   90   81 48.0 51.0 1
    7 2542  123   90 39.0 48.0 1
    6 3117  148  123 34.0 39.0 1
    7 1352   90    9 48.0 85.0 1
    5 3098  166   81 31.0 51.0 1
    5 1074  166  123 31.0 39.0 0
