 100  27   3  11
    5 3041   21   21 78.0 78.0 1
    3 3540   21   21 78.0 78.0 1
    3  858   21   21 78.0 78.0 1
    4 2640   53   53 62.0 62.0 1
    2 2291   53   21 62.0 78.0 1
    5 3045   34   21 71.0 78.0 1
    2 2717   21    0 78.0 90.0 1
    3 1188   34    0 71.0 90.0 1
    3  763   53    0 62.0 90.0 1
    4  972   53   34 62.0 71.0 1
    5 1763   53   34 62.0 71.0 1
    4 2856   53    0 62.0 90.0 1
    4 3445   53   21 62.0 78.0 1
    3 3476   14   11 82.0 84.0 1
    4  434  107  107 43.0 43.0 1
    4 2823  107    0 43.0 90.0 1
    4 1006   11    9 84.0 85.0 1
    4 1580   14   11 82.0 84.0 1
    4 1613   19    0 79.0 90.0 1
    3 3182  154    5 33.0 87.0 1
    5 3477   93    5 47.0 87.0 1
    3 3017  123   19 39.0 79.0 1
    4 2205  154    0 33.0 90.0 1
    3 1418   93   19 47.0 79.0 1
    4 2564  138   19 36.0 79.0 1
    4 2484   62   19 58.0 79.0 0
    4 2331    5    0 87.0 90.0 1
