 100  28   1  10
    3  761  133  133 37.0 37.0 1
    4 1418   62   62 58.0 58.0 1
    4 1644  123  123 39.0 39.0 1
    2  660  104  104 44.0 44.0 1
    2  926  138  138 36.0 36.0 1
    4  910  133  133 37.0 37.0 1
    4 1132  154  154 33.0 33.0 1
    3 1023  104  104 44.0 44.0 1
    4  808  138  138 36.0 36.0 1
    4 1582  154  154 33.0 33.0 1
    3 2938   47   47 65.0 65.0 1
    3  910  138  138 36.0 36.0 1
    4  364   62   47 58.0 65.0 1
    3  641  133   47 37.0 65.0 1
    2 1123  154   47 33.0 65.0 1
    4 1032  133  104 37.0 44.0 1
    4 1416  133  123 37.0 39.0 1
    3  503  138    0 36.0 90.0 1
    5  342  123   47 39.0 65.0 1
    4 1661  133   62 37.0 58.0 1
    4 1392   62    0 58.0 90.0 1
    4 1155  104    0 44.0 90.0 1
    4  420  138   62 36.0 58.0 1
    4 1095  123  104 39.0 44.0 1
    3  368  133    0 37.0 90.0 1
    4  718  123   62 39.0 58.0 1
    4 2756   62   62 58.0 58.0 1
    4 1366  154  138 33.0 36.0 1
