 100  21   1   9
    6  647   67   67 56.0 56.0 1
    5  623   67   67 56.0 56.0 1
    5 2490  143  143 35.0 35.0 1
    3  644  143  143 35.0 35.0 1
    5 3186  143  143 35.0 35.0 1
    6  735   67   67 56.0 56.0 1
    5 1989  123  123 39.0 39.0 1
    3 2269  143  143 35.0 35.0 1
    4 2394  123  123 39.0 39.0 1
    5 3126  123  123 39.0 39.0 1
    4 2379  123   67 39.0 56.0 1
    4 1933   67    0 56.0 90.0 1
    4 2543   67    0 56.0 90.0 1
    5  896   67    0 56.0 90.0 0
    6  432  143    0 35.0 90.0 0
    6 3085   67    0 56.0 90.0 1
    5 2894  143  123 35.0 39.0 0
    6  992  143  123 35.0 39.0 1
    5 2919  143  123 35.0 39.0 1
    4  585  143  143 35.0 35.0 1
    4 2988  143   67 35.0 56.0 1
