 100  24   1  10
    5  591   62   62 58.0 58.0 1
    4 1201  107  107 43.0 43.0 1
    4 1454  107   62 43.0 58.0 1
    3  838  107    7 43.0 86.0 1
    5  920  107    7 43.0 86.0 1
    5 1595   16    0 81.0 90.0 1
    4  548  107    0 43.0 90.0 1
    5 1007   62    0 58.0 90.0 1
    4 1524  107   62 43.0 58.0 0
    5  345   62    7 58.0 86.0 1
    5  607   16    0 81.0 90.0 1
    4 1653   36   16 70.0 81.0 1
    4 3567  107   62 43.0 58.0 1
    4 1593   62   16 58.0 81.0 1
    4 1541   16    0 81.0 90.0 1
    3 1147   36   16 70.0 81.0 1
    5 1555   62    0 58.0 90.0 1
    4 1070   62    0 58.0 90.0 1
    3 1009   62    7 58.0 86.0 1
    4 1018   36   16 70.0 81.0 1
    4 1386   36    0 70.0 90.0 1
    3 1007   62   36 58.0 70.0 1
    4  795  107   36 43.0 70.0 1
    5 1723   16    7 81.0 86.0 1
