 100  15   1   9
    7 2958  133  133 37.0 37.0 1
    8 2698  133  133 37.0 37.0 1
    7 1532   93   93 47.0 47.0 1
    7 1367   45   45 66.0 66.0 1
    5 2108  143  143 35.0 35.0 1
    5  321   45   45 66.0 66.0 1
    6 1710  133  133 37.0 37.0 1
    6 1596   73    0 54.0 90.0 1
    5 3432  133   45 37.0 66.0 1
    8 3263  143   70 35.0 55.0 1
    7 3561   93   38 47.0 69.0 0
    8 2473   93   73 47.0 54.0 1
    7 1540   93   14 47.0 82.0 1
    7 1562   93    0 47.0 90.0 1
    7 2512   70   38 55.0 69.0 1
