 100  25   1  10
    3  367    9    9 85.0 85.0 1
    3  424   97   97 46.0 46.0 1
    3  399   97    5 46.0 87.0 1
    4 3527   18    0 80.0 90.0 0
    5 1700   97   53 46.0 62.0 1
    4  337  104   53 44.0 62.0 1
    4 1273    9    5 85.0 87.0 1
    4 1527  104   97 44.0 46.0 1
    4 1675  107    0 43.0 90.0 1
    4 1022    5    0 87.0 90.0 1
    5  366   97   18 46.0 80.0 1
    3  780    9    5 85.0 87.0 1
    4 1404    9    5 85.0 87.0 1
    4  739   18    9 80.0 85.0 1
    5 1325   97    9 46.0 85.0 1
    5 1375   53    0 62.0 90.0 1
    3 1535    5    0 87.0 90.0 0
    4  313   53    0 62.0 90.0 1
    4  599    5    0 87.0 90.0 1
    5  964   53   18 62.0 80.0 1
    4 1033   53    9 62.0 85.0 1
    3 1641   97   53 46.0 62.0 1
    5 1628   53   18 62.0 80.0 1
    5  454    9    5 85.0 87.0 1
    3 1581    5    0 87.0 90.0 0
