 100  18   3  11
    4 3186  173  173 30.0 30.0 0
    6 2730   60    0 59.0 90.0 1
    6  637  173    0 30.0 90.0 1
    5 2170   90    0 48.0 90.0 1
    7 2015  173    0 30.0 90.0 1
    4  731   90   60 48.0 59.0 1
    6 2115  100   84 45.0 50.0 1
    5  761  100   49 45.0 64.0 1
    5 1997  100   27 45.0 75.0 1
    7 2967   84   27 50.0 75.0 1
    7 1072   84   49 50.0 64.0 1
    5 1518   84    0 50.0 90.0 1
    4 3034  128    0 38.0 90.0 1
    5 1043   45   11 66.0 84.0 1
    7  699   45   40 66.0 68.0 1
    6 2900  128   11 38.0 84.0 1
    6 2887  133  128 37.0 38.0 1
    5 3123  133    0 37.0 90.0 1
