 100  27   3  12
    5  344   84   84 50.0 50.0 1
    3 1455   84   53 50.0 62.0 1
    4 1442   38   27 69.0 75.0 0
    5  832   27   21 75.0 78.0 1
    4 1045   51   21 63.0 78.0 1
    3 1317   84   38 50.0 69.0 1
    4 1421   53   21 62.0 78.0 1
    4 3179   84    0 50.0 90.0 1
    3 1313   53   21 62.0 78.0 1
    3 1906   75    0 53.0 90.0 1
    3 2109   93   75 47.0 53.0 1
    4 2281   62    0 58.0 90.0 1
    4  715   75    0 53.0 90.0 1
    3 1309   75    0 53.0 90.0 1
    4 3013   93    0 47.0 90.0 0
    3 3241   93   62 47.0 58.0 1
    4 3433   93    0 47.0 90.0 1
    3 1791   62    0 58.0 90.0 1
    3 1375   81   14 51.0 82.0 1
    3  646   81    0 51.0 90.0 1
    5 1666   81    0 51.0 90.0 1
    3 1301   81   14 51.0 82.0 1
    5  694   81   14 51.0 82.0 1
    3 1327   14    0 82.0 90.0 1
    5  363   14    0 82.0 90.0 1
    3 2717   14    0 82.0 90.0 1
    4 1663   81    0 51.0 90.0 1
