 100  26   5  15
    2 3409   69   69 71.0 71.0 0
    1 1449  286    0 35.0 90.0 1
    1 2443  286    0 35.0 90.0 1
    4 3507  286   17 35.0 85.0 1
    7 1607   17    0 85.0 90.0 1
    8 3495  320    0 32.0 90.0 1
    1 2852  320    0 32.0 90.0 1
    5 1028  320  162 32.0 51.0 1
    6 2035  162   10 51.0 87.0 1
    1  856   10    0 87.0 90.0 1
    8 2904  106    7 62.0 88.0 1
    5  647  106   14 62.0 86.0 1
    1 1174  346  106 30.0 62.0 1
    2 2891  346  135 30.0 56.0 1
    3 1588  106   81 62.0 68.0 1
    2 2237  111    7 61.0 88.0 1
    6 1247   43    0 78.0 90.0 1
    7 2801   43    0 78.0 90.0 1
    6 1183   43   32 78.0 81.0 1
    4 2968   43   32 78.0 81.0 1
    1 3471   43   32 78.0 81.0 1
    5  868  320    0 32.0 90.0 1
    2 2677  333    0 31.0 90.0 1
    2 3097  320    0 32.0 90.0 1
    8 2350  333  320 31.0 32.0 1
    2 2771  333    0 31.0 90.0 1
