 100  30   1  14
    6 1205  125  125 58.0 58.0 1
    5 1282  222  222 42.0 42.0 1
    7  899   93   93 65.0 65.0 1
    1 1020  222  222 42.0 42.0 1
    5 1305   93   93 65.0 65.0 1
    6  960  222  222 42.0 42.0 1
    1 1096  125  125 58.0 58.0 1
    6  931   93   93 65.0 65.0 1
    1 3031  125  125 58.0 58.0 1
    4 1763   81   81 68.0 68.0 1
    5 1530  222  222 42.0 42.0 1
    2 3357  222  222 42.0 42.0 1
    1 1687   81   81 68.0 68.0 0
    1  702   81   81 68.0 68.0 1
    3 1266  125   93 58.0 65.0 1
    5  858  222    0 42.0 90.0 1
    1 1077   93    0 65.0 90.0 0
    3  549   93    0 65.0 90.0 1
    2 1043  222   93 42.0 65.0 1
    1 1403  222   81 42.0 68.0 1
    1 1138  125   81 58.0 68.0 1
    3  308   93    0 65.0 90.0 1
    4 1185  222    0 42.0 90.0 1
    6  491  125   81 58.0 68.0 1
    5  781   93    0 65.0 90.0 1
    5  426  125   81 58.0 68.0 1
    4  539   93    0 65.0 90.0 0
    1 1204   93    0 65.0 90.0 1
    1  721  125   93 58.0 65.0 1
    4  884   93    0 65.0 90.0 1
