 100  15   2  16
    8 1207  140  140 55.0 55.0 1
    7  322   46    0 77.0 90.0 1
    1 2781  140    0 55.0 90.0 1
    3 1254  286  140 35.0 55.0 1
   11 1439   46    0 77.0 90.0 1
    2  960  286   46 35.0 77.0 1
    4 3167  286  140 35.0 55.0 1
    5 1226  333   93 31.0 65.0 1
   11  954  333    0 31.0 90.0 1
   10  407   93    0 65.0 90.0 1
   16 1552   93    0 65.0 90.0 1
   11 1608  333   93 31.0 65.0 1
    1 2762  333   93 31.0 65.0 1
    5 2924   93    0 65.0 90.0 0
    5  855   93    0 65.0 90.0 1
