 100  24   1  14
    9 1658   17   17 85.0 85.0 1
    3 1672   14   14 86.0 86.0 1
    2  857   17   17 85.0 85.0 1
    7 1094   14   14 86.0 86.0 1
    3 3148   65   65 72.0 72.0 1
    1 1185   14   14 86.0 86.0 1
    7 1798   14    0 86.0 90.0 1
    4  934  275   14 36.0 86.0 1
    4 1537  275   17 36.0 85.0 1
    1  695  275   39 36.0 79.0 1
    3 1343  275   17 36.0 85.0 1
    1 1292  275   17 36.0 85.0 1
    6  341   17   14 85.0 86.0 1
    1 2847   65   17 72.0 85.0 1
    1  698  275   39 36.0 79.0 1
    6 1082   65   14 72.0 86.0 1
    5  963   65   14 72.0 86.0 1
    8  526   65   17 72.0 85.0 1
    8  709   65   17 72.0 85.0 1
    3  544   65    0 72.0 90.0 1
   10  337   17   14 85.0 86.0 1
    2 1133   65   14 72.0 86.0 1
    1  401   65   39 72.0 79.0 1
    4  987   39   17 79.0 85.0 1
