 100  17   1  14
    4  871   35   35 80.0 80.0 1
    1  302    3    0 89.0 90.0 0
    5 1477  162    0 51.0 90.0 1
    7  370  162    3 51.0 89.0 1
   10  673    3    0 89.0 90.0 1
    6 1470  162    0 51.0 90.0 1
    9  745  162    0 51.0 90.0 1
    9  383   35    0 80.0 90.0 1
    7 1290  162    0 51.0 90.0 1
    2 1648  162    3 51.0 89.0 1
    2 1699  162    0 51.0 90.0 1
    8 2829   35    3 80.0 89.0 1
    3  470   35    0 80.0 90.0 1
    7  509  162   35 51.0 80.0 1
    2 2786  162    3 51.0 89.0 1
    9  717   35    3 80.0 89.0 1
    9  846   35    0 80.0 90.0 1
