 100  24   1  13
    4  353   10   10 87.0 87.0 1
    1 3000   10   10 87.0 87.0 1
    6 2377  256  256 38.0 38.0 1
    6 3141  256  256 38.0 38.0 1
    6 1361   61   61 73.0 73.0 1
    1  366   61    0 73.0 90.0 1
    7 2403  265   61 37.0 73.0 1
    8  535  265    0 37.0 90.0 1
    3 2376  256   61 38.0 73.0 0
    3 1002  265    0 37.0 90.0 1
    4  477   61    0 73.0 90.0 1
    3 1460   61   10 73.0 87.0 1
    8  822   61   10 73.0 87.0 1
    3 1981  265  256 37.0 38.0 1
    4 3095  265    0 37.0 90.0 1
    6 2927  265    0 37.0 90.0 0
    1 2417  256    0 38.0 90.0 1
    2 2445  256   10 38.0 87.0 1
    4  313   61    0 73.0 90.0 1
    7  434   61    0 73.0 90.0 1
    4 1328  265   61 37.0 73.0 1
    5 3556  265   10 37.0 87.0 1
    1 1556  265   61 37.0 73.0 1
    3 1840  265    0 37.0 90.0 1
