 100  19   3  16
    1 3435  265  265 37.0 37.0 0
    1  804  265    0 37.0 90.0 0
   12 1386  265    0 37.0 90.0 1
    6 1085  265  102 37.0 63.0 1
   11 1618  265  102 37.0 63.0 1
    3  863  265    0 37.0 90.0 1
    3  445   57    0 74.0 90.0 1
   10 2885  156  106 52.0 62.0 1
    4 1653  115  106 60.0 62.0 1
    1  433  151    0 53.0 90.0 1
    4  575  151   57 53.0 74.0 1
    8 2769  156  106 52.0 62.0 1
    2  387  193    0 46.0 90.0 1
    4 1638  193  156 46.0 52.0 1
    8  513  156    0 52.0 90.0 1
    3 3084  156    0 52.0 90.0 1
    1 1032  286  156 35.0 52.0 1
    9 1094  193    0 46.0 90.0 1
    9 2830  156  120 52.0 59.0 0
