 100  30   1  14
    2  914   61   61 73.0 73.0 0
    2 1759  180  180 48.0 48.0 1
    3  521   28   28 82.0 82.0 1
    3  327   28   28 82.0 82.0 1
    4  689   28   28 82.0 82.0 0
    3  755   28   28 82.0 82.0 1
    4 1641  180  180 48.0 48.0 1
    4  933   28   28 82.0 82.0 1
    6 1572  265  265 37.0 37.0 1
    3 1630  174  174 49.0 49.0 1
    1  442   61   61 73.0 73.0 0
    6 1074  180  180 48.0 48.0 1
    3  927   28   28 82.0 82.0 1
    3 1508  174   28 49.0 82.0 1
    6  573  174    0 49.0 90.0 1
    5 1221  180  174 48.0 49.0 1
    1  911  174    0 49.0 90.0 0
    3  830   61   28 73.0 82.0 1
    4  468   61   28 73.0 82.0 1
    6 1032   28    0 82.0 90.0 1
    3  572  265    0 37.0 90.0 1
    5 2803  265   28 37.0 82.0 1
    1  886  180   28 48.0 82.0 1
    4  461  174   28 49.0 82.0 1
    3 1015  265   61 37.0 73.0 1
    2  414  174   28 49.0 82.0 1
    1 1383  265  174 37.0 49.0 1
    1 1209  180  174 48.0 49.0 1
    4  360   61   28 73.0 82.0 1
    4  436  174   28 49.0 82.0 0
