 100  26   2  15
    7 1604  187  187 47.0 47.0 1
    1  419   69   69 71.0 71.0 1
    4  416   69   69 71.0 71.0 0
    5 1425  297   77 34.0 69.0 1
    3 1081  297   69 34.0 71.0 0
    1  792  230  102 41.0 63.0 1
    5 1955  230  102 41.0 63.0 1
    2 1417  297   69 34.0 71.0 1
    2  674  230  102 41.0 63.0 1
    1 3252  145    0 54.0 90.0 1
    2 1055  145    0 54.0 90.0 1
    4 3354  168    0 50.0 90.0 1
    6 1049  168  145 50.0 54.0 1
    7 3569  168    0 50.0 90.0 1
    5 3347  145  145 54.0 54.0 1
    7 1641  145   32 54.0 81.0 1
    2 3226  145   32 54.0 81.0 1
    2 2659  168   32 50.0 81.0 1
    9 3019  168   32 50.0 81.0 1
    8 1343  168    0 50.0 90.0 1
    4 3008  168  145 50.0 54.0 1
    1 2799  168   32 50.0 81.0 1
    5 1087  145  145 54.0 54.0 1
    3 2820  145   32 54.0 81.0 1
    3 1769  145    0 54.0 90.0 1
    1 1030  145    0 54.0 90.0 1
