 100  30   4  16
    5  422   81   81 68.0 68.0 1
    6  908   89   89 66.0 66.0 1
    3 1404   81   81 68.0 68.0 1
    4 1402   81   21 68.0 84.0 1
    1  761   89   81 66.0 68.0 1
    3  584   89   21 66.0 84.0 1
    2 1757   89   81 66.0 68.0 1
    3 1386   89   21 66.0 84.0 1
    1 3404   89   81 66.0 68.0 1
    6 1614  247   35 39.0 80.0 1
    4 1876   35    0 80.0 90.0 1
    2 2938  297   35 34.0 80.0 0
    4 2013  297    0 34.0 90.0 1
    4 1755   35    0 80.0 90.0 1
    3 3028  247    0 39.0 90.0 1
    4 2893  120    0 59.0 90.0 1
    5 1103  308  193 33.0 46.0 1
    5 1732  297  193 34.0 46.0 1
    5 1271  297    0 34.0 90.0 1
    2  865  308  120 33.0 59.0 1
    2 3403  308  120 33.0 59.0 1
    3 1763  130   39 57.0 79.0 1
    4  760  238   93 40.0 65.0 0
    2  539  130    7 57.0 88.0 1
    4  768  238  130 40.0 57.0 1
    1 1060   93   39 65.0 79.0 1
    2 2931  130    0 57.0 90.0 1
    2  316  130    7 57.0 88.0 0
    2  666  238    0 40.0 90.0 1
    6 1361  238   93 40.0 65.0 1
