 100  20   4  15
    6  674  135  135 56.0 56.0 1
    1  539  115  115 60.0 60.0 1
    2 2828   65    0 72.0 90.0 1
    2 2496  256  214 38.0 43.0 1
    8 2874  115    0 60.0 90.0 1
    3 2774   17    7 85.0 88.0 0
    1  721   17    7 85.0 88.0 1
    6  934   17    0 85.0 90.0 1
    9 3347    7    0 88.0 90.0 1
    3  662   32    7 81.0 88.0 1
    1 2556   73   32 70.0 81.0 1
    6  962   89   50 66.0 76.0 1
    8 1393   89   32 66.0 81.0 0
    9  659   73   50 70.0 76.0 1
    7 2367   89   32 66.0 81.0 1
    7 3520  238   65 40.0 72.0 1
    7 3084  297  256 34.0 38.0 1
    4 2944  256  238 38.0 40.0 1
    2  555   39    0 79.0 90.0 1
    8 3031  256   65 38.0 72.0 0
