 100  28   1  13
    4  717   32   32 81.0 81.0 1
    1 3120  145   46 54.0 77.0 1
    5 1183   85   32 67.0 81.0 1
    1 2771   85   32 67.0 81.0 1
    6 2228   46   28 77.0 82.0 1
    6 2764   32    0 81.0 90.0 0
    1  938   85   28 67.0 82.0 1
    3 2949   28   28 82.0 82.0 1
    3 1338  145   43 54.0 78.0 1
    4 3598   85   46 67.0 77.0 1
    1  696  120   43 59.0 78.0 1
    1 3462   85   46 67.0 77.0 1
    4 2657  120    0 59.0 90.0 1
    5 1267   32   28 81.0 82.0 1
    5 2958   85   77 67.0 69.0 0
    2 1609   32    0 81.0 90.0 1
    6  809   85   32 67.0 81.0 0
    4  688  145   28 54.0 82.0 1
    3 1873   28    0 82.0 90.0 1
    2  892  120   85 59.0 67.0 1
    3 3147  145    0 54.0 90.0 1
    3 2123  145  120 54.0 59.0 1
    4 3489  145   32 54.0 81.0 1
    6  455   43    0 78.0 90.0 1
    6 2703   77   28 69.0 82.0 1
    1  387  145   43 54.0 78.0 1
    4  939   85   28 67.0 82.0 1
    6 3022   28    0 82.0 90.0 1
