 100  29   2  15
    5 1667   14   14 86.0 86.0 1
    4 3562   14   14 86.0 86.0 1
    3 1013   54   28 75.0 82.0 1
    6 1313  346   54 30.0 75.0 1
    1 2026  346   28 30.0 82.0 1
    5 2212  333   54 31.0 75.0 1
    4 1006  333   54 31.0 75.0 1
    2 2721  346   14 30.0 86.0 0
    1  528   54    0 75.0 90.0 1
    4 3553  346   54 30.0 75.0 1
    6 1857  333    0 31.0 90.0 0
    3 2748  140   14 55.0 86.0 1
    4 1434  346  193 30.0 46.0 1
    5 2938  193   14 46.0 86.0 1
    2  544  193    0 46.0 90.0 0
    2 1210  333    0 31.0 90.0 1
    3  727  140   54 55.0 75.0 1
    2 1914  140   28 55.0 82.0 1
    2 2911  333   54 31.0 75.0 1
    5 2122  346  193 30.0 46.0 1
    6 3227  346    0 30.0 90.0 0
    2 2900  333   28 31.0 82.0 1
    4 1251   54   14 75.0 86.0 0
    6 1473  193   54 46.0 75.0 1
    3 1143  135   17 56.0 85.0 1
    1 1129   17    0 85.0 90.0 1
    3 2314   85    0 67.0 90.0 1
    3  982   85    0 67.0 90.0 1
    3 1882   85    0 67.0 90.0 1
