 100  18   3  16
    7 1478  230  230 41.0 41.0 0
    2  561   50   50 76.0 76.0 1
   11 3174  320   50 32.0 76.0 1
   10  960  230    0 41.0 90.0 1
    2 1014   50    0 76.0 90.0 1
    6  759  230   50 41.0 76.0 1
    1 1521   10    0 87.0 90.0 1
    7  898  238   50 40.0 76.0 1
    8 2700  238    3 40.0 89.0 1
    1 3098   85   50 67.0 76.0 1
    9  310   85    3 67.0 89.0 1
    1  574  238    3 40.0 89.0 0
    3 2715  238   69 40.0 71.0 1
    9  765   98   46 64.0 77.0 1
    5 3375  286  145 35.0 54.0 0
    2 3210  145   98 54.0 64.0 1
    9 1183   85   10 67.0 87.0 1
    7 1601  214   85 43.0 67.0 0
