 100  17   1  14
    7 1335  130  130 57.0 57.0 1
    9  825   32   32 81.0 81.0 1
    8 1561   32   32 81.0 81.0 1
    6 1127   43   43 78.0 78.0 1
    8 1013  130  130 57.0 57.0 1
   10  810   57   57 74.0 74.0 1
    6  524   57    0 74.0 90.0 1
    5 2873  214    0 43.0 90.0 1
    2 1576   57   32 74.0 81.0 1
    1 1001  238   32 40.0 81.0 1
    1 3197  265   57 37.0 74.0 1
   10 1221   43    0 78.0 90.0 1
    3 1277  214    0 43.0 90.0 1
    8 1797  238    0 40.0 90.0 1
    2 1328  265   57 37.0 74.0 1
    3 1131  238  214 40.0 43.0 1
   11  649  238   57 40.0 74.0 1
