 100  16   3  15
    1 3171  106  106 62.0 62.0 1
   12  918  106   81 62.0 68.0 1
    2 1215  238    0 40.0 90.0 1
    3 2043   81   21 68.0 84.0 1
    3  793  106   21 62.0 84.0 1
   15 2419   21    0 84.0 90.0 0
    2 2013  256   57 38.0 74.0 1
    6 1473  130    0 57.0 90.0 1
   11 2988  256   57 38.0 74.0 1
    6 3496   57    0 74.0 90.0 1
   13 2514  247   46 39.0 77.0 1
    3  814   93    7 65.0 88.0 1
    2 1934  162    7 51.0 88.0 1
    9 1848    7    0 88.0 90.0 1
    2 3546  162   93 51.0 65.0 1
   10 3157    7    0 88.0 90.0 1
