 100  26   3  16
    5 3529  125   28 58.0 82.0 0
    7  726   28    3 82.0 89.0 1
    4  911  193    3 46.0 89.0 1
    4 1183  193  145 46.0 54.0 1
    1  573  193   43 46.0 78.0 1
    5  391   28    0 82.0 90.0 1
    4 1664  145   28 54.0 82.0 1
    2 1317  193    3 46.0 89.0 1
    4 1121    3    0 89.0 90.0 1
    6 1148  222  187 42.0 47.0 1
    3  520  102    0 63.0 90.0 0
    5 1465   81    0 68.0 90.0 1
    3 1447  115   65 60.0 72.0 1
    7 3212  187  115 47.0 60.0 1
    4  417   65   61 72.0 73.0 1
    2  533  115   65 60.0 72.0 1
    6 1643  140  115 55.0 60.0 1
    1  941  222  187 42.0 47.0 1
    1 2230  346  256 30.0 38.0 1
    4  498  168    0 50.0 90.0 1
    7 2370  256  168 38.0 50.0 1
    5 3435  346    0 30.0 90.0 1
    3 1627   81    7 68.0 88.0 1
    5 2615  168    7 50.0 88.0 1
    1 2609   65    7 72.0 88.0 1
    1 2942  256   65 38.0 72.0 1
