 100  20   1  14
    5  724   14   14 86.0 86.0 1
    1  595   14   14 86.0 86.0 1
    8 1112   14   14 86.0 86.0 1
    4  664    7    7 88.0 88.0 1
    1 1502  125   14 58.0 86.0 1
   10 1315  125   14 58.0 86.0 1
    5  982   14   14 86.0 86.0 1
   10 1159   14   14 86.0 86.0 0
    7 1696  346   14 30.0 86.0 1
    2 1375  125   14 58.0 86.0 1
    8  642   14    7 86.0 88.0 1
    5 1221  247   14 39.0 86.0 1
    2 1215   14    0 86.0 90.0 1
    8 1792  125    0 58.0 90.0 0
    1  452   14    0 86.0 90.0 1
    9 3214  247   14 39.0 86.0 1
    1  831    7    0 88.0 90.0 1
    8 1273  125    0 58.0 90.0 1
    3 1707   14   14 86.0 86.0 1
    2 1798  125    7 58.0 88.0 1
