 100  29   1  13
    4 2154  297  297 34.0 34.0 1
    4  638    3    3 89.0 89.0 0
    4 3055  120  120 59.0 59.0 1
    4 1482  297  297 34.0 34.0 1
    5 1158   39   39 79.0 79.0 1
    2 3546   39   39 79.0 79.0 1
    3 2066  193  193 46.0 46.0 1
    6  444   81   81 68.0 68.0 1
    1 1137  187  187 47.0 47.0 1
    4  842  180  180 48.0 48.0 1
    5 3378   81   81 68.0 68.0 1
    6 2485  193  193 46.0 46.0 1
    2 2695   81   81 68.0 68.0 1
    5 1743  180  180 48.0 48.0 1
    2  537   39    3 79.0 89.0 1
    2 2045  187  120 47.0 59.0 1
    4 1471  193  180 46.0 48.0 1
    4  523  180    0 48.0 90.0 1
    5 1931  297   81 34.0 68.0 1
    1  415  187    3 47.0 89.0 1
    7 3093  120   39 59.0 79.0 1
    7 3583  180  120 48.0 59.0 1
    1 1480  297   81 34.0 68.0 1
    3  723  187    0 47.0 90.0 1
    1  613  180    0 48.0 90.0 1
    1 2216  193   39 46.0 79.0 1
    5 1618  193  180 46.0 48.0 1
    1 1856  120   39 59.0 79.0 0
    1 1595   81    0 68.0 90.0 1
