 100  25   1  13
    1 1340  286  286 35.0 35.0 1
    1 1776  111  111 61.0 61.0 1
    1 2225  111  111 61.0 61.0 1
    4 1298  111  111 61.0 61.0 1
    7 1362  111  111 61.0 61.0 1
    1  543  111  111 61.0 61.0 0
    4 1357  111    0 61.0 90.0 0
    2  785  151    0 53.0 90.0 1
    1 1862  111    0 61.0 90.0 1
    6 1853  111    0 61.0 90.0 1
    4 1264  286  151 35.0 53.0 1
    2 1558  151    0 53.0 90.0 1
    2 3436  111    0 61.0 90.0 1
    5 2032  151  111 53.0 61.0 1
    4 2181  151  111 53.0 61.0 1
    4  438  111    0 61.0 90.0 1
    8 3295  151    0 53.0 90.0 0
   10  874  286  151 35.0 53.0 0
    5 2011  286  111 35.0 61.0 1
    4 2057  151    0 53.0 90.0 1
    1 2547  151    0 53.0 90.0 1
    7  654  151  111 53.0 61.0 1
   10 2978  151  111 53.0 61.0 1
    5 1993  111    0 61.0 90.0 1
    1  424  151    0 53.0 90.0 1
