 100  25   1  13
    6 2720  174  174 49.0 49.0 1
    4 3169    7    7 88.0 88.0 1
    6 2621  130   69 57.0 71.0 1
    1 2075  174   65 49.0 72.0 1
    6 1345  214  102 43.0 63.0 1
    3 3180   65    0 72.0 90.0 1
    1  318  130    0 57.0 90.0 1
    6  902  214  174 43.0 49.0 1
    3 1433    7    0 88.0 90.0 1
    4 2107  174  102 49.0 63.0 1
    5 3172  130   65 57.0 72.0 1
    4 2868  214    7 43.0 88.0 1
    5 2714  214    0 43.0 90.0 0
    5 2518  214   69 43.0 71.0 0
    4 1689  214   69 43.0 71.0 1
    6 1252   25    7 83.0 88.0 1
    5  664  174  130 49.0 57.0 1
    5 3376  238    7 40.0 88.0 0
    1 2680  130   25 57.0 83.0 1
    4 3111  238   65 40.0 72.0 0
    2  926   69   25 71.0 83.0 1
    2  730  102    7 63.0 88.0 1
    5 1609   65    0 72.0 90.0 1
    2 2627  174    0 49.0 90.0 1
    5 3519   69    0 71.0 90.0 1
