 100  30   1  13
    5 1479  162  162 51.0 51.0 1
    2 2526  162  162 51.0 51.0 0
    5 1089   85   85 67.0 67.0 0
    5  984   93   93 65.0 65.0 1
    1  533   93   93 65.0 65.0 1
    1  646  174   85 49.0 67.0 1
    1 3309  156   93 52.0 65.0 1
    7 1724  156  140 52.0 55.0 1
    1  333  162    0 51.0 90.0 0
    5  490  207    0 44.0 90.0 1
    1 1337  162   93 51.0 65.0 1
    4 1186  156  140 52.0 55.0 1
    5  822  207    0 44.0 90.0 1
    4 2013   93   85 65.0 67.0 1
    1 1465  174  140 49.0 55.0 1
    1  770  162   93 51.0 65.0 1
    4 3577  156  156 52.0 52.0 1
    2 1513  174  140 49.0 55.0 1
    2 1979  156   85 52.0 67.0 1
    5 1799  162   85 51.0 67.0 1
    7 3588   93    0 65.0 90.0 1
    1 1263   85    0 67.0 90.0 1
    3 1777   93   85 65.0 67.0 1
    4 1530  156   85 52.0 67.0 1
    7 2726  156  156 52.0 52.0 1
    1 1166  207  156 44.0 52.0 1
    2 1069  174  162 49.0 51.0 1
    5 2945  140   85 55.0 67.0 1
    7 2622  140    0 55.0 90.0 1
    1 1363  174  156 49.0 52.0 1
