 100  25   1  14
    4  719   43   43 78.0 78.0 1
    6  305   10   10 87.0 87.0 1
    5  337   69   69 71.0 71.0 1
    8 1159  256  256 38.0 38.0 1
    8 1514  256  256 38.0 38.0 1
    1 1773   10    0 87.0 90.0 1
    1 1228  130    0 57.0 90.0 1
    5  485   69   10 71.0 87.0 1
    2 1138   69   10 71.0 87.0 1
    8  368  130   43 57.0 78.0 0
    6 1480  256    0 38.0 90.0 1
    3  891  256  130 38.0 57.0 0
    3  391   69    0 71.0 90.0 1
    4 1581   69   43 71.0 78.0 1
    6 1010   69   10 71.0 87.0 1
    1  542  130    0 57.0 90.0 1
    4  805  130   69 57.0 71.0 1
    7 1089   43    0 78.0 90.0 1
    1 1563  256    0 38.0 90.0 1
    7 1027  256   43 38.0 78.0 1
    2 1235  256   43 38.0 78.0 1
    1  867  130   10 57.0 87.0 1
    3 1330   10    0 87.0 90.0 1
    2 1570   69   10 71.0 87.0 1
    2 2888   69   43 71.0 78.0 1
