 100  15   2  16
    8  490   25   10 83.0 87.0 1
    1 2728  256   54 38.0 75.0 1
   12 1011   25   17 83.0 85.0 1
   10  740  256   25 38.0 83.0 1
   14  308   54   17 75.0 85.0 1
    7  780  256   17 38.0 85.0 1
    6  996  168   54 50.0 75.0 1
    2  660  256   17 38.0 85.0 1
    2 1469  256    0 38.0 90.0 0
    4  404   25   17 83.0 85.0 1
    6 3533   57   39 74.0 79.0 1
   10  866   57   25 74.0 83.0 1
   10 2143  230    0 41.0 90.0 1
    2  932   39    0 79.0 90.0 1
    6 1526  222   25 42.0 83.0 1
