 100  18   1  13
    5 3342   10   10 87.0 87.0 1
    6 2863  333  333 31.0 31.0 1
    4 1050  222   57 42.0 74.0 1
   12 1652   57    0 74.0 90.0 1
    2 2419  333   57 31.0 74.0 1
    2 1157  265   10 37.0 87.0 0
   12 2607  151   57 53.0 74.0 1
    5 2528  265   57 37.0 74.0 1
    3 3459  265    0 37.0 90.0 1
    4 1031   57    0 74.0 90.0 1
    4 1789  151   57 53.0 74.0 1
    6  751  265    0 37.0 90.0 1
    4 1241  222  151 42.0 53.0 1
    2 3031  222  151 42.0 53.0 0
    5 1072  333    0 31.0 90.0 1
    6 3123   57   10 74.0 87.0 1
   11 1886   57    0 74.0 90.0 0
    7 3161  265    0 37.0 90.0 1
