 100  20   3  15
   10  386   54   54 75.0 75.0 1
    2 2356   93   93 65.0 65.0 1
    6 3139  247  247 39.0 39.0 1
    6 2863  247   54 39.0 75.0 1
    3 2082   85   25 67.0 83.0 1
    5 1458   43    0 78.0 90.0 0
   10 1510   54    0 75.0 90.0 1
    1 2876  115   61 60.0 73.0 1
    4 2334   61    0 73.0 90.0 1
    3  647   61    0 73.0 90.0 1
    5 3273  115   61 60.0 73.0 1
    3 2181   61    0 73.0 90.0 1
    6 1280  115   61 60.0 73.0 1
    4 2018   61    0 73.0 90.0 1
    6 2652   61    0 73.0 90.0 1
    1 2477   43   43 78.0 78.0 1
    6 2576  174   93 49.0 65.0 1
    4 1977   43    0 78.0 90.0 1
    7 2750   93   43 65.0 78.0 1
    8 1243  180   93 48.0 65.0 1
