 100  20   1  14
    4  991   50   50 76.0 76.0 1
    8  568  120  120 59.0 59.0 1
   10 3430  120  120 59.0 59.0 1
    4  878   73    0 70.0 90.0 1
    6  348  125    0 58.0 90.0 1
    4 1261   98   73 64.0 70.0 1
   10 3372   73    0 70.0 90.0 1
    4  981  162    0 51.0 90.0 1
    9 1571   57   50 74.0 76.0 1
    6 1326  125   57 58.0 74.0 1
    1 1325   73    0 70.0 90.0 1
    7  751   50    0 76.0 90.0 0
    3  307   73   50 70.0 76.0 1
    4  549  162   98 51.0 64.0 1
    4  487  162    0 51.0 90.0 1
    2  815   73   50 70.0 76.0 1
    1  509   73   57 70.0 74.0 1
    2  715   50    0 76.0 90.0 1
    2  478  125    0 58.0 90.0 1
    9 1256  125  120 58.0 59.0 0
