 100  18   2  16
    5 1617  247  247 39.0 39.0 1
   10 1617  125  125 58.0 58.0 1
    4 1111  125   10 58.0 87.0 0
    5 1077   57   10 74.0 87.0 1
   10 3136  247   10 39.0 87.0 1
    6  955  247  230 39.0 41.0 1
    4  790  230  125 41.0 58.0 1
    2 1660  111    0 61.0 90.0 1
   10 1362   57    0 74.0 90.0 1
    4 3438   57    0 74.0 90.0 1
    1 1640  247  125 39.0 58.0 1
    7 1789   46    7 77.0 88.0 1
    3 1531    7    0 88.0 90.0 1
    6  843   46    0 77.0 90.0 1
    8 2961  247   28 39.0 82.0 1
    8  852   46    0 77.0 90.0 1
    4 1484   28    3 82.0 89.0 1
    3  768  247   46 39.0 77.0 1
