 100  25   2  16
    2 1010  214  214 43.0 43.0 1
    1  798   65   65 72.0 72.0 1
    1 1673   65   65 72.0 72.0 1
    5 1479   39   39 79.0 79.0 1
    2 1211   65   65 72.0 72.0 1
    6 1261  275   39 36.0 79.0 1
    6 1062  214   39 43.0 79.0 1
    1  577  214    0 43.0 90.0 1
    7 3248   65   39 72.0 79.0 1
    1 1521   65   39 72.0 79.0 1
    5 1931  200   39 45.0 79.0 1
    6  523  200    0 45.0 90.0 1
    6 3092  265  200 37.0 45.0 1
    1 2169   10    0 87.0 90.0 1
    7  355   39    0 79.0 90.0 1
    4 2512   10    0 87.0 90.0 1
    4  826  200    0 45.0 90.0 1
    7  701  200   39 45.0 79.0 1
    5 1485   39    0 79.0 90.0 1
    3  691  265   39 37.0 79.0 1
    6 2101  265   39 37.0 79.0 0
    4 3245  200   39 45.0 79.0 1
    5 2320   39   10 79.0 87.0 1
    2  410   39    0 79.0 90.0 1
    3  969  200    0 45.0 90.0 0
