 100  26   4  16
    1  417  125    0 58.0 90.0 1
    8 1623  333   50 31.0 76.0 1
    1 1096  333   57 31.0 74.0 1
    2 3123  333    0 31.0 90.0 1
    2  773   57    0 74.0 90.0 1
    5  646  174  125 49.0 58.0 1
    1 1508   57    3 74.0 89.0 1
    2  732  125    0 58.0 90.0 0
    1 1290   57    0 74.0 90.0 1
    8 1320   57   54 74.0 75.0 1
    7 1774   57   54 74.0 75.0 1
    5  772   57    0 74.0 90.0 0
    4 1568   57   54 74.0 75.0 0
    1 2713   54    0 75.0 90.0 1
    2 2839  222   65 42.0 72.0 1
    3  935  238  222 40.0 42.0 1
    2  546  238   14 40.0 86.0 1
    5 2924  145   65 54.0 72.0 1
    3  347   65   14 72.0 86.0 0
    8  735  200  145 45.0 54.0 1
    3  302   14    0 86.0 90.0 1
    4 2834  120   10 59.0 87.0 1
    6 1172  151  130 53.0 57.0 0
    6 3428  135   39 56.0 79.0 1
    3  326  135    0 56.0 90.0 1
    7 2481  130   39 57.0 79.0 1
