 100  23   3  19
    1 1172  180   57 48.0 74.0 1
    4  703  135    0 56.0 90.0 1
    3  453  168    0 50.0 90.0 1
    2 1034  180  168 48.0 50.0 1
    5 2419  135   57 56.0 74.0 1
    4  432   57    0 74.0 90.0 1
    5 1749  286    0 35.0 90.0 1
    6 1939  162  115 51.0 60.0 1
    6  769  140  111 55.0 61.0 1
    5 1310  286  115 35.0 60.0 1
    3 2298  256  162 38.0 51.0 1
    7 2719  286  111 35.0 61.0 1
    6 3242  286  162 35.0 51.0 1
    3 2354  115  111 60.0 61.0 1
    1 3084  238  115 40.0 60.0 1
    6 2443  286  140 35.0 55.0 1
    4  886  115   69 60.0 71.0 1
    2 2046  320  130 32.0 57.0 1
    5 2959  130    0 57.0 90.0 0
    6 2223  130  115 57.0 60.0 0
    5 1203  130  115 57.0 60.0 1
    6 3333  130  115 57.0 60.0 0
    5 1012  320    0 32.0 90.0 1
