 100  29   1  17
    4 3450  256  256 38.0 38.0 1
    1  424  168    0 50.0 90.0 1
    6 2745  168  168 50.0 50.0 0
    6  459  168    0 50.0 90.0 1
    5  726  168  168 50.0 50.0 1
    4 2200  168  168 50.0 50.0 1
    4 2366  168  168 50.0 50.0 1
    2 2616  265    0 37.0 90.0 1
    4 1508  256  247 38.0 39.0 1
    4 3568  256  145 38.0 54.0 1
    2 1038  247  145 39.0 54.0 1
    3 1043  247  145 39.0 54.0 1
    4 1465  265  145 37.0 54.0 1
    2 3583  168  145 50.0 54.0 1
    2 2086  247  145 39.0 54.0 1
    2 1171  256  247 38.0 39.0 1
    5 2481  265  256 37.0 38.0 1
    3 3021  265    0 37.0 90.0 1
    6 2121  168  145 50.0 54.0 0
    3 1183  256  145 38.0 54.0 1
    4  839  168    0 50.0 90.0 1
    3 2246  256  145 38.0 54.0 1
    2  983  256  145 38.0 54.0 1
    1 1480  247    0 39.0 90.0 1
    4 1431  256  247 38.0 39.0 1
    2 1405  247    0 39.0 90.0 1
    5 2368  256  168 38.0 50.0 1
    3 1573  256  145 38.0 54.0 1
    4  812  256  145 38.0 54.0 1
