 100  18   1  18
    7 1385  168  168 50.0 50.0 1
    3 1693  308    0 33.0 90.0 1
    3  523  207    0 44.0 90.0 1
    5  969  308  168 33.0 50.0 1
    8  417  207    0 44.0 90.0 1
    6  969  207    0 44.0 90.0 1
    3 1413  207    0 44.0 90.0 1
    6 1517  308  207 33.0 44.0 1
   10 1761  207    0 44.0 90.0 1
    6  670  207    0 44.0 90.0 1
    5  701  168    0 50.0 90.0 1
    9 1107  308  207 33.0 44.0 1
    4  727  168    0 50.0 90.0 1
    6  893  168    0 50.0 90.0 1
    7 3207  168    0 50.0 90.0 0
    5  748  207    0 44.0 90.0 1
    4  928  308    0 33.0 90.0 1
    3  508  168    0 50.0 90.0 1
