 100  15   1  17
    9 2645  207  156 44.0 52.0 0
    7 3014  207    0 44.0 90.0 1
    7 1164  156    0 52.0 90.0 1
    8 3580  207   73 44.0 70.0 1
    8 2401  214    0 43.0 90.0 1
    3 2360  214  156 43.0 52.0 1
    4 3026  207    0 44.0 90.0 1
    6 3080  214  156 43.0 52.0 1
    7  585  207    0 44.0 90.0 1
    5 2539  214    0 43.0 90.0 1
    4 1380  207   73 44.0 70.0 0
    9 1538   73    0 70.0 90.0 1
    7 1449  207    0 44.0 90.0 1
    7  857  214   73 43.0 70.0 0
    9 3448   73    0 70.0 90.0 1
