 100  22   1  17
    2 2571  140  140 55.0 55.0 1
    6 3458  230  230 41.0 41.0 1
    4 2510  230  125 41.0 58.0 0
    6 1637  140  111 55.0 61.0 1
    4 1414  230  125 41.0 58.0 1
    3  507  230    0 41.0 90.0 1
    3 1864  256  111 38.0 61.0 1
    2  764  193  115 46.0 60.0 1
    6  688  140  111 55.0 61.0 1
    6 2616  115    0 60.0 90.0 1
    5  575  111  111 61.0 61.0 1
    6 3322  256  230 38.0 41.0 1
    6  801  230    0 41.0 90.0 1
    7 1927  125  111 58.0 61.0 1
    2 1866  230  111 41.0 61.0 1
    5 3577  125    0 58.0 90.0 1
    2  403  115    0 60.0 90.0 1
    3 1023  230  115 41.0 60.0 1
    4 2303  256  193 38.0 46.0 1
    6  735  230  111 41.0 61.0 1
    6 1214  125  111 58.0 61.0 1
    6  916  125  111 58.0 61.0 1
