 100  28   4  20
    5  443   14   14 86.0 86.0 1
    1  490   21   21 84.0 84.0 1
    2 3366  140  140 55.0 55.0 0
    5 1569  140   14 55.0 86.0 1
    5  894  222    0 42.0 90.0 1
    5  387   14    0 86.0 90.0 1
    5 2972   14    0 86.0 90.0 1
    5 1754   46   21 77.0 84.0 1
    5 3547  145   61 54.0 73.0 1
    5 1006  145   85 54.0 67.0 1
    5 1174   85    0 67.0 90.0 1
    2 1245   85   61 67.0 73.0 1
    3 3108   85    0 67.0 90.0 1
    2 1552   85    0 67.0 90.0 1
    3 1147  214    0 43.0 90.0 1
    2 3261   85    0 67.0 90.0 1
    3 1092  214   25 43.0 83.0 1
    5 1316   85    0 67.0 90.0 1
    4 1055  214   85 43.0 67.0 1
    4 3567  207   25 44.0 83.0 1
    3  485   85   25 67.0 83.0 0
    5 1186  130   85 57.0 67.0 1
    3 2955  102   85 63.0 67.0 1
    3  939  102   25 63.0 83.0 1
    2  904   85    0 67.0 90.0 1
    2 1183   85    0 67.0 90.0 1
    2 1643   85    0 67.0 90.0 1
    4 1751  102   85 63.0 67.0 1
