 100  25   5  19
    4 1554  200  200 45.0 45.0 1
    5 2171  200    0 45.0 90.0 1
    3  528  200    0 45.0 90.0 1
    3 2628  200  162 45.0 51.0 1
    4 2438  200    0 45.0 90.0 1
    6  630   39    0 79.0 90.0 1
    5 2351   25   17 83.0 85.0 1
    6 2487   39   25 79.0 83.0 1
    4 1602   39   25 79.0 83.0 1
    6  920   17    0 85.0 90.0 1
    4 2953   54    0 75.0 90.0 1
    5 3176   46    0 77.0 90.0 0
    4 1009  207    0 44.0 90.0 0
    2 2009  265   54 37.0 75.0 1
    4 3489   54   32 75.0 81.0 1
    5  303   10    0 87.0 90.0 1
    4 1056  275   43 36.0 78.0 1
    5 1236  275   46 36.0 77.0 1
    1 2285   46   10 77.0 87.0 1
    2 1605  168   50 50.0 76.0 1
    3 2677  222  130 42.0 57.0 1
    4 2820   57   14 74.0 86.0 1
    3 1288  130   54 57.0 75.0 1
    4 3326   54   14 75.0 86.0 1
    4 2749  130   54 57.0 75.0 1
