 100  27   5  20
    3 1003   35   35 80.0 80.0 1
    6  688   17   17 85.0 85.0 1
    5  974   35   17 80.0 85.0 1
    2  422   35   17 80.0 85.0 0
    5 2990   35    0 80.0 90.0 1
    3  710  168   39 50.0 79.0 1
    2  938  247    0 39.0 90.0 1
    3 1140  247  168 39.0 50.0 1
    2 2044  275   28 36.0 82.0 1
    5 2011  115   39 60.0 79.0 1
    2  688  275    0 36.0 90.0 1
    2 1228   73   57 70.0 74.0 1
    4 2766   73   57 70.0 74.0 1
    4 1641   73    0 70.0 90.0 1
    5  672   57   50 74.0 76.0 1
    4 2733   73   50 70.0 76.0 1
    5  888   57    0 74.0 90.0 1
    6 3496   98    0 64.0 90.0 1
    2 1390   98   28 64.0 82.0 1
    5 1500   57   28 74.0 82.0 1
    3  821   28    0 82.0 90.0 1
    5 1541   57   57 74.0 74.0 1
    2 2799  120   54 59.0 75.0 1
    2 3352  130  106 57.0 62.0 1
    3 1420  120    0 59.0 90.0 0
    5 1311  200  102 45.0 63.0 1
    5 1564  120   25 59.0 83.0 1
