 100  26   5  19
    5 3128  168    0 50.0 90.0 1
    2 1539  168   54 50.0 75.0 1
    5 3302   54    0 75.0 90.0 1
    6 2173  168   21 50.0 84.0 1
    6 2356  275   21 36.0 84.0 1
    3 1500   28    0 82.0 90.0 1
    3 1183   69   54 71.0 75.0 1
    5 1923  207   54 44.0 75.0 1
    3 1934  346   69 30.0 71.0 1
    4 3140  168   28 50.0 82.0 1
    3 2125  275    0 36.0 90.0 1
    2 2652  275    0 36.0 90.0 1
    3 2791  275  102 36.0 63.0 1
    3 2417  102    0 63.0 90.0 1
    4 2225  275  102 36.0 63.0 1
    3 2093  102    0 63.0 90.0 1
    4 2809  230  130 41.0 57.0 1
    6 2538  180    0 48.0 90.0 1
    1 1705  320  180 32.0 48.0 1
    4 3311  162    0 51.0 90.0 0
    2 2812  102   77 63.0 69.0 1
    5  470   98    0 64.0 90.0 1
    6 2259   98   10 64.0 87.0 1
    2 1332   10    0 87.0 90.0 1
    5 2090  308    0 33.0 90.0 1
    5 3419  111   98 61.0 64.0 1
