 100  30   4  19
    2 2822   57   57 74.0 74.0 1
    6 2075   57    0 74.0 90.0 1
    5 3423  168  120 50.0 59.0 0
    5 2214  106    0 62.0 90.0 1
    5 1211  333  151 31.0 53.0 1
    2  920  333    0 31.0 90.0 1
    2 1632  168   57 50.0 74.0 1
    2  716  120    0 59.0 90.0 0
    1 2207  151    0 53.0 90.0 1
    4 2314  151  111 53.0 61.0 1
    2 2847  111    0 61.0 90.0 1
    2 2312  151   81 53.0 68.0 1
    2 1473  151  111 53.0 61.0 0
    2  401  111    0 61.0 90.0 1
    5  993  151   81 53.0 68.0 1
    5 2459  111    0 61.0 90.0 0
    2 2223  151    0 53.0 90.0 1
    4  546  111   81 61.0 68.0 1
    6 1885  346   54 30.0 75.0 1
    6  795  346    0 30.0 90.0 1
    1 3167  346  180 30.0 48.0 1
    3 3068  214  140 43.0 55.0 1
    3 1843  346  140 30.0 55.0 1
    5 2842  214    0 43.0 90.0 1
    4 2191  346    0 30.0 90.0 1
    3 3258   81   25 68.0 83.0 1
    3 3119   25    0 83.0 90.0 1
    4  540   81   25 68.0 83.0 1
    2 1740  106   25 62.0 83.0 1
    2 1555  106    0 62.0 90.0 1
