 100  25   1  17
    2 2478  265  265 37.0 37.0 1
    3 2692   14   14 86.0 86.0 0
    6 1913  297  297 34.0 34.0 1
    4 3124  200  200 45.0 45.0 1
    6 1553   14   14 86.0 86.0 1
    2 2457   25   25 83.0 83.0 1
    6 1360  265  265 37.0 37.0 1
    3 3276    3    3 89.0 89.0 1
    2  795   25   25 83.0 83.0 1
    5 1410   25   25 83.0 83.0 1
    4 3260   46   46 77.0 77.0 1
    5 3001  265   14 37.0 86.0 1
    4  642  187   46 47.0 77.0 1
    3  697   25    3 83.0 89.0 0
    4 3547  187    3 47.0 89.0 1
    2  803   46   14 77.0 86.0 1
    5 3304  265    3 37.0 89.0 1
    3  738   57    3 74.0 89.0 1
    3  593   46    3 77.0 89.0 1
    4 1377  297   57 34.0 74.0 1
    5 1327   57    0 74.0 90.0 1
    5 3329   57   25 74.0 83.0 1
    2 3262  297   46 34.0 77.0 1
    6 1693  187   46 47.0 77.0 1
    6 1578   25    3 83.0 89.0 1
