 100  21   1  18
    7  967  200  200 45.0 45.0 1
    6 1787   85   85 67.0 67.0 1
    6 1454  297  297 34.0 34.0 1
    7 1153   21   21 84.0 84.0 1
    3  323   35   21 80.0 84.0 1
    4 1067  297    0 34.0 90.0 1
    3  469   21    0 84.0 90.0 1
    6  473  200    0 45.0 90.0 1
    3 1066  297  200 34.0 45.0 1
    3 3475  333   85 31.0 67.0 1
    7 1404  297   21 34.0 84.0 0
    5  445  200   21 45.0 84.0 1
    3 1735   85   35 67.0 80.0 1
    4  654   35    0 80.0 90.0 1
    2 3354  333   85 31.0 67.0 1
    4 1306   21    0 84.0 90.0 1
    6 1217  333    0 31.0 90.0 1
    6  628  200    0 45.0 90.0 1
    6 1239  333   85 31.0 67.0 0
    3 1162  297   85 34.0 67.0 1
    6  356   21    0 84.0 90.0 1
