 100  17   2  19
    5 1870  320  320 32.0 32.0 1
    9  389   46   46 77.0 77.0 1
    7 2054  320  320 32.0 32.0 1
    8 1467  297  297 34.0 34.0 1
    5  834  168  111 50.0 61.0 0
    4 3087  320  111 32.0 61.0 1
    9 2237  230  135 41.0 56.0 1
    6 3356  230  120 41.0 59.0 1
    3 3079  320  168 32.0 50.0 1
    4 1915  230  120 41.0 59.0 1
    3 1056   43    0 78.0 90.0 1
    4  300   43    0 78.0 90.0 1
    9 2141   43    0 78.0 90.0 1
    8  412   43    0 78.0 90.0 1
   10 2348  162    0 51.0 90.0 1
    3 1601   61   43 73.0 78.0 1
    3 1019   61   43 73.0 78.0 1
