 100  21   1  18
    5  981  214  214 43.0 43.0 1
    5 3414  265  265 37.0 37.0 1
    4  606   65   65 72.0 72.0 0
    6  806  214    0 43.0 90.0 1
    7  325   65   61 72.0 73.0 1
    4 3328  265   43 37.0 78.0 1
    5 1617  265    0 37.0 90.0 1
    7 1564   61    0 73.0 90.0 1
    2  538  214   43 43.0 78.0 0
    6 1201  238    0 40.0 90.0 1
    5  449   65   61 72.0 73.0 0
    6 1778  265  238 37.0 40.0 1
    7 1739  214   61 43.0 73.0 1
    5  897  265    0 37.0 90.0 1
    3  480   61   43 73.0 78.0 1
    7 1220  265    0 37.0 90.0 1
    6 1228   65   43 72.0 78.0 1
    2 1559   65    0 72.0 90.0 0
    2 1076   65    0 72.0 90.0 1
    3  867  214   43 43.0 78.0 1
    3  439   65   43 72.0 78.0 1
