 100  20   3  20
    7 1317  200   43 45.0 78.0 1
    4  978   43    0 78.0 90.0 1
    5 3485  256   98 38.0 64.0 1
    4 1413  207  200 44.0 45.0 1
    5  388   98   43 64.0 78.0 1
    6  771  214    0 43.0 90.0 1
    6  754  214   73 43.0 70.0 1
    4  591   73    0 70.0 90.0 1
    4 2967   73    0 70.0 90.0 0
    6  348   73    0 70.0 90.0 1
    2 3377  214   73 43.0 70.0 1
    8 1159   73    0 70.0 90.0 1
    2 2000  156    0 52.0 90.0 1
    6 2776  286    0 35.0 90.0 1
    7 1781  286  230 35.0 41.0 1
    3 3548  286   28 35.0 82.0 0
    2 2452  145   28 54.0 82.0 1
    7 1616  286  230 35.0 41.0 1
    6 1818  286    0 35.0 90.0 1
    6 3073  286  230 35.0 41.0 1
