 100  21   2  20
    6 1216  200  200 45.0 45.0 1
    6 1443  162   89 51.0 66.0 1
    2 1307  111    0 61.0 90.0 1
    3 2943   89   65 66.0 72.0 1
    6  729  200  162 45.0 51.0 1
    2  399  130    0 57.0 90.0 1
    3  729   89    0 66.0 90.0 1
    4 3290  130   89 57.0 66.0 1
    7 1075  111   43 61.0 78.0 1
    5 2697  193  115 46.0 60.0 0
    4 1338  162  115 51.0 60.0 1
    8 1330  115    0 60.0 90.0 1
    7 1110  193   77 46.0 69.0 1
    7 2678  162  115 51.0 60.0 1
    3 2386  193  115 46.0 60.0 1
    3  617  193  115 46.0 60.0 1
    6 1875  214  193 43.0 46.0 1
    3 1914  174  162 49.0 51.0 1
    3  825  174  115 49.0 60.0 1
    6 1194  214  115 43.0 60.0 1
    6 3470  193  115 46.0 60.0 1
