 100  28   1  18
    5  636  151  151 53.0 53.0 1
    5  650  151  151 53.0 53.0 1
    4 1568  275  275 36.0 36.0 1
    5 3250  151  151 53.0 53.0 1
    4  588   10   10 87.0 87.0 1
    5  389   10   10 87.0 87.0 1
    2 1682  151  151 53.0 53.0 1
    3 1055   93   93 65.0 65.0 1
    5 1063  156  156 52.0 52.0 1
    2  498   93   93 65.0 65.0 1
    6  665  156   10 52.0 87.0 1
    3 1313  275  151 36.0 53.0 1
    3 1586  275  156 36.0 52.0 1
    4  785  214  151 43.0 53.0 1
    3  587   93    0 65.0 90.0 1
    3 1081  214  156 43.0 52.0 1
    5  353  156   10 52.0 87.0 1
    1  572  214    0 43.0 90.0 1
    2 1500  275  156 36.0 52.0 1
    4  642  214    0 43.0 90.0 1
    2  769  214  151 43.0 53.0 1
    3  580  156   93 52.0 65.0 1
    6  505  156   10 52.0 87.0 0
    3 1788  151    0 53.0 90.0 1
    4  878   93   10 65.0 87.0 1
    1  701   93    0 65.0 90.0 1
    5  626  156   10 52.0 87.0 1
    2  518   10    0 87.0 90.0 1
