 100  20   3  20
    8  379    3    3 89.0 89.0 1
    2 2878  193    0 46.0 90.0 1
    6  730  275    3 36.0 89.0 1
    2 1560  193    0 46.0 90.0 1
    4 1707    3    0 89.0 90.0 1
    5 1658  275  193 36.0 46.0 1
    8 3116  275    3 36.0 89.0 1
    3 2883  256    0 38.0 90.0 1
    7 2949  151    0 53.0 90.0 0
    7 1091  256  151 38.0 53.0 1
    3 1683  256  151 38.0 53.0 1
    6 1321  151    0 53.0 90.0 1
    3  909  151    0 53.0 90.0 1
    2  702  256    0 38.0 90.0 1
    7 1710  297  115 34.0 60.0 1
    6  367  115   50 60.0 76.0 1
    8 1760  265    0 37.0 90.0 1
    4 3113   54   50 75.0 76.0 0
    7  938   54    0 75.0 90.0 1
    2 3462  140   54 55.0 75.0 1
