 100  19   3  20
    7 1506  333   43 31.0 78.0 1
    9 1029  200  187 45.0 47.0 1
    4 1583  193   69 46.0 71.0 1
    8 3349  187  111 47.0 61.0 1
    4 1685  320  125 32.0 58.0 1
    6  619  200    0 45.0 90.0 0
    5  477  193    0 46.0 90.0 1
    3 1688  320  125 32.0 58.0 1
    6 2755  130   35 57.0 80.0 1
    3 1353   35    0 80.0 90.0 1
    3  538  130    0 57.0 90.0 1
    3  858   35    0 80.0 90.0 0
    4  982  130   35 57.0 80.0 1
    8 1936  130   28 57.0 82.0 1
    6 2131  346   28 30.0 82.0 1
    8 3191  346   65 30.0 72.0 0
    3  967   65   57 72.0 74.0 1
    6 3153  346  214 30.0 43.0 1
    4 3349  214   65 43.0 72.0 1
