 100  27   1  18
    5 1517   25   25 83.0 83.0 1
    2  788   14   14 86.0 86.0 1
    4  858   25   25 83.0 83.0 1
    2 1791   25    0 83.0 90.0 0
    5 1256   14    0 86.0 90.0 1
    6  963   14    0 86.0 90.0 1
    6 1314   25   14 83.0 86.0 1
    2  733   25   14 83.0 86.0 1
    6  903   25    0 83.0 90.0 1
    3  974   25   14 83.0 86.0 1
    1 1323   25    0 83.0 90.0 1
    2 1399   25    0 83.0 90.0 1
    2 1163   14    0 86.0 90.0 1
    3 1253   25   14 83.0 86.0 0
    4  305   14    0 86.0 90.0 1
    4 1604   25   14 83.0 86.0 1
    3 1389   25    0 83.0 90.0 1
    6  520   25   14 83.0 86.0 1
    5 1725   25   14 83.0 86.0 1
    4 1587   25   14 83.0 86.0 1
    6 1415   25   14 83.0 86.0 1
    2 1183   14    0 86.0 90.0 1
    4  983   14    0 86.0 90.0 1
    4 1243   14    0 86.0 90.0 1
    3 1707   25   14 83.0 86.0 1
    4 3130   14    0 86.0 90.0 0
    2 1785   14    0 86.0 90.0 1
