 100  15   1  17
    6 2699  320  320 32.0 32.0 1
    4 3219  320  320 32.0 32.0 1
   11 1793  140  140 55.0 55.0 1
   10 2456   17   17 85.0 85.0 1
    7 2446  320    0 32.0 90.0 1
    9 1575  140   17 55.0 85.0 1
    6 1533  320   17 32.0 85.0 1
    5 2118  320  140 32.0 55.0 0
    6 1294  140   17 55.0 85.0 1
    6 2271  140    0 55.0 90.0 1
    7 1685  320  140 32.0 55.0 0
    6  408  140   17 55.0 85.0 1
    3 1497  320   17 32.0 85.0 1
    5 2519  140    0 55.0 90.0 1
    9 1003  140   17 55.0 85.0 1
