 100  17   1  17
    8 2673  180  180 48.0 48.0 1
    8 1625  180  180 48.0 48.0 1
    6  502  180    0 48.0 90.0 1
    8 3004   39    0 79.0 90.0 1
    4 2861   39    0 79.0 90.0 1
    4 2359  180   39 48.0 79.0 1
    6  728  180   39 48.0 79.0 1
    7 1425   39    0 79.0 90.0 1
    5  659  180    0 48.0 90.0 1
    9 1737   39    0 79.0 90.0 1
    4  446   39    0 79.0 90.0 1
    4 2293  180   39 48.0 79.0 1
    6 3458  180    0 48.0 90.0 1
    3 3252   39    0 79.0 90.0 1
    3  951  180    0 48.0 90.0 1
    7 2621  180   39 48.0 79.0 1
    8 2328  180   39 48.0 79.0 1
