 100  21   1  18
    3 1172  200  200 45.0 45.0 1
    7 1653  230   28 41.0 82.0 1
    2  820  200   32 45.0 81.0 1
    6 1516  346   89 30.0 66.0 1
    5 3560   89    0 66.0 90.0 1
    4  959  247   89 39.0 66.0 1
    5 1792  247  200 39.0 45.0 1
    2  954  247  174 39.0 49.0 1
    7  982  200   28 45.0 82.0 1
    3 1556  200   89 45.0 66.0 1
    7 1267   89   28 66.0 82.0 1
    7  360   89   32 66.0 81.0 1
    5 1514   89   28 66.0 82.0 1
    4 1035  230   28 41.0 82.0 1
    3  555  230    0 41.0 90.0 1
    5  661  200   28 45.0 82.0 1
    5 1361   28    0 82.0 90.0 1
    7  688  247   89 39.0 66.0 1
    3 1754  230   28 41.0 82.0 1
    7  678   28    0 82.0 90.0 1
    3  356   89   89 66.0 66.0 1
