 100  21   4  20
    5 1063   35   35 80.0 80.0 1
    2 3328  308  308 33.0 33.0 1
    3  751   73   10 70.0 87.0 1
    7 3125   73   10 70.0 87.0 1
    7 1510   73   35 70.0 80.0 1
    5  364  102    0 63.0 90.0 1
    7 1052  346  102 30.0 63.0 1
    5 3107  346    0 30.0 90.0 1
    4  682  102    0 63.0 90.0 1
    6 3580  346  102 30.0 63.0 1
    2 2935  346  214 30.0 43.0 0
    7  836  214    0 43.0 90.0 1
    6 1180  214  214 43.0 43.0 1
    6 1135   43    0 78.0 90.0 1
    6  843  297   43 34.0 78.0 1
    5  820  214   43 43.0 78.0 1
    4 2344  180  168 48.0 50.0 1
    2  607  180    0 48.0 90.0 1
    4  390  180    0 48.0 90.0 1
    5 2255  180  180 48.0 48.0 1
    2  687  180    0 48.0 90.0 1
