 100  23   1  17
    5  856  214  214 43.0 43.0 1
    4 2862  238  238 40.0 40.0 1
    5 1519  238  238 40.0 40.0 1
    5 2587  214  214 43.0 43.0 1
    2 2412  238  238 40.0 40.0 1
    3 3555  214  214 43.0 43.0 1
    3 3254  238    0 40.0 90.0 1
    5 2108  238  214 40.0 43.0 0
    4 1763  238    0 40.0 90.0 0
    6  476  238    0 40.0 90.0 1
    6 2188  238  214 40.0 43.0 1
    3  849  214    0 43.0 90.0 0
    4 2638  214    0 43.0 90.0 1
    3 3229  238    0 40.0 90.0 1
    6 1082  238    0 40.0 90.0 1
    5 2596  238    0 40.0 90.0 1
    5 2937  238  214 40.0 43.0 1
    5 3023  238  214 40.0 43.0 0
    2  778  238    0 40.0 90.0 1
    5 2487  214    0 43.0 90.0 0
    6 2089  238  214 40.0 43.0 1
    4 2431  238    0 40.0 90.0 1
    4 3044  238    0 40.0 90.0 0
