 100  24   1  18
    5 1006  120  120 59.0 59.0 1
    6  483  120  120 59.0 59.0 1
    4 1561  125  125 58.0 58.0 1
    2 1047  120  120 59.0 59.0 1
    8 1346  125  125 58.0 58.0 1
    4 1671  125  125 58.0 58.0 1
    2  688  125  125 58.0 58.0 1
    2 1689  120  120 59.0 59.0 1
    8  404  125    0 58.0 90.0 1
    4  414  120    0 59.0 90.0 1
    4  582  125  125 58.0 58.0 1
    3 1167  125    0 58.0 90.0 1
    4 1629  320  125 32.0 58.0 1
    3  381  120    0 59.0 90.0 1
    2  679  125    0 58.0 90.0 1
    7  434  125    0 58.0 90.0 1
    4  398  120    0 59.0 90.0 1
    7 2913  320  125 32.0 58.0 1
    4 1294  120    0 59.0 90.0 1
    7  830  125  120 58.0 59.0 1
    3 1026  320  120 32.0 59.0 1
    2 1474  125  120 58.0 59.0 1
    3  769  125    0 58.0 90.0 0
    2 1415  125  120 58.0 59.0 1
