 100  20   2  19
    7 1771   69   69 71.0 71.0 1
    2 2198  111  111 61.0 61.0 1
    4 1131   69   69 71.0 71.0 0
    8 3429  180  180 48.0 48.0 1
    4 2092  180  151 48.0 53.0 1
    5 3334  151   69 53.0 71.0 1
    4 2713   69    0 71.0 90.0 1
    8 1725   69    0 71.0 90.0 1
    3 2051  115   46 60.0 77.0 1
    8 1729   46    0 77.0 90.0 1
    4 2670  140  115 55.0 60.0 0
    5 2878   65   46 72.0 77.0 1
    4 1855  115   65 60.0 72.0 1
    2 1176  140    0 55.0 90.0 1
    2  886   65   46 72.0 77.0 1
    5 1244  140   46 55.0 77.0 1
    6 3260   65   46 72.0 77.0 1
    5  727   73   46 70.0 77.0 1
    8  970   65   46 72.0 77.0 1
    6 2591  140   65 55.0 72.0 1
