 100  20   1  17
    4 1367  247  247 39.0 39.0 1
    5 3465  247  247 39.0 39.0 0
    7  671  140  140 55.0 55.0 1
    8  556  125  125 58.0 58.0 1
    2 2910  207  207 44.0 44.0 1
    5 1236  207  125 44.0 58.0 1
    5  365  125    0 58.0 90.0 1
    6  704  207  140 44.0 55.0 1
    6 3553  140    0 55.0 90.0 1
    5  737  140  125 55.0 58.0 1
    7 2541  125    0 58.0 90.0 0
    2  503  207    0 44.0 90.0 1
    4 1418  247  140 39.0 55.0 1
    6 2332  247  207 39.0 44.0 1
    4 2378  140    0 55.0 90.0 1
    6 2585  207  125 44.0 58.0 1
    5 2513  140  125 55.0 58.0 1
    5 2803  207  125 44.0 58.0 1
    4  462  140    0 55.0 90.0 1
    4  970  207  140 44.0 55.0 1
