 100  20   1  18
    8 1380  187  187 47.0 47.0 1
    6  549  145    0 54.0 90.0 1
    6 1003  145  145 54.0 54.0 1
    8 1353  187  187 47.0 47.0 1
    3 1549  187    0 47.0 90.0 1
    3 1300  145    0 54.0 90.0 0
    8 1162  187    0 47.0 90.0 1
    3  353  145    0 54.0 90.0 1
    7 1681  187  145 47.0 54.0 1
    2  636  145    0 54.0 90.0 1
    3  690  187    0 47.0 90.0 1
    4 1278  187    0 47.0 90.0 1
    2 2875  187  145 47.0 54.0 1
    8 1472  187  145 47.0 54.0 0
    7  642  145    0 54.0 90.0 1
    3  972  145    0 54.0 90.0 1
    6 3102  187  145 47.0 54.0 1
    7  471  145    0 54.0 90.0 1
    4 1222  145    0 54.0 90.0 1
    2  952  187    0 47.0 90.0 1
