 100  19   2  20
    8 2868   81   81 68.0 68.0 1
    5  883  256    0 38.0 90.0 1
    5 1045  256   85 38.0 67.0 1
    5 1580  256  222 38.0 42.0 1
    2 1292  256   77 38.0 69.0 1
    9 1517   81   77 68.0 69.0 1
    8  727  200    3 45.0 89.0 1
    6 1637  247   14 39.0 86.0 1
    7  866  200   14 45.0 86.0 0
    3 1692  275  200 36.0 45.0 1
    3 3298  247   28 39.0 82.0 1
    3  530   39   28 79.0 82.0 1
    3 1043   28    0 82.0 90.0 1
    6 1458   39   28 79.0 82.0 1
    5  744  200   39 45.0 79.0 1
    7 1411  275  238 36.0 40.0 1
    4 1021  275   28 36.0 82.0 1
    3  756  275    3 36.0 89.0 1
    8 1683  275   14 36.0 86.0 1
