 100  15   2  19
    9 1685   73   73 70.0 70.0 1
    9 1450  256  256 38.0 38.0 1
    4 1385  214  102 43.0 63.0 1
    8 1903  222   61 42.0 73.0 1
   10  587  102    0 63.0 90.0 1
    8  545   73   61 70.0 73.0 1
    6 2566  222  214 42.0 43.0 1
    5 1080  187   50 47.0 76.0 1
    6 2452  214   14 43.0 86.0 1
    6 1679  214   65 43.0 72.0 1
    8 1268   14    0 86.0 90.0 1
    5 1864  214    7 43.0 88.0 0
    5  563  187   14 47.0 86.0 1
    6 1192   50   14 76.0 86.0 1
    5 1737    7    0 88.0 90.0 1
