 100  17   1  17
    6 2438   28   28 82.0 82.0 1
    3  713   25   25 83.0 83.0 1
    8 1540   93   93 65.0 65.0 1
    6 1601  320  320 32.0 32.0 1
    4 1069   28   28 82.0 82.0 1
    7  510   46   46 77.0 77.0 1
    7 3109   46    0 77.0 90.0 1
    7 1717   28   25 82.0 83.0 0
    4 3273  265   77 37.0 69.0 1
    8 1883  320  265 32.0 37.0 1
    7 2284   77    0 69.0 90.0 1
    7  597   77   43 69.0 78.0 1
    3 2178   93   46 65.0 77.0 1
    5  648  320    0 32.0 90.0 1
    5 1732  120   77 59.0 69.0 1
    8 3075   93   43 65.0 78.0 1
    5 1347   77   28 69.0 82.0 1
