 100  25   5  19
    3 3051   17   17 85.0 85.0 1
    3 2859  286  286 35.0 35.0 1
    5 1167  145   25 54.0 83.0 1
    5 2360   98    0 64.0 90.0 1
    6 1870  333    0 31.0 90.0 1
    4  513   77    0 69.0 90.0 1
    2  926  168   77 50.0 69.0 1
    3 1649  320   21 32.0 84.0 1
    6 3368  145    0 54.0 90.0 1
    3 2274  145    0 54.0 90.0 1
    6 2021  102   50 63.0 76.0 1
    2 2161  102   21 63.0 84.0 1
    4 1802  193    0 46.0 90.0 0
    2  540  102    0 63.0 90.0 1
    4  332  102    0 63.0 90.0 0
    4 1924  308  156 33.0 52.0 1
    5 3467  168  162 50.0 51.0 1
    4 1323  320  156 32.0 52.0 1
    5  849  156   85 52.0 67.0 1
    2 1752  320  222 32.0 42.0 1
    3 1303  168    0 50.0 90.0 1
    6  380  168    0 50.0 90.0 1
    2  826  168   81 50.0 68.0 1
    6 1008  168   81 50.0 68.0 1
    5 2500  168    0 50.0 90.0 1
