 100  16   1  21
    5 1872  333  333 31.0 31.0 1
    7 1521    7    7 88.0 88.0 1
    6 2870    7    7 88.0 88.0 0
    5 1430   17   17 85.0 85.0 0
    5 3275   17   17 85.0 85.0 1
    5 3288   17    7 85.0 88.0 1
    5 3125    7    0 88.0 90.0 1
    8 3511  125    0 58.0 90.0 0
    7 3059   17    0 85.0 90.0 1
    7  588    7    0 88.0 90.0 1
    7 1752    7    0 88.0 90.0 1
    6  968  333   17 31.0 85.0 1
    7 3165  125   17 58.0 85.0 1
    7 3421    7    0 88.0 90.0 0
    6 3018    7    0 88.0 90.0 1
    7 2052    7    0 88.0 90.0 1
