 100  25   3  24
    3 1361  333  333 31.0 31.0 1
    4 3307  333  333 31.0 31.0 1
    4  594  156  125 52.0 58.0 1
    5 3430  156   32 52.0 81.0 1
    3 1217  125   25 58.0 83.0 0
    3  818  308   32 33.0 81.0 1
    4  374  125    0 58.0 90.0 1
    4  940  308   25 33.0 83.0 1
    4 1541  333  247 31.0 39.0 1
    3  715  125   25 58.0 83.0 1
    5 1745  156  125 52.0 58.0 1
    5  738  200    0 45.0 90.0 1
    5  515  200    0 45.0 90.0 1
    5  604  125    0 58.0 90.0 1
    4 3592  200  125 45.0 58.0 1
    5  952  200    0 45.0 90.0 1
    4 1097  200    0 45.0 90.0 1
    4 1266  200    0 45.0 90.0 1
    4  823  125    0 58.0 90.0 1
    3 1074  200    0 45.0 90.0 1
    4 3537   93   77 65.0 69.0 1
    3 3330   93   50 65.0 76.0 1
    4 1169   50    3 76.0 89.0 1
    5  832   93    0 65.0 90.0 1
    3  930  308    0 33.0 90.0 0
