 100  20   3  23
    6 2055   43   43 78.0 78.0 1
    4 3272   25   25 83.0 83.0 1
    4 1643  125   25 58.0 83.0 1
    6 2382  125   43 58.0 78.0 1
    5 1007   61   25 73.0 83.0 0
    6 1812  125   25 58.0 83.0 1
    4 2808  256   61 38.0 73.0 0
    6 3197  174    3 49.0 89.0 1
    7 2470  214    0 43.0 90.0 0
    4 2647  308  174 33.0 49.0 0
    6 1925  247    3 39.0 89.0 1
    5 2429    3    0 89.0 90.0 1
    5 2198  230  174 41.0 49.0 1
    4 1736  308    3 33.0 89.0 1
    5 1178  102   73 63.0 70.0 1
    5 3097  320  238 32.0 40.0 0
    4  743  238   28 40.0 82.0 1
    4  713  238    7 40.0 88.0 1
    4 2992  238    0 40.0 90.0 1
    6 1555  320  193 32.0 46.0 1
