 100  22   1  21
    5 1915   57   57 74.0 74.0 1
    3 2753  187  187 47.0 47.0 1
    5 2646  180  180 48.0 48.0 1
    5 3517  180  180 48.0 48.0 1
    4 1482   57    0 74.0 90.0 1
    5 2862  180    0 48.0 90.0 1
    6  422  187    0 47.0 90.0 1
    5  732   57    0 74.0 90.0 1
    6 2258  187   57 47.0 74.0 1
    6 1975  286    0 35.0 90.0 1
    3 2816  286  187 35.0 47.0 1
    4  899   57    0 74.0 90.0 1
    4  609  187    0 47.0 90.0 0
    5 3081  286    0 35.0 90.0 1
    4 2481  286    0 35.0 90.0 1
    5 3540  187   57 47.0 74.0 1
    6 3357   57    0 74.0 90.0 1
    4 2141  180    0 48.0 90.0 1
    5 2348  180    0 48.0 90.0 1
    3 1511  187  180 47.0 48.0 1
    3 1304   57    0 74.0 90.0 1
    4  749  187    0 47.0 90.0 1
