 100  17   3  23
    7 3001  256  256 38.0 38.0 1
    7 2991  256   35 38.0 80.0 1
    6 2848  115    0 60.0 90.0 1
    6 1776  297  115 34.0 60.0 1
    5  789  115    0 60.0 90.0 0
    6 3549   73   28 70.0 82.0 1
    5  742   28    0 82.0 90.0 1
    5 1611   73   28 70.0 82.0 1
    5  993   73   28 70.0 82.0 1
    7 2261   73    0 70.0 90.0 1
    7 1982   73    0 70.0 90.0 1
    7 2590  180    7 48.0 88.0 1
    7  490  151   46 53.0 77.0 1
    4 1470  286  115 35.0 60.0 1
    4 2366  286    0 35.0 90.0 1
    6 1958  180  151 48.0 53.0 1
    6 1461   46    7 77.0 88.0 1
