 100  22   1  22
    3 3164   39   39 79.0 79.0 1
    3 1598  145  145 54.0 54.0 0
    6 1129   25   25 83.0 83.0 1
    4  636   25   25 83.0 83.0 1
    4 1489  145   39 54.0 79.0 1
    4 1698  247   25 39.0 83.0 1
    6  349   39   28 79.0 82.0 1
    5  536   25    0 83.0 90.0 1
    5  692   25    0 83.0 90.0 1
    4  387   25    0 83.0 90.0 1
    5  840  145   25 54.0 83.0 1
    4  373   28    0 82.0 90.0 1
    5 1753   39    0 79.0 90.0 1
    5 1580  230   25 41.0 83.0 1
    5  492   39   28 79.0 82.0 1
    4 1636  247   25 39.0 83.0 1
    4  583  145   25 54.0 83.0 1
    4  704  247   28 39.0 82.0 1
    5 1274  247   28 39.0 82.0 1
    5 2817  230  145 41.0 54.0 1
    5  599  230   28 41.0 82.0 1
    5  950   25    0 83.0 90.0 1
