 100  21   2  24
    6  642   10   10 87.0 87.0 1
    4  625  125  125 58.0 58.0 1
    3  432   10    0 87.0 90.0 1
    5 3199   73   10 70.0 87.0 1
    4  633   73   10 70.0 87.0 1
    6 1351  125   17 58.0 85.0 1
    4  984  125   10 58.0 87.0 1
    6 1570  174    0 49.0 90.0 1
    5 1584  320   10 32.0 87.0 1
    5  595  125   10 58.0 87.0 1
    4 1453  174    0 49.0 90.0 1
    5 1523  174   17 49.0 85.0 1
    5 1739  320  125 32.0 58.0 0
    6 1177   17    0 85.0 90.0 1
    4 1441  214  111 43.0 61.0 1
    5  960  168  135 50.0 56.0 1
    4  559  214    0 43.0 90.0 1
    4 2980  168    7 50.0 88.0 1
    6 2963  308  111 33.0 61.0 0
    4  634  214    7 43.0 88.0 1
    5  306  120    0 59.0 90.0 1
