 100  17   1  21
    7  818   46   46 77.0 77.0 1
    5 3175   81   32 68.0 81.0 1
    5 1188  193    0 46.0 90.0 1
    5 1785   46   32 77.0 81.0 1
    6  572  193   32 46.0 81.0 1
    5 1782   32    0 81.0 90.0 0
    7 3257  193    0 46.0 90.0 1
    7 2929  200   32 45.0 81.0 1
    6 3302   32    0 81.0 90.0 1
    7 3166   81    0 68.0 90.0 1
    5 1465  256   46 38.0 77.0 1
    7 2613  308   46 33.0 77.0 1
    6 3309  200  193 45.0 46.0 1
    7  890  308   54 33.0 75.0 1
    5 2183  200    0 45.0 90.0 1
    5 2052  102    0 63.0 90.0 1
    5 2182   81   46 68.0 77.0 1
