 100  22   4  24
    5 2868  115    0 60.0 90.0 1
    3 1378  200    0 45.0 90.0 1
    5 2883  162    0 51.0 90.0 1
    5  640  200  115 45.0 60.0 1
    5  621  200    0 45.0 90.0 1
    5 1071  156  102 52.0 63.0 1
    4  466  102    0 63.0 90.0 1
    5 2932  156    0 52.0 90.0 1
    5  652  156  102 52.0 63.0 1
    5  546  156  102 52.0 63.0 1
    5 1506  156    0 52.0 90.0 1
    3  387   61   46 73.0 77.0 1
    6 1499   17    0 85.0 90.0 1
    5  858  102   46 63.0 77.0 1
    5  905  102    0 63.0 90.0 1
    5 3464   17   17 85.0 85.0 1
    3 1870   98   28 64.0 82.0 1
    4 3159  256   98 38.0 64.0 1
    5 2946   85   43 67.0 78.0 1
    3 2021   81   28 68.0 82.0 1
    4 3196   81   35 68.0 80.0 1
    5  755   35   28 80.0 82.0 1
