 100  23   3  24
    4 1585   39   39 79.0 79.0 1
    3 1203   46   46 77.0 77.0 1
    3  699   81   81 68.0 68.0 0
    5  644   46   46 77.0 77.0 1
    3 2968  333   50 31.0 76.0 1
    3  539  230   39 41.0 79.0 1
    4  950  320    0 32.0 90.0 1
    3  328   81   46 68.0 77.0 1
    5  628  111   57 61.0 74.0 0
    5 1242  193    0 46.0 90.0 1
    6 1012  193    0 46.0 90.0 1
    5  646  111   57 61.0 74.0 1
    6 2727  193    0 46.0 90.0 1
    5  415  111    0 61.0 90.0 1
    4 1005  193    0 46.0 90.0 1
    4 1096  111   57 61.0 74.0 1
    4 2935  286    0 35.0 90.0 1
    5  901   89    0 66.0 90.0 1
    4 3188  286  238 35.0 40.0 1
    6  668  193   98 46.0 64.0 1
    3 1407  286   98 35.0 64.0 1
    6 1097   98    0 64.0 90.0 1
    4 1109  193   98 46.0 64.0 0
