 100  18   1  22
    5  543  102  102 63.0 63.0 1
    6 1353   14   14 86.0 86.0 0
    6 1659   61   61 73.0 73.0 1
    6  985   14   14 86.0 86.0 1
    6 1047  102  102 63.0 63.0 1
    5 1131  102   14 63.0 86.0 1
    5 1486  120  102 59.0 63.0 1
    6 2952  120   61 59.0 73.0 1
    6 1010  120  102 59.0 63.0 1
    4 1092  102   14 63.0 86.0 1
    4  602  120    0 59.0 90.0 1
    5 1495   17   14 85.0 86.0 1
    6 1144  120   14 59.0 86.0 1
    6 1088  120   17 59.0 85.0 0
    6  916  120   17 59.0 85.0 1
    6 1435  120  102 59.0 63.0 1
    6  977   17    0 85.0 90.0 1
    6 1389   17    0 85.0 90.0 1
