 100  18   1  22
    6 1025   54   54 75.0 75.0 1
    5  602   65   65 72.0 72.0 1
    5 1732  265  265 37.0 37.0 1
    6  935   65   65 72.0 72.0 1
    7 1565   54   54 75.0 75.0 1
    4 3459  265  265 37.0 37.0 1
    4 1693  168  168 50.0 50.0 1
    6 1668  111  111 61.0 61.0 1
    5  554  168   54 50.0 75.0 1
    6  329   65    0 72.0 90.0 0
    4 2793  265  168 37.0 50.0 1
    5 1033  111   54 61.0 75.0 1
    6  578  168   54 50.0 75.0 1
    7 1644  168   65 50.0 72.0 1
    5 1137  333   54 31.0 75.0 1
    7  987  111   54 61.0 75.0 1
    6  913  265  168 37.0 50.0 1
    6  434  111    0 61.0 90.0 1
