 100  21   1  21
    5  957  120  120 59.0 59.0 1
    4 2192  120  120 59.0 59.0 1
    3 3420  256  256 38.0 38.0 0
    4  843   77   77 69.0 69.0 1
    6 2794  333  333 31.0 31.0 1
    4  439   61   61 73.0 73.0 1
    5 1088  256  256 38.0 38.0 1
    6 2363  333  333 31.0 31.0 1
    4  979  120  120 59.0 59.0 1
    5 3547  256  256 38.0 38.0 1
    5 1148   77   61 69.0 73.0 1
    5  758  256  120 38.0 59.0 1
    5 1738  120   77 59.0 69.0 0
    4 2846  333   77 31.0 69.0 1
    4 2827   77   61 69.0 73.0 1
    6 3335  256   61 38.0 73.0 0
    6 3425  120    0 59.0 90.0 1
    4  910  120   77 59.0 69.0 1
    6  566   77    0 69.0 90.0 1
    6 2835  333   77 31.0 69.0 1
    3  862  256    0 38.0 90.0 1
