 100  18   3  24
    5  933  200  200 45.0 45.0 1
    4 1573  168  168 50.0 50.0 1
    6  362  168    0 50.0 90.0 1
    6  642  168    0 50.0 90.0 0
    7 1217  238  200 40.0 45.0 1
    5 3243  238  200 40.0 45.0 1
    6 1017  238  162 40.0 51.0 1
    5  716  162    0 51.0 90.0 1
    6 1491  162    0 51.0 90.0 1
    5  525  162    0 51.0 90.0 1
    6 2322  162    0 51.0 90.0 1
    6 3451  162    0 51.0 90.0 0
    7  447  162    0 51.0 90.0 1
    5 1622  275    0 36.0 90.0 1
    6 1600  275    0 36.0 90.0 1
    5 2125  275    0 36.0 90.0 1
    4 1995  156    0 52.0 90.0 1
    6 1488  275    0 36.0 90.0 1
