 100  30   6  23
    4 2280  130   69 57.0 71.0 1
    3  539  130    0 57.0 90.0 1
    3 1014  156  145 52.0 54.0 1
    2 3579  145   69 54.0 71.0 0
    3 3206  320  120 32.0 59.0 1
    4 1387  214   39 43.0 79.0 1
    3 1178  214   39 43.0 79.0 1
    5  475  180   10 48.0 87.0 1
    3  816  214   10 43.0 87.0 1
    4 2669  214    0 43.0 90.0 1
    3  486   73    0 70.0 90.0 1
    4 1150  238    0 40.0 90.0 1
    2 1439  180  102 48.0 63.0 1
    3 2888  238  238 40.0 40.0 1
    4  426  102    0 63.0 90.0 1
    3 2490  265   81 37.0 68.0 1
    4 1894   89    0 66.0 90.0 1
    4 1424   89   57 66.0 74.0 1
    4 2468  297    0 34.0 90.0 1
    4 1441   89   81 66.0 68.0 1
    4 1681   25    0 83.0 90.0 1
    3 3252   25    0 83.0 90.0 1
    2 1082   39    0 79.0 90.0 0
    4 2713   39   25 79.0 83.0 0
    3 2668   39    0 79.0 90.0 1
    3 3268   65    0 72.0 90.0 1
    2 3304  256   43 38.0 78.0 1
    2  822   43    0 78.0 90.0 1
    4 1216  256   43 38.0 78.0 1
    4 3270   65    0 72.0 90.0 1
