 100  23   1  22
    5  927   69   32 71.0 81.0 1
    5 1540   50    0 76.0 90.0 1
    4 1767  162   50 51.0 76.0 0
    5 1620   69   32 71.0 81.0 1
    5  383   50    0 76.0 90.0 1
    5 1569  207   32 44.0 81.0 1
    4  926   69    0 71.0 90.0 1
    3 1478   50    0 76.0 90.0 1
    5  819   32    0 81.0 90.0 1
    5 1236  162   50 51.0 76.0 1
    4  628  162   50 51.0 76.0 1
    3 1170   50    0 76.0 90.0 1
    4 1579   69   32 71.0 81.0 1
    5  730   32    0 81.0 90.0 1
    5 3289   32    0 81.0 90.0 1
    5 1773  162   32 51.0 81.0 1
    4  352   50   32 76.0 81.0 0
    5  828   50    0 76.0 90.0 1
    4  733  162   50 51.0 76.0 1
    3  928  207   50 44.0 76.0 1
    3  352   50    0 76.0 90.0 1
    4  322   69   32 71.0 81.0 1
    5 1773  162   50 51.0 76.0 1
