 100  26   3  24
    4 1770  346  346 30.0 30.0 1
    3 3145   32    0 81.0 90.0 1
    3 1245  346   73 30.0 70.0 1
    3  733   32    0 81.0 90.0 1
    5  320   73    0 70.0 90.0 1
    4 1745  286   73 35.0 70.0 1
    4  635  135   73 56.0 70.0 1
    3 1240  135  135 56.0 56.0 1
    4 1392  346  135 30.0 56.0 1
    3 1075  256  115 38.0 60.0 1
    3 1667  256  115 38.0 60.0 1
    4 1752  256   14 38.0 86.0 1
    4 1340  256    0 38.0 90.0 1
    4 3062  256    0 38.0 90.0 1
    3 3301  256  115 38.0 60.0 1
    5  971  145    0 54.0 90.0 0
    3 1773  145   46 54.0 77.0 1
    5  727   93    0 65.0 90.0 0
    3 2420   93    0 65.0 90.0 1
    5  385   46    0 77.0 90.0 1
    3 2166  145  145 54.0 54.0 1
    5 2141  145  145 54.0 54.0 1
    5 1399  145   46 54.0 77.0 1
    3 2742  145  145 54.0 54.0 1
    4 1472  145   93 54.0 65.0 1
    5 3257   46    0 77.0 90.0 0
