 100  21   1  22
    4 2930   39   39 79.0 79.0 1
    5  745   39   39 79.0 79.0 1
    5 1199   57   39 74.0 79.0 1
    5 1644  297   39 34.0 79.0 1
    6  455   39    0 79.0 90.0 1
    4  775   57    0 74.0 90.0 1
    3  939   57   39 74.0 79.0 1
    6  804   57   39 74.0 79.0 1
    6  842   39    0 79.0 90.0 1
    5 1341   57    0 74.0 90.0 1
    4  642   39    0 79.0 90.0 1
    4 1491  297   57 34.0 74.0 1
    3 1128   57    0 74.0 90.0 1
    5 1180   39   39 79.0 79.0 1
    6  575   57   39 74.0 79.0 1
    5 1159  297   57 34.0 74.0 0
    4  328   39    0 79.0 90.0 1
    5 1240  297   57 34.0 74.0 1
    6  656   39   39 79.0 79.0 1
    5  544   39   39 79.0 79.0 1
    4 1035   39    0 79.0 90.0 1
