 100  25   4  24
    5 2880  308  308 33.0 33.0 1
    5 1517    7    0 88.0 90.0 1
    4  403  102    7 63.0 88.0 1
    5  317  102    7 63.0 88.0 1
    4 1606  174    0 49.0 90.0 1
    4 2910    7    0 88.0 90.0 1
    4  986  174    7 49.0 88.0 0
    5 2584   69   69 71.0 71.0 1
    3 1691   46    0 77.0 90.0 1
    4  698  238   69 40.0 71.0 1
    4  561   93   69 65.0 71.0 1
    4 3587   93    0 65.0 90.0 1
    5 1072  320    3 32.0 89.0 1
    3 3038   25    3 83.0 89.0 1
    3 3024  308   25 33.0 83.0 1
    5  455    3    0 89.0 90.0 1
    3  443    3    0 89.0 90.0 1
    3  989  320    3 32.0 89.0 1
    4 3386   46    0 77.0 90.0 1
    4 1358   46    0 77.0 90.0 0
    3  663   50   46 76.0 77.0 1
    4 1116   69    0 71.0 90.0 1
    5 2737   50   46 76.0 77.0 1
    4 1455   50    0 76.0 90.0 1
    3 1364   46    0 77.0 90.0 1
