 100  30   1  21
    2  651  125  125 58.0 58.0 1
    5  441   65   65 72.0 72.0 1
    3 3151  247  247 39.0 39.0 1
    4 2625  130  130 57.0 57.0 1
    3  315   73   73 70.0 70.0 1
    4 2295   73   73 70.0 70.0 1
    3  840  102  102 63.0 63.0 1
    4 2743  286  102 35.0 63.0 1
    3 2308   73   65 70.0 72.0 1
    3 1157  125   65 58.0 72.0 1
    3 2456  102   73 63.0 70.0 1
    4  430   73   65 70.0 72.0 1
    4 1623  130    0 57.0 90.0 1
    3 2982  286  102 35.0 63.0 1
    5  765  247   73 39.0 70.0 1
    3 3523  247  125 39.0 58.0 1
    4 2645  286  125 35.0 58.0 1
    2 1050  286  130 35.0 57.0 1
    3 1283  247   73 39.0 70.0 1
    2 2503  247  200 39.0 45.0 1
    3  768  125    0 58.0 90.0 0
    2 1835  286  130 35.0 57.0 1
    3  850  247    0 39.0 90.0 1
    3  884  286  125 35.0 58.0 1
    2 2953  102   73 63.0 70.0 1
    4 1305  286  247 35.0 39.0 1
    5 1135  247  200 39.0 45.0 1
    3 2204  247  125 39.0 58.0 1
    3 2356  247  102 39.0 63.0 1
    5  514  125   65 58.0 72.0 1
