 100  17   1  21
    5 2799  187  187 47.0 47.0 1
    5  396   98   98 64.0 64.0 1
    5  925   10   10 87.0 87.0 1
    5 1705   81   81 68.0 68.0 1
    6 2022   10    0 87.0 90.0 1
    8 2565  187   10 47.0 87.0 0
    7 2231   98    0 64.0 90.0 1
    7 3270  187   61 47.0 73.0 1
    7 2573   98   10 64.0 87.0 1
    4  723   81    0 68.0 90.0 1
    6  826  187   10 47.0 87.0 1
    6 1752   81    0 68.0 90.0 0
    5 1871   81    0 68.0 90.0 0
    5  532   98   61 64.0 73.0 1
    7 1178  187   10 47.0 87.0 1
    6 2131  187   98 47.0 64.0 1
    6 1928   81   10 68.0 87.0 1
