 100  29   1  21
    4 3145  162  162 51.0 51.0 1
    4 2332  162  162 51.0 51.0 1
    3 2338    7    7 88.0 88.0 1
    4 1820   39   39 79.0 79.0 0
    3 2057    7    7 88.0 88.0 1
    5 1424   39   39 79.0 79.0 1
    3 1748  320  320 32.0 32.0 1
    3 1148    7    7 88.0 88.0 1
    2 2805  320   69 32.0 71.0 1
    5 3484  297   69 34.0 71.0 1
    3 2774   77   69 69.0 71.0 1
    4  845  297   73 34.0 70.0 0
    3 2647   73   69 70.0 71.0 1
    3 2244   73    0 70.0 90.0 1
    3 1574   77   73 69.0 70.0 1
    4 2957  320    7 32.0 88.0 1
    2  925   73    7 70.0 88.0 1
    5 1884  297  162 34.0 51.0 1
    4  573   77   73 69.0 70.0 1
    3 2150  320    7 32.0 88.0 1
    2 1541  297  162 34.0 51.0 1
    3 1768   39    7 79.0 88.0 1
    5 2006   39    0 79.0 90.0 1
    4  942   77   39 69.0 79.0 1
    3 1855   77   69 69.0 71.0 1
    2  507  162   73 51.0 70.0 1
    4 1823   69    7 71.0 88.0 1
    2 1811   73   69 70.0 71.0 1
    5 3500   77    0 69.0 90.0 1
