 100  25   3  23
    4 1859   46    0 77.0 90.0 1
    3 1972  151    0 53.0 90.0 1
    5 1196  333   81 31.0 68.0 1
    5 2533  247  151 39.0 53.0 1
    4 1282  151   43 53.0 78.0 1
    5 1155  151    0 53.0 90.0 0
    5 3389  162  151 51.0 53.0 1
    4 1891  333   17 31.0 85.0 1
    3 2594  151   17 53.0 85.0 1
    3 2902   50    0 76.0 90.0 1
    5 1291   46    0 77.0 90.0 1
    4 2302   50   46 76.0 77.0 1
    3 2700   50   43 76.0 78.0 1
    3  627   43    0 78.0 90.0 1
    3 2185   50   43 76.0 78.0 1
    3 1001   46    0 77.0 90.0 1
    4  717   46    0 77.0 90.0 0
    3 1696  222    0 42.0 90.0 1
    5  434  125    0 58.0 90.0 1
    4 3179  230    0 41.0 90.0 1
    5 3357  230  222 41.0 42.0 1
    4  788   14    0 86.0 90.0 1
    4  975  222   14 42.0 86.0 1
    5 1777  297  222 34.0 42.0 1
    4 2660  230  115 41.0 60.0 0
