 100  20   1  22
    5 1581   61   61 73.0 73.0 1
    4  676   32   14 81.0 86.0 1
    5 1532   14    7 86.0 88.0 1
    6 1165   61   46 73.0 77.0 1
    6 3287   32   14 81.0 86.0 1
    4 1114   14    7 86.0 88.0 1
    5  945  168   32 50.0 81.0 1
    5 1517   61   46 73.0 77.0 1
    5 1664   46    0 77.0 90.0 1
    4  743   46    0 77.0 90.0 1
    5 1404   61   32 73.0 81.0 1
    4 1434   61   46 73.0 77.0 1
    6  779   61   32 73.0 81.0 1
    5 1783   61   43 73.0 78.0 1
    5 1135  168   46 50.0 77.0 1
    5 1520  168    0 50.0 90.0 1
    5 1470  168    0 50.0 90.0 1
    5 1592   43    7 78.0 88.0 1
    6  961  168   46 50.0 77.0 1
    5  327   46    7 77.0 88.0 1
