 100  30   6  23
    5 1532   57   57 74.0 74.0 1
    3 2242  168   85 50.0 67.0 1
    2 1311  151   85 53.0 67.0 1
    4 3094   57   32 74.0 81.0 1
    2 3237  162  151 51.0 53.0 1
    3 3202  238   32 40.0 81.0 1
    4 3221   32   21 81.0 84.0 1
    3 3523   21    0 84.0 90.0 1
    4 2210  265   43 37.0 78.0 1
    4 3036  238   21 40.0 84.0 1
    3  827  102    0 63.0 90.0 1
    4 3004  156   85 52.0 67.0 1
    2 1497  102    0 63.0 90.0 1
    3  374  174    0 49.0 90.0 1
    4 1462  156  102 52.0 63.0 1
    3 3597   28    0 82.0 90.0 1
    5 2601   73    0 70.0 90.0 1
    4 1206   28    0 82.0 90.0 1
    4 3183   73   28 70.0 82.0 1
    3 2553   73    0 70.0 90.0 1
    3 3442  275    0 36.0 90.0 1
    2 1091  275   69 36.0 71.0 1
    2 2467   69   46 71.0 77.0 0
    2 1884  275   69 36.0 71.0 1
    4 3107   46    0 77.0 90.0 0
    3 3321  130   35 57.0 80.0 1
    4  972  130   35 57.0 80.0 1
    4 1797   93   35 65.0 80.0 1
    3 1886  180   61 48.0 73.0 1
    4 1968   93    0 65.0 90.0 1
