 100  27   1  21
    5 1871   85   85 67.0 67.0 0
    3 2240   85   85 67.0 67.0 1
    5 1959  230  230 41.0 41.0 1
    3 2396   73   73 70.0 70.0 1
    4 3320   85   85 67.0 67.0 1
    5 1579  333  333 31.0 31.0 1
    5  737   85   85 67.0 67.0 1
    4 2845   73   73 70.0 70.0 1
    5 2326  333   73 31.0 70.0 1
    2  632  230    0 41.0 90.0 1
    3 2170  193   85 46.0 67.0 1
    3 3523  333  193 31.0 46.0 1
    3 1301  193   73 46.0 70.0 1
    5 1946  333  193 31.0 46.0 1
    3 2241   73    0 70.0 90.0 1
    4 1369   73    0 70.0 90.0 1
    5 2067  230   73 41.0 70.0 1
    3 3033  193   73 46.0 70.0 1
    3 3443  193    0 46.0 90.0 1
    3 2716  193   85 46.0 67.0 1
    3 2081  333  193 31.0 46.0 0
    4  442  193    0 46.0 90.0 1
    3 2376  230   73 41.0 70.0 1
    3 2257  333   73 31.0 70.0 1
    4  656  193   85 46.0 67.0 1
    3 2758  333   73 31.0 70.0 1
    4 1264  230   85 41.0 67.0 1
