 100  30   1  22
    4 1233   93   93 65.0 65.0 1
    3 1212  111  111 61.0 61.0 1
    5 1633   93   93 65.0 65.0 1
    2  534    3    3 89.0 89.0 1
    2 1304  222  222 42.0 42.0 1
    3 1110    3    3 89.0 89.0 0
    3  848  187  187 47.0 47.0 1
    2  661  111  111 61.0 61.0 1
    4 3289    3    3 89.0 89.0 1
    4  967  222  222 42.0 42.0 1
    4  359   10   10 87.0 87.0 1
    3  757  207   10 44.0 87.0 1
    4 1385  187  111 47.0 61.0 1
    3  577  111   93 61.0 65.0 1
    4 1251  222  207 42.0 44.0 1
    3 1754  275    3 36.0 89.0 0
    4  427    3    0 89.0 90.0 1
    4 1573  187   93 47.0 65.0 1
    2  461   10    3 87.0 89.0 1
    4  551  207    0 44.0 90.0 1
    2  422  111   10 61.0 87.0 0
    3 1705  222   10 42.0 87.0 1
    3 1536  222    0 42.0 90.0 0
    4  942  222  111 42.0 61.0 1
    4 1202  207    0 44.0 90.0 1
    4 1191  111    0 61.0 90.0 1
    3  834  207  111 44.0 61.0 1
    4 1079  207    0 44.0 90.0 1
    3  682  187   93 47.0 65.0 0
    3  708  207   93 44.0 65.0 1
