 100  22   3  23
    5 3316   28   28 82.0 82.0 1
    4 3517   77   77 69.0 69.0 1
    5 1754   28    0 82.0 90.0 1
    4 1651   28    0 82.0 90.0 1
    4 3147   77    0 69.0 90.0 1
    3 3273   77   28 69.0 82.0 1
    3  720  238    0 40.0 90.0 1
    6 1628  238    0 40.0 90.0 1
    4  444  200    0 45.0 90.0 1
    6  496  238    0 40.0 90.0 0
    4 3335  238  200 40.0 45.0 1
    4  868  200    0 45.0 90.0 1
    6 1234  200    0 45.0 90.0 1
    4 2541  238    0 40.0 90.0 1
    5  875  222   85 42.0 67.0 1
    4 3060  222  106 42.0 62.0 1
    5 3314  115  106 60.0 62.0 1
    6 2255  222  115 42.0 60.0 1
    6 3510  180  115 48.0 60.0 1
    4 2939  187   85 47.0 67.0 1
    5 2530  222   85 42.0 67.0 1
    3 1871  222  187 42.0 47.0 1
