 100  25   1  21
    5 1624   61   61 73.0 73.0 1
    3 2110   61   61 73.0 73.0 1
    4 2697  286   61 35.0 73.0 0
    3 2417  286    0 35.0 90.0 1
    3 3143  286    0 35.0 90.0 1
    4  792   61    0 73.0 90.0 1
    3  618   61    0 73.0 90.0 1
    5 1736   61    0 73.0 90.0 1
    5 2409  286   61 35.0 73.0 1
    4 1938   61    0 73.0 90.0 1
    4 3392  286   61 35.0 73.0 1
    4  953  286   61 35.0 73.0 1
    4 1784   61    0 73.0 90.0 1
    4 1501  286    0 35.0 90.0 1
    4 3401  286    0 35.0 90.0 1
    5 1657  286    0 35.0 90.0 1
    5 1911   61    0 73.0 90.0 1
    3 2473  286    0 35.0 90.0 0
    3 1566  286   61 35.0 73.0 1
    3 2985  286   61 35.0 73.0 1
    4 1555  286    0 35.0 90.0 0
    5 2228  286   61 35.0 73.0 1
    5 3233  286    0 35.0 90.0 1
    3 2981   61    0 73.0 90.0 0
    5 1663   61    0 73.0 90.0 1
