 100  22   1  21
    5 1794  174  174 49.0 49.0 1
    5 2571  174    0 49.0 90.0 1
    5 2727   35    0 80.0 90.0 1
    5 1945  174   35 49.0 80.0 1
    6 3502  174    0 49.0 90.0 1
    4 3402  275   65 36.0 72.0 1
    4 3420  275   28 36.0 82.0 1
    5 2124  193  174 46.0 49.0 1
    5 1316   10    0 87.0 90.0 1
    5  944  275  187 36.0 47.0 1
    5 2638  187   65 47.0 72.0 1
    6  385   65   35 72.0 80.0 1
    5  535  174    0 49.0 90.0 0
    3 1425  275  187 36.0 47.0 1
    5 3181  193   28 46.0 82.0 1
    5 3241   28   10 82.0 87.0 0
    4 1298   35    0 80.0 90.0 1
    3 2773  275    0 36.0 90.0 1
    4 2869  187    0 47.0 90.0 1
    3  520  187   28 47.0 82.0 1
    4 3534  275   65 36.0 72.0 1
    4 2225   65   35 72.0 80.0 1
