 100  25   5  24
    5 1526  230  111 41.0 61.0 1
    4 2859  222   98 42.0 64.0 0
    5 1585  222  111 42.0 61.0 1
    5 1016  151   98 53.0 64.0 1
    5  783  168  168 50.0 50.0 1
    4 1464   81   43 68.0 78.0 0
    3  508  222    0 42.0 90.0 1
    5 2731  308  207 33.0 44.0 1
    3 1130  222  193 42.0 46.0 1
    4 1469  308  222 33.0 42.0 1
    3 1673  222   73 42.0 70.0 1
    3  496  115   39 60.0 79.0 0
    3  875  115   57 60.0 74.0 1
    5 2789   73   25 70.0 83.0 1
    5 2966  320  115 32.0 60.0 1
    5  779  102   39 63.0 79.0 1
    3 2808   39    7 79.0 88.0 1
    3  954    3    0 89.0 90.0 1
    3 1146    7    3 88.0 89.0 1
    4 3124  256   39 38.0 79.0 1
    5 1584  238  200 40.0 45.0 1
    4 3203  238   46 40.0 77.0 1
    4 3241  238   14 40.0 86.0 1
    4 2582  247   46 39.0 77.0 0
    3 1110  200   57 45.0 74.0 1
