 100  19   2  24
    4 1580  230  230 41.0 41.0 1
    5 1035  207    0 44.0 90.0 1
    5 1604  286    0 35.0 90.0 1
    6  427  207    0 44.0 90.0 1
    6  630   14    0 86.0 90.0 1
    5 3126  207    0 44.0 90.0 1
    6  690  286   14 35.0 86.0 1
    5 3413  207    0 44.0 90.0 1
    4  669  207   35 44.0 80.0 1
    4 1151  207    0 44.0 90.0 1
    6  891  230  174 41.0 49.0 0
    4  915  238  174 40.0 49.0 1
    6 3182  238  230 40.0 41.0 1
    6  452  174    0 49.0 90.0 1
    4  742  174    0 49.0 90.0 1
    6 1538  230    0 41.0 90.0 1
    6 2569  238    0 40.0 90.0 0
    6 3186  238  174 40.0 49.0 1
    6 2384  230    0 41.0 90.0 1
