 100  19   1  22
    4 1174   57   57 74.0 74.0 1
    5  640  135  135 56.0 56.0 1
    5  446   50   50 76.0 76.0 1
    6 1302  135  135 56.0 56.0 1
    4 1087  193  135 46.0 56.0 1
    5 1574  346  193 30.0 46.0 1
    5  604  193    0 46.0 90.0 1
    6 1466  193  151 46.0 53.0 1
    6  646  193    0 46.0 90.0 1
    6 1780  193  151 46.0 53.0 1
    4  733   57    0 74.0 90.0 1
    6 1406  346  135 30.0 56.0 1
    6 1694  135    0 56.0 90.0 0
    6 3455  151   57 53.0 74.0 1
    5 3258  135    0 56.0 90.0 1
    4  875  193    0 46.0 90.0 0
    6 1730  151  135 53.0 56.0 1
    6 1797  151  135 53.0 56.0 1
    5  738  151   57 53.0 74.0 1
