 200  27   3  27
    6 3098  107  107 43.0 43.0 1
   16 3150   29    0 74.0 90.0 0
    4 1640  111   29 42.0 74.0 1
   13 1450    2    0 89.0 90.0 1
    6 2248  107    2 43.0 89.0 0
   12  767   29    2 74.0 89.0 0
    3 2591  119   53 40.0 62.0 1
   17 1315   53   21 62.0 78.0 0
   17  779   32   21 72.0 78.0 0
    4 1400  119   34 40.0 71.0 1
    3 3594   90   53 48.0 62.0 1
   14  566   90   53 48.0 62.0 1
    1 2622   90    0 48.0 90.0 1
    5 1117  119   32 40.0 72.0 1
   10 2624  119    0 40.0 90.0 0
    2 3162   12    0 83.0 90.0 1
   12 2075   21    0 78.0 90.0 1
    4 3457  119   21 40.0 78.0 1
    3 2452   53    0 62.0 90.0 1
    1 1539   90   34 48.0 71.0 1
    4 1789   81   67 51.0 56.0 1
    1 2380   81    0 51.0 90.0 1
    7  630   67    0 56.0 90.0 1
    5  655   81   67 51.0 56.0 1
    9 3042   81    0 51.0 90.0 1
   17 3120   81    0 51.0 90.0 1
    4  933   67    0 56.0 90.0 1
