 200  26   2  27
    1  907   73   73 54.0 54.0 1
    9  794  115  115 41.0 41.0 0
   11 3561   11   11 84.0 84.0 0
   11 1063   11    0 84.0 90.0 1
   11 2862   87    0 49.0 90.0 1
    6 3309  115    0 41.0 90.0 1
   12 1987  128   87 38.0 49.0 1
   14 1848  128   11 38.0 84.0 1
   11 3439   73    0 54.0 90.0 1
    1 3055   87   73 49.0 54.0 1
    5 2349  115   87 41.0 49.0 1
    1 1206  128   87 38.0 49.0 1
   10 3317  128  115 38.0 41.0 0
   11  744   90    0 48.0 90.0 1
   13 1153   90    0 48.0 90.0 1
    7 2641   73    0 54.0 90.0 1
    1 1586   90   73 48.0 54.0 1
    2 2148   90    0 48.0 90.0 1
    1 2836   90   73 48.0 54.0 1
   11 1150   73    0 54.0 90.0 1
    5 1496   73    0 54.0 90.0 1
    6 1306   90    0 48.0 90.0 1
    9  776   90    0 48.0 90.0 1
   16 1997   90   73 48.0 54.0 1
   14 3284   90   73 48.0 54.0 1
    1 1603   73    0 54.0 90.0 1
