 200  21   4  28
    1 3211   97   11 46.0 84.0 1
    1 1347   18   11 80.0 84.0 1
    8 1391  111   29 42.0 74.0 1
    1 3135   97    7 46.0 86.0 1
    5 1443   29    7 74.0 86.0 1
   13 2882  143   70 35.0 55.0 1
   13 3034  143   16 35.0 81.0 1
   17  877   53    0 62.0 90.0 1
   16 1312  160   16 32.0 81.0 0
    6  726  143   16 35.0 81.0 1
   10 2737   49    0 64.0 90.0 1
   10  393  119   49 40.0 64.0 1
    7  632   11    0 84.0 90.0 0
   12 1608   49   11 64.0 84.0 1
    7 2798   11    0 84.0 90.0 1
    8  565   49   11 64.0 84.0 1
   18  645  154   14 33.0 82.0 1
   10 3120  173  154 30.0 33.0 1
   20  795  154   14 33.0 82.0 1
   11 3135   23   14 77.0 82.0 1
    6 1801   53    0 62.0 90.0 1
