 200  28   5  27
   13 3586   29   29 74.0 74.0 1
   10 3267   29   29 74.0 74.0 1
    8  844   29   29 74.0 74.0 1
    3  337   29    0 74.0 90.0 1
    1 1685   60    0 59.0 90.0 1
   11 2434   29    0 74.0 90.0 1
    9 1027  104   12 44.0 83.0 1
    2 3119  104   12 44.0 83.0 1
   11  631   12    0 83.0 90.0 1
    7 3227   12    0 83.0 90.0 1
    4  698  166   12 31.0 83.0 1
    3 3124  107    0 43.0 90.0 1
    7 1505  107   38 43.0 69.0 1
    2 1237  107   47 43.0 65.0 1
    2 3553  107   25 43.0 76.0 1
   12 1403  107   38 43.0 69.0 1
   12 1231  154  107 33.0 43.0 1
    3 2200  160  115 32.0 41.0 1
    5 2350  160  115 32.0 41.0 1
   11 1819  160    0 32.0 90.0 0
   11  373  160    0 32.0 90.0 1
    6 2620  160   87 32.0 49.0 1
   11 2924  160    0 32.0 90.0 1
   14 3496   93    0 47.0 90.0 1
    8 1967   93   47 47.0 65.0 1
    5 2086  123    0 39.0 90.0 1
    8 1620   93   47 47.0 65.0 1
    1  690  123   47 39.0 65.0 1
