 200  30   1  26
    5 1101   70   70 55.0 55.0 1
   14 1174   47   47 65.0 65.0 1
   12 1058   70   70 55.0 55.0 1
   14  547   93   93 47.0 47.0 1
    8 1477   32   32 72.0 72.0 1
    1 1549   32   32 72.0 72.0 0
    1  493   32   32 72.0 72.0 1
   13 3023   32    0 72.0 90.0 1
   10 1307   47   25 65.0 76.0 1
    2 1638  154   27 33.0 75.0 1
    7  470   97   87 46.0 49.0 1
    2 1441  154    0 33.0 90.0 1
    3  653   87   25 49.0 76.0 1
   13 1598  154   32 33.0 72.0 1
    5  353   47   25 65.0 76.0 1
    7  643   97   70 46.0 55.0 1
    6  793  154   32 33.0 72.0 1
    5  585   97   25 46.0 76.0 0
    1  522   27   25 75.0 76.0 1
    1  312   87   47 49.0 65.0 1
    8 1346   27    0 75.0 90.0 1
    2  399   70   47 55.0 65.0 1
    4  330   97   32 46.0 72.0 1
    9 1303  154   25 33.0 76.0 0
    7 1444   70   25 55.0 76.0 1
   11  520  154   32 33.0 72.0 1
    4  834  154   32 33.0 72.0 1
   11 1491   25    0 76.0 90.0 1
   13 3017  154   87 33.0 49.0 1
    1 1005   97    0 46.0 90.0 1
