 200  25   1  25
    4 1526    3    3 88.0 88.0 1
   16 3317   34   34 71.0 71.0 0
   15 2301   70   70 55.0 55.0 1
    1 2133    3    3 88.0 88.0 1
   13  928    3    3 88.0 88.0 1
    7 2154  160  160 32.0 32.0 1
    2 1405   70   70 55.0 55.0 1
    1 3044  160  160 32.0 32.0 1
    1 2317   23   23 77.0 77.0 1
    1 2491   23   23 77.0 77.0 1
    4 1453   23    0 77.0 90.0 0
   11  359   16    3 81.0 88.0 1
   17  564  138    0 36.0 90.0 1
    7 2524  160   23 32.0 77.0 1
   16 2236   70   34 55.0 71.0 1
    6 2374  160   19 32.0 79.0 1
    6 1725   70   19 55.0 79.0 1
   10 1502   34   23 71.0 77.0 1
   12 1009  138   23 36.0 77.0 1
    1 2785   34   23 71.0 77.0 1
   16 1577  160   23 32.0 77.0 1
   15 2202  138   23 36.0 77.0 0
    9 2102  160   23 32.0 77.0 1
    8 1638   34    0 71.0 90.0 1
    1 1523   34    3 71.0 88.0 1
