 200  25   1  25
    1 1485   65   65 57.0 57.0 1
    9 3303   65   65 57.0 57.0 1
    8 2465   60   60 59.0 59.0 1
    4 3475   60   60 59.0 59.0 1
   13 1519   65   65 57.0 57.0 1
    9  330   65   65 57.0 57.0 1
    3 2978   60   60 59.0 59.0 1
    1  338   60   60 59.0 59.0 1
    4 2889   60    0 59.0 90.0 0
   10 2506  100   65 45.0 57.0 1
   10 2202   65   60 57.0 59.0 1
   11  685   65   60 57.0 59.0 1
   15 1059  100   65 45.0 57.0 1
    8 1529  100   60 45.0 59.0 1
    9 2813   65    0 57.0 90.0 1
    7 2388  100   60 45.0 59.0 1
    3 3058   65    0 57.0 90.0 1
    6 2551   65    0 57.0 90.0 1
    2 2105   65   60 57.0 59.0 1
   14 2590  100   60 45.0 59.0 1
   16 1995   60    0 59.0 90.0 1
    1 2045  100    0 45.0 90.0 1
   10 3253  100    0 45.0 90.0 1
   16  744  100    0 45.0 90.0 1
   10 2833  100   60 45.0 59.0 1
