 200  22   3  28
   15 3129  133  133 37.0 37.0 1
    5 1168   40    0 68.0 90.0 1
   16 1074  100    0 45.0 90.0 1
   12 3270  133  100 37.0 45.0 1
    8  494  100    0 45.0 90.0 1
   13 1967  100    0 45.0 90.0 1
   15 1375  100    0 45.0 90.0 1
    4  948  111    0 42.0 90.0 1
   15 3076  100    0 45.0 90.0 1
    2 1393  100    0 45.0 90.0 1
   14 2984  111  100 42.0 45.0 1
   13 2188  107   36 43.0 70.0 1
    3 2630   36   11 70.0 84.0 1
    3  743  123   11 39.0 84.0 1
    1 1179  107   11 43.0 84.0 1
   13 1680  123   81 39.0 51.0 1
   12 2092  123   36 39.0 70.0 1
   12 1820   81   36 51.0 70.0 1
    1 2425  107   81 43.0 51.0 1
   10 1502   81    0 51.0 90.0 1
   10  730  123   36 39.0 70.0 0
    3  981   45    0 66.0 90.0 1
