 200  24   1  25
   12 1311   29   29 74.0 74.0 1
    9 2589   58   58 60.0 60.0 1
   10 2583   19   19 79.0 79.0 1
    1 1733   29   29 74.0 74.0 1
   10 1823   34   34 71.0 71.0 1
    4 1041   34   34 71.0 71.0 1
    7  488   53   53 62.0 62.0 1
   10  618   58   58 60.0 60.0 1
   13 1734   53   53 62.0 62.0 1
   13 2911   29   19 74.0 79.0 1
    8 2348   58    0 60.0 90.0 1
   11 1775   58   53 60.0 62.0 1
    8  907   58   34 60.0 71.0 1
    7 2842   53   34 62.0 71.0 1
   12 3397   58   34 60.0 71.0 0
    9 3260   58   29 60.0 74.0 1
    9  985   81   34 51.0 71.0 1
    7 1043   34   19 71.0 79.0 1
    5 1806   81   34 51.0 71.0 1
    6 1261   53   19 62.0 79.0 1
    1  850   34   19 71.0 79.0 0
   12 2157   29   19 74.0 79.0 1
    9 3075   81   19 51.0 79.0 1
    7 1203   29   19 74.0 79.0 1
