 200  21   2  28
   12 3326   14   14 82.0 82.0 0
    1  559   32    3 72.0 88.0 1
   16 1563   81   32 51.0 72.0 0
   16 1668  133   14 37.0 82.0 0
    2 3071   19    7 79.0 86.0 1
   12  814   81    3 51.0 88.0 1
   11  834   19    3 79.0 88.0 1
    1  687   81    7 51.0 86.0 1
   13 1684   32    0 72.0 90.0 1
   15  435   81   45 51.0 66.0 1
    2  462  133    0 37.0 90.0 1
    8 1123  133   14 37.0 82.0 1
   16 1169    7    0 86.0 90.0 1
   14 2116  173   65 30.0 57.0 1
   12 2457  154   65 33.0 57.0 1
    3 3392   65   47 57.0 65.0 1
   12 2323   65   47 57.0 65.0 1
    3 1437  173   47 30.0 65.0 1
    8  677   65    0 57.0 90.0 1
    9 1761  173  154 30.0 33.0 0
   14 1762  173   65 30.0 57.0 1
