 200  28   1  25
    6 1976   58   58 60.0 60.0 1
    9 1270   97   97 46.0 46.0 0
    3  758   58   58 60.0 60.0 1
    8 3420   58   58 60.0 60.0 1
   12 1640   55   55 61.0 61.0 1
   13 1792   58   58 60.0 60.0 1
   15 1634  111  111 42.0 42.0 1
   14  324   58   58 60.0 60.0 1
    5 1614   87   87 49.0 49.0 1
    6 2710  143  143 35.0 35.0 1
    2 2564   97   97 46.0 46.0 1
    7 1256   97   97 46.0 46.0 1
    4 2373  111  111 42.0 42.0 1
    5  651   55    0 61.0 90.0 1
    2 1898  111   97 42.0 46.0 1
    5 2444  143    0 35.0 90.0 1
    9 2103   97   32 46.0 72.0 1
   15  488  111   87 42.0 49.0 1
    8  468  143    0 35.0 90.0 1
    4 1795   87   58 49.0 60.0 1
    9 1775   55    0 61.0 90.0 1
    3 2063  111   58 42.0 60.0 1
    6 3495   97    0 46.0 90.0 1
   11  449   97    0 46.0 90.0 1
    1 2185   87   55 49.0 61.0 1
    1 2727  143    0 35.0 90.0 1
    4 3094   97   58 46.0 60.0 1
   13 2303  111    0 42.0 90.0 1
