 200  30   6  28
    2 3265  100  100 45.0 45.0 1
    1 1210   21   21 78.0 78.0 1
   13  416   60    7 59.0 86.0 1
   11  620    7    0 86.0 90.0 1
    4 3079   67   21 56.0 78.0 1
    9  570   49   31 64.0 73.0 1
    7 1384   49   31 64.0 73.0 1
    7 2988   19    0 79.0 90.0 1
    1 3295   49    0 64.0 90.0 1
   12 1507   19    0 79.0 90.0 1
    5 1660   60   55 59.0 61.0 1
    4  555  133   55 37.0 61.0 0
   12 1734   55   32 61.0 72.0 1
   11 2039   93    0 47.0 90.0 1
    9 3313   93   32 47.0 72.0 1
    2 1689   55   51 61.0 63.0 1
   11 1586   51   51 63.0 63.0 0
    9 1306  138   51 36.0 63.0 1
    5 3301   51    0 63.0 90.0 1
    5  632  138   45 36.0 66.0 1
    3 3434   21    0 78.0 90.0 0
    5 1284   21    9 78.0 85.0 1
    8 1185   31   21 73.0 78.0 1
   10  466   31   21 73.0 78.0 1
    2  609   21    9 78.0 85.0 1
    8 2410  133    2 37.0 89.0 1
    9  712    2    0 89.0 90.0 1
    4 1828    2    0 89.0 90.0 1
    8 1756    2    0 89.0 90.0 1
    3 1420  133    0 37.0 90.0 1
