 200  26   1  26
    6  763   58   58 60.0 60.0 1
    3  814  143  143 35.0 35.0 0
    1 1407   58   58 60.0 60.0 1
    7  769  143  119 35.0 40.0 1
    5  507  143    0 35.0 90.0 1
   13 1142  138    0 36.0 90.0 1
    1  848  143   36 35.0 70.0 1
   12  830   47    0 65.0 90.0 1
   12  535   58   47 60.0 65.0 1
   13  344   40   36 68.0 70.0 1
    7 1448  143  119 35.0 40.0 1
   11 1747   40   36 68.0 70.0 1
    5  926   97   58 46.0 60.0 1
    8 1209   97   47 46.0 65.0 1
    5 1676  143   58 35.0 60.0 1
   10 3010   47   36 65.0 70.0 1
    1  938   58   36 60.0 70.0 1
    7  412   97   58 46.0 60.0 1
    9 1718  143    0 35.0 90.0 1
   14  865  143   36 35.0 70.0 1
   10  533   40   36 68.0 70.0 1
    5  339  119   40 40.0 68.0 1
    4  540  138   58 36.0 60.0 1
   13 1756   58   36 60.0 70.0 1
   12 1439  138   47 36.0 65.0 1
    6  548   40    0 68.0 90.0 1
