 200  29   1  26
   12 1306   78   78 52.0 52.0 1
    9 1542   45   32 66.0 72.0 1
    6 3427   78   32 52.0 72.0 1
    9 1749   45    0 66.0 90.0 1
    8 1311   78   45 52.0 66.0 1
   12  417   45   32 66.0 72.0 1
    5 1163   45    0 66.0 90.0 1
    5 1508   78    0 52.0 90.0 1
    7 1242   78   45 52.0 66.0 1
   10 1272   78   45 52.0 66.0 1
   13  620   45   32 66.0 72.0 0
    2 1623   45   32 66.0 72.0 1
    6  932   32    0 72.0 90.0 1
    8 1548   78    0 52.0 90.0 1
    8 2731   78   45 52.0 66.0 0
    9 1352   78    0 52.0 90.0 1
   10 1281   78   45 52.0 66.0 1
    5 1056   78   45 52.0 66.0 1
    1 1015   45   32 66.0 72.0 1
    4  344   78    0 52.0 90.0 1
    9  681   78    0 52.0 90.0 1
    4 1495   32    0 72.0 90.0 1
    3 1293   45   32 66.0 72.0 1
    3  306   78   45 52.0 66.0 1
   10  593   78    0 52.0 90.0 1
   11 1096   45   32 66.0 72.0 1
    5 1627   78   32 52.0 72.0 1
    5 1453   78   32 52.0 72.0 0
    1  788   78   45 52.0 66.0 1
