 200  25   1  26
   11 1519  111  111 42.0 42.0 1
   10 1246   53   53 62.0 62.0 1
   13  586   53   53 62.0 62.0 1
    1  379   53   53 62.0 62.0 1
   13 1436  111  111 42.0 42.0 1
    6 1004  111  111 42.0 42.0 1
    5  628  111   53 42.0 62.0 1
    5  547  111   53 42.0 62.0 1
   12  418   53    0 62.0 90.0 1
    9  596  111   53 42.0 62.0 1
    1 1682  111    0 42.0 90.0 1
    6  994  111   53 42.0 62.0 1
    3 1122  111   53 42.0 62.0 1
   13  952   53    0 62.0 90.0 0
   11 1084   53    0 62.0 90.0 1
    3 1770   53    0 62.0 90.0 1
   13 1700  111   53 42.0 62.0 1
   10  511   53    0 62.0 90.0 1
    5 1212  111   53 42.0 62.0 1
    8 3501  111   53 42.0 62.0 1
    7 1194  111   53 42.0 62.0 1
   11 1049  111    0 42.0 90.0 1
    7 1490  111   53 42.0 62.0 1
   14 1237  111   53 42.0 62.0 1
    3 1373   53    0 62.0 90.0 1
