 200  27   4  27
    8 3073   90   90 48.0 48.0 1
    1 1296   18   18 80.0 80.0 1
    4 2805   90    0 48.0 90.0 1
    8 2024   58   18 60.0 80.0 1
    5 2540   58   36 60.0 70.0 1
    3 2573   90   36 48.0 70.0 1
   15 1861   29    0 74.0 90.0 1
    5 1209   73   29 54.0 74.0 1
    4 3271   32    0 72.0 90.0 0
   14 1398   73    0 54.0 90.0 1
    3 1146   73   25 54.0 76.0 1
   11  552   32   25 72.0 76.0 1
    9  654   78   73 52.0 54.0 1
   10 3542  173   21 30.0 78.0 1
    4 3395  173  128 30.0 38.0 1
    6 3158  173   21 30.0 78.0 1
    7 3417   55    0 61.0 90.0 1
   15 2909   65   21 57.0 78.0 0
    9 1889  173   65 30.0 57.0 1
   12 1765   84   25 50.0 76.0 1
    5 1285   84   25 50.0 76.0 1
    1 2326   84   25 50.0 76.0 1
    7  990   49   25 64.0 76.0 1
    8 1423   25    2 76.0 89.0 1
    1 1284   49    0 64.0 90.0 1
   15 2940   25    0 76.0 90.0 1
   10  437   84   49 50.0 64.0 1
