 200  16   1  26
   12 3095   51   51 63.0 63.0 1
   11  353    3    0 88.0 90.0 0
   11 3095    3    3 88.0 88.0 1
    5 1030    3    0 88.0 90.0 1
    4  478   51    3 63.0 88.0 1
   18 1056    3    0 88.0 90.0 1
   10  756   51    0 63.0 90.0 1
   18  564   51    0 63.0 90.0 1
    7 1156   51    3 63.0 88.0 1
   17 1729   51    3 63.0 88.0 1
   16 1061    3    3 88.0 88.0 1
   16 1588   51    3 63.0 88.0 1
   16 1646   51    3 63.0 88.0 1
   11  810    3    0 88.0 90.0 1
   13 1787    3    0 88.0 90.0 1
   15 1552    3    0 88.0 90.0 0
