 200  23   3  27
    1 1829   16   16 81.0 81.0 1
    1 1635   93   16 47.0 81.0 1
    6 2963  119   62 40.0 58.0 1
   12  783  119    0 40.0 90.0 1
    1 2948   16    0 81.0 90.0 1
   17 1637   62    0 58.0 90.0 1
    6 2715  115   38 41.0 69.0 0
   20 3567  115    5 41.0 87.0 1
   12 3169  115   38 41.0 69.0 1
    7 1481   38   18 69.0 80.0 1
    6 1121   38   18 69.0 80.0 1
   12 1346  115    0 41.0 90.0 0
    4 2159  143   14 35.0 82.0 1
    1 1372  143   93 35.0 47.0 0
   15 1067   32   14 72.0 82.0 1
    1 2111   14    0 82.0 90.0 0
   12 1899  166    0 31.0 90.0 1
    4 1487  166   11 31.0 84.0 1
    5 2269   93   14 47.0 82.0 1
   20  877  166   11 31.0 84.0 1
   14  430   19   11 79.0 84.0 1
    7 1270  143   19 35.0 79.0 1
   16  928  166   32 31.0 72.0 1
