 200  21   1  25
    9 1893   18   18 80.0 80.0 0
   16  509   18   18 80.0 80.0 1
   10  410   18   18 80.0 80.0 1
   10  537   18   18 80.0 80.0 1
    8 3366   40   40 68.0 68.0 1
   17 1149   81    0 51.0 90.0 1
   10 2789   18   18 80.0 80.0 1
    3 1348   18    0 80.0 90.0 1
   17 3425   81   18 51.0 80.0 1
    6 3553  166    0 31.0 90.0 1
   16 1576   81    0 51.0 90.0 1
   11 2199   18   18 80.0 80.0 1
    6 3572   40   18 68.0 80.0 1
    9 2320  166   81 31.0 51.0 1
   16  994  166   18 31.0 80.0 1
   19 3162  166   18 31.0 80.0 1
    1  471  166   18 31.0 80.0 1
   12  765   81    0 51.0 90.0 1
    2 1250  166   40 31.0 68.0 0
    1 1550  166   18 31.0 80.0 1
    1  857  166   81 31.0 51.0 0
