 200  19   1  25
   14 3295   45    0 66.0 90.0 1
   11 2275  166   45 31.0 66.0 1
   20  881  166   45 31.0 66.0 1
    9 2612  166    0 31.0 90.0 1
   10 1330  166   45 31.0 66.0 1
    1 3535   45    0 66.0 90.0 1
    9  734   45    0 66.0 90.0 1
   18 2991  166   45 31.0 66.0 1
    3 3380  166   45 31.0 66.0 1
   19 1479  166   45 31.0 66.0 1
   14 1034  166    0 31.0 90.0 1
    3 1156  166    0 31.0 90.0 1
   19 1807  166   45 31.0 66.0 1
   12 1245  166   45 31.0 66.0 1
    4 1301  166    0 31.0 90.0 1
    6 2020  166   45 31.0 66.0 0
    5 2689  166   45 31.0 66.0 0
   20  838  166   45 31.0 66.0 1
    3 3329   45    0 66.0 90.0 1
