 200  25   2  28
    3 3080  100  100 45.0 45.0 1
   12 1425   29    0 74.0 90.0 1
   11 1501  100   87 45.0 49.0 1
    3  811  100    0 45.0 90.0 1
    1 1046  100    0 45.0 90.0 1
   11 1203   29    0 74.0 90.0 1
    1 1598  100   51 45.0 63.0 1
    8 1708   51    0 63.0 90.0 1
    8 1585   29    0 74.0 90.0 0
   12 2777   73   51 54.0 63.0 1
    8  618   78   36 52.0 70.0 1
   13 1610  119   53 40.0 62.0 1
   10 1496   47   36 65.0 70.0 0
    9  410   70    0 55.0 90.0 1
    6 3030   81   47 51.0 65.0 1
   11 1043   53   47 62.0 65.0 1
    9  306   47   36 65.0 70.0 1
    7 1625  119   47 40.0 65.0 1
    7  650   81    0 51.0 90.0 1
   12 1589   81   53 51.0 62.0 1
   10  986   81   47 51.0 65.0 1
   11  541  119    0 40.0 90.0 1
   12  651   78   53 52.0 62.0 1
    3  519   78   70 52.0 55.0 1
    2 2910   47   36 65.0 70.0 1
