 200  23   1  25
    9  997    2    2 89.0 89.0 1
    7 2153   18   18 80.0 80.0 1
    1 1000    5    5 87.0 87.0 0
   16  505   84   84 50.0 50.0 1
    7 1860   36   36 70.0 70.0 1
    7 1730   36   36 70.0 70.0 1
   12 1458   49   49 64.0 64.0 1
    9 2223   18   18 80.0 80.0 1
   11  745   36   36 70.0 70.0 1
    5 1172   49   49 64.0 64.0 1
    1 1044   84   84 50.0 50.0 1
   16  877   36    0 70.0 90.0 0
   12  966   49    0 64.0 90.0 1
   10 1582   36    5 70.0 87.0 1
    7  782   36    2 70.0 89.0 1
    6 2580   49   18 64.0 80.0 0
    1 1580   18    2 80.0 89.0 1
   15 1535   49   18 64.0 80.0 1
    1  721   84   18 50.0 80.0 1
   15 2455    5    2 87.0 89.0 1
   11 2760    5    2 87.0 89.0 1
   10 1267   84    5 50.0 87.0 1
   11 3076   36    5 70.0 87.0 1
