 200  19   3  27
    5 2707   73   73 54.0 54.0 1
    1  762  128  119 38.0 40.0 1
    9  817   73   40 54.0 68.0 1
   18  303   78    0 52.0 90.0 0
   16 3446   73    0 54.0 90.0 1
   10 2333  119   16 40.0 81.0 1
    5 1427  123  119 39.0 40.0 1
   15 2031   90   60 48.0 59.0 1
   15 1512   90   47 48.0 65.0 1
   16  333   90   47 48.0 65.0 1
    1 2635   60    0 59.0 90.0 1
   18 3432   60    0 59.0 90.0 1
    4  871   47    0 65.0 90.0 1
   13  548  138    0 36.0 90.0 0
    5 3217    7    0 86.0 90.0 1
    6 1088   81   53 51.0 62.0 1
    7 2798  138    7 36.0 86.0 1
   17  869   81   70 51.0 55.0 0
   19 2125  138   47 36.0 65.0 1
