 200  23   1  26
   18  829  115  115 41.0 41.0 1
    3 3572  115   19 41.0 79.0 1
    4 1076  115   65 41.0 57.0 1
    3  555    5    3 87.0 88.0 1
   12  918   34    0 71.0 90.0 1
   15  434   65    5 57.0 87.0 1
   13  644   19    5 79.0 87.0 1
    8 1544   65   19 57.0 79.0 1
   16  899  115    5 41.0 87.0 1
    1  947  115   65 41.0 57.0 1
   10  761   65    5 57.0 87.0 1
    5  364    5    3 87.0 88.0 1
    2 1734   12    3 83.0 88.0 1
    7 1760   19   12 79.0 83.0 1
   12  845   19    5 79.0 87.0 1
    4 1074   12    5 83.0 87.0 1
   17 1349    5    0 87.0 90.0 1
    1 1451   34   19 71.0 79.0 1
   19  749   65    5 57.0 87.0 1
    1  986    5    5 87.0 87.0 1
    5 1193   12    5 83.0 87.0 1
    4  645   34    5 71.0 87.0 1
   20 1404   65    5 57.0 87.0 1
