 200  20   4  28
    1 1726   12   12 83.0 83.0 1
    4  798   42   42 67.0 67.0 0
   18 3054   40   12 68.0 83.0 1
    8 2997   40   36 68.0 70.0 1
   15 1028   40   12 68.0 83.0 1
    6 1159   97   32 46.0 72.0 1
    4 1500  104   97 44.0 46.0 1
    8 3486   53   29 62.0 74.0 1
   19  922   34   29 71.0 74.0 1
   14  803   34    0 71.0 90.0 1
   16  490  128    5 38.0 87.0 1
   20  488  128    0 38.0 90.0 1
    2 3022  128    0 38.0 90.0 1
   11  834   60    5 59.0 87.0 1
    1 1601  128   60 38.0 59.0 1
    9 1199    5    0 87.0 90.0 1
   10  395   27    0 75.0 90.0 1
    7 2971  166   27 31.0 75.0 0
    6  351   27    5 75.0 87.0 1
   21  670  166    5 31.0 87.0 1
