 200  19   1  26
    4 3033   90   90 48.0 48.0 1
   16  683  128   90 38.0 48.0 0
   12  545  128    0 38.0 90.0 0
   15  514   90    0 48.0 90.0 1
   16 1224  128    0 38.0 90.0 1
    1 1525  128   90 38.0 48.0 1
   19 1726   90    0 48.0 90.0 1
    2  323  128    0 38.0 90.0 1
   17 1636   90    0 48.0 90.0 1
    6 1041  128    0 38.0 90.0 1
   11 1039   90    0 48.0 90.0 1
    5 1792   90    0 48.0 90.0 1
   14  833  128   90 38.0 48.0 1
   14 3251   90    0 48.0 90.0 1
    5 1269   90    0 48.0 90.0 1
    9 1574   90    0 48.0 90.0 1
   17 1436  128    0 38.0 90.0 1
   15 1669   90    0 48.0 90.0 1
    2 1293  128    0 38.0 90.0 1
