 200  30   1  26
    4 1699   27   27 75.0 75.0 1
    4 1750   75   75 53.0 53.0 1
    7 1209   58   58 60.0 60.0 1
   10 1096   47   47 65.0 65.0 1
   11 1028   47   47 65.0 65.0 1
    9 1663   27   27 75.0 75.0 1
   12 1231   75   75 53.0 53.0 0
    4 1247  160    0 32.0 90.0 1
    8  377  160   25 32.0 76.0 1
    1 1727   58   11 60.0 84.0 1
    8 1701  128    3 38.0 88.0 1
    4 1412   75   47 53.0 65.0 1
   11  637   47   27 65.0 75.0 1
   12 1277   58    0 60.0 90.0 1
    6 1326  128   58 38.0 60.0 1
    8  520  160   75 32.0 53.0 1
    6  916   75    0 53.0 90.0 1
    8 1009   47   27 65.0 75.0 1
    1 1779  160    0 32.0 90.0 0
   10  368   47    3 65.0 88.0 1
    4 1224   58   25 60.0 76.0 1
    6 1290  128   11 38.0 84.0 1
   10 1270   58    3 60.0 88.0 1
    1 1210  160   27 32.0 75.0 1
   10  962   58   47 60.0 65.0 1
   10 1117  128   75 38.0 53.0 1
    2 1722   58    3 60.0 88.0 1
    5 3564  128   11 38.0 84.0 1
    2 2848   27    3 75.0 88.0 1
    6 1039  128   47 38.0 65.0 1
