 200  22   1  25
   15 3035  154    9 33.0 85.0 1
    2 2497   27    9 75.0 85.0 0
    1 3101  119   97 40.0 46.0 1
   14 1346   97    0 46.0 90.0 1
   16  379  154    0 33.0 90.0 1
   16 2567  119  119 40.0 40.0 1
   15 1514   65    9 57.0 85.0 1
    1 2934  119    0 40.0 90.0 0
    1 1532  119    0 40.0 90.0 1
    7 3278  154   97 33.0 46.0 1
    4 2796   65    0 57.0 90.0 1
    9 3451   27    9 75.0 85.0 1
   14 2783  154   62 33.0 58.0 1
    3 3530  154   65 33.0 57.0 1
    1 2257   62    0 58.0 90.0 1
    9  447   65   62 57.0 58.0 1
   13 2732   62   27 58.0 75.0 1
   18 3375  119    9 40.0 85.0 1
   15 1499   65    0 57.0 90.0 1
   17 1523  119    9 40.0 85.0 1
    2 1529   97   62 46.0 58.0 0
    7 2273  119   62 40.0 58.0 1
