 200  23   2  27
   10  592    3    3 88.0 88.0 1
    3 1210   67   67 56.0 56.0 1
    2 1347    3    0 88.0 90.0 1
    5 2228   29    0 74.0 90.0 1
   15 1992   65    3 57.0 88.0 1
    3  694  104   29 44.0 74.0 1
   16 3574   65    3 57.0 88.0 1
   12  458  160    0 32.0 90.0 1
    7  788  104   67 44.0 56.0 1
    2  927    3    0 88.0 90.0 1
    2  645  160    3 32.0 88.0 1
    3 2171  160  104 32.0 44.0 1
   15  703  160   73 32.0 54.0 1
    8 2857   73   67 54.0 56.0 1
   13 3478   73   29 54.0 74.0 1
    6  443   49    0 64.0 90.0 1
   17 1306   49    0 64.0 90.0 1
   12 1383   49    0 64.0 90.0 1
    6 2368   49    0 64.0 90.0 1
   13 1134  154    0 33.0 90.0 1
    1 2619   49    0 64.0 90.0 1
   14 3250  154    0 33.0 90.0 1
   15 3043  154    0 33.0 90.0 1
