 200  23   4  28
   16 1140   23   23 77.0 77.0 0
   17 1484  100  100 45.0 45.0 1
    4 3180   29   29 74.0 74.0 1
   10 3208   29   23 74.0 77.0 1
    7  657  100   32 45.0 72.0 1
    2  653   90   21 48.0 78.0 1
    1 1362   32    0 72.0 90.0 1
    7 3070   25    0 76.0 90.0 1
    1  979  133   42 37.0 67.0 1
   12 2802  133   93 37.0 47.0 1
   15  875  133   25 37.0 76.0 1
    2  678  133    0 37.0 90.0 1
   15  727   32   25 72.0 76.0 1
    6 1726   34    0 71.0 90.0 1
   18 2825   70    0 55.0 90.0 1
    4 3537   14    0 82.0 90.0 0
   13  891   45   14 66.0 82.0 1
   12  934   84    0 50.0 90.0 1
    3  911   55   45 61.0 66.0 1
    9 3409   53   45 62.0 66.0 1
   16 1089  154   53 33.0 62.0 1
    6 1197   55   49 61.0 64.0 1
    4 1041  154    7 33.0 86.0 1
