 200  16   2  32
    7 3368    9    9 85.0 85.0 1
    8 1498   38   38 69.0 69.0 1
   15  660  107  107 43.0 43.0 1
   16 1554    9    9 85.0 85.0 1
   12  519    9    0 85.0 90.0 1
   15 2796  107    0 43.0 90.0 1
   15  885   38    9 69.0 85.0 1
   15 1727   38    9 69.0 85.0 1
   11  361   38    9 69.0 85.0 1
   12 1607  123   93 39.0 47.0 1
   14 1049  123   93 39.0 47.0 1
    9  456  138    0 36.0 90.0 1
   10  516  138   93 36.0 47.0 1
   15 3508  107   93 43.0 47.0 1
   14 1322  123   93 39.0 47.0 1
   12 1475   93    9 47.0 85.0 1
