 200  15   1  29
    8 3010   73   73 54.0 54.0 1
   13 1908   31   31 73.0 73.0 1
   16  838   73   73 54.0 54.0 1
   12  359  166    0 31.0 90.0 1
   15  889   16    0 81.0 90.0 1
   14  630  128   16 38.0 81.0 1
   17  470   75   73 53.0 54.0 1
   11 1921   18    0 80.0 90.0 1
   12  989   31    0 73.0 90.0 1
   16  365  128   18 38.0 80.0 1
   14  898   18   16 80.0 81.0 1
   12 1285  166   18 31.0 80.0 1
   17 2148  128   75 38.0 53.0 1
   12 2381   75   18 53.0 80.0 1
   11 3072  166    7 31.0 86.0 1
