 200  17   3  31
   11  968  166  166 31.0 31.0 1
    9 1969   12   12 83.0 83.0 1
   12 1329  166  133 31.0 37.0 1
    8 2405   73   12 54.0 83.0 1
   16 2957  133    0 37.0 90.0 1
   11 2600  166   87 31.0 49.0 1
   13 1094   65   27 57.0 75.0 1
   17 3450    7    3 86.0 88.0 1
   17 3179    3    0 88.0 90.0 1
    8 1925   65   27 57.0 75.0 1
   11 1233   58    7 60.0 86.0 1
    9  760  133   58 37.0 60.0 1
   10  491  138   23 36.0 77.0 1
    7 3589   23    0 77.0 90.0 1
    9  852  138   19 36.0 79.0 1
   17  808   23   19 77.0 79.0 1
   15 1453   67    0 56.0 90.0 1
