 200  21   3  31
   11  909    2    2 89.0 89.0 1
   11 2471   51   51 63.0 63.0 1
    8 1443    2    2 89.0 89.0 1
   13 1988   51    3 63.0 88.0 1
   11 1358    2    0 89.0 90.0 1
    8 1332    3    0 88.0 90.0 1
    8 3098   51    3 63.0 88.0 0
    9 2745   73    0 54.0 90.0 1
   10  958   51   12 63.0 83.0 1
   14 1847   73   58 54.0 60.0 1
    6 3064   58   23 60.0 77.0 1
    8 1035   34   23 71.0 77.0 1
   12 2100   58   12 60.0 83.0 1
    6 1056   34   31 71.0 73.0 1
   13 1385  148   34 34.0 71.0 1
    9 2187   78   34 52.0 71.0 1
   10 2312   78   34 52.0 71.0 1
    6 2129   78   27 52.0 75.0 1
    6 2501   81   34 51.0 71.0 1
   12 2680   78    0 52.0 90.0 1
    9 2714  148   78 34.0 52.0 1
