 200  30   4  32
    6 1563   93   93 47.0 47.0 1
    3  440   19   19 79.0 79.0 1
    4 1476   14   14 82.0 82.0 1
    9 1239  138  138 36.0 36.0 1
    6 3248  148  138 34.0 36.0 1
    8  361  148   19 34.0 79.0 1
    5  751   87   14 49.0 82.0 0
   10  390   14   12 82.0 83.0 1
    9 1702  148   12 34.0 83.0 1
    7  380   93   87 47.0 49.0 1
    8  666  148   93 34.0 47.0 1
   10 1175  111   75 42.0 53.0 0
   10 2988   16    0 81.0 90.0 1
    4 3222  111   16 42.0 81.0 1
    5 1339  143  111 35.0 42.0 1
   10 1094  166   16 31.0 81.0 1
    6 3210  143    0 35.0 90.0 1
    6 2627   34    0 71.0 90.0 0
    4 3214   87   34 49.0 71.0 1
   10 1063   87    0 49.0 90.0 1
    8 2608   87    0 49.0 90.0 1
    6 1195   87   34 49.0 71.0 1
    6  472  148   25 34.0 76.0 1
    4 2463  148   25 34.0 76.0 1
    4 3499   73    0 54.0 90.0 1
    6 1440  148   25 34.0 76.0 1
    5  458  148   73 34.0 54.0 0
    6 3091   73   18 54.0 80.0 1
    9  737  148   25 34.0 76.0 0
    6 1107   25   18 76.0 80.0 1
