 200  18   3  32
   13  692   18   18 80.0 80.0 1
   15 1535  115    0 41.0 90.0 1
   13 1334   93    0 47.0 90.0 1
   12 3455  115   93 41.0 47.0 1
    9  703  119   62 40.0 58.0 1
   12 1440  115   93 41.0 47.0 1
   12  602   84    0 50.0 90.0 1
   11 2248  111   18 42.0 80.0 1
    8 1062  111   18 42.0 80.0 1
   10  779  111   18 42.0 80.0 1
    9 2426  111   18 42.0 80.0 0
   12 1833  111   18 42.0 80.0 1
    8  438  115   42 41.0 67.0 1
    9 3209  115  115 41.0 41.0 1
   13 2853   58   40 60.0 68.0 1
    7  871  138   19 36.0 79.0 1
   14  331  115   19 41.0 79.0 1
   13 1740  115   40 41.0 68.0 1
