 200  24   3  31
    4 1037   29   29 74.0 74.0 1
   10 2342   29   18 74.0 80.0 1
   11  588   18    0 80.0 90.0 1
    4 2191   29   18 74.0 80.0 1
   10 2776   29    0 74.0 90.0 1
    5  754   18    0 80.0 90.0 1
   12 2942    7    0 86.0 90.0 1
   11  555  160   29 32.0 74.0 1
    9  954   65   29 57.0 74.0 1
    9  990   18    0 80.0 90.0 1
    7 2917   29   18 74.0 80.0 1
   12 3558   18    0 80.0 90.0 1
   10  884  160   65 32.0 57.0 1
    9 3457   18    0 80.0 90.0 1
    6 2841   29   18 74.0 80.0 1
    8  748  160   18 32.0 80.0 1
    9  395  104   29 44.0 74.0 1
    9 2060   36    0 70.0 90.0 1
    5 3380  104   36 44.0 70.0 1
    6 3064   32   29 72.0 74.0 1
   10 2277   32    0 72.0 90.0 0
    9 3403  104   32 44.0 72.0 0
    6 1471   36    0 70.0 90.0 1
    9 2603  104   36 44.0 70.0 1
