 200  15   3  32
   12  961    7    7 86.0 86.0 1
   14 1525   32    7 72.0 86.0 1
   15 3074  143    0 35.0 90.0 1
   16  924  119    5 40.0 87.0 1
   12 1319  143  119 35.0 40.0 1
   19  419  100    0 45.0 90.0 0
   10  543  154   75 33.0 53.0 1
   10 3089   75    0 53.0 90.0 1
    9 1706  154   75 33.0 53.0 1
   20  307  100    0 45.0 90.0 0
   11 2001  154  128 33.0 38.0 0
   21 2929  154  128 33.0 38.0 1
   11  799  100    0 45.0 90.0 1
   10 1405  100   87 45.0 49.0 1
   10 1892  128  100 38.0 45.0 1
