 200  30   1  30
    5 1766   32   32 72.0 72.0 1
    5 1356   32   32 72.0 72.0 1
    5 1721  143    0 35.0 90.0 1
    6  464  160    0 32.0 90.0 1
    4  842  166  143 31.0 35.0 1
   10  946  166   62 31.0 58.0 1
    7 1554  166  160 31.0 32.0 1
    9  318   62    0 58.0 90.0 1
    7  643  143   62 35.0 58.0 1
    6  400  166   32 31.0 72.0 1
   10  985  160  143 32.0 35.0 0
    6  929  166  160 31.0 32.0 0
    8 1319  143   62 35.0 58.0 0
    7 1523  166   62 31.0 58.0 1
    7  598   62   32 58.0 72.0 1
    3 1488  166    0 31.0 90.0 1
    5  890  143   32 35.0 72.0 1
    8  396  143    0 35.0 90.0 1
    9  581  166   32 31.0 72.0 1
    4  872  166  143 31.0 35.0 1
    4  429  166   32 31.0 72.0 1
   10  716  160   32 32.0 72.0 1
    9 1744  143    0 35.0 90.0 1
    3 1357  160    0 32.0 90.0 1
    5 1790  166   32 31.0 72.0 1
   10 1511  160    0 32.0 90.0 1
   10 3370  160  143 32.0 35.0 1
    4 1447  143   62 35.0 58.0 1
    8 1709   32    0 72.0 90.0 1
    6 1030  160    0 32.0 90.0 1
