 200  25   4  32
    9  572   36   36 70.0 70.0 1
    6  674   42   42 67.0 67.0 1
   10  333   36   36 70.0 70.0 1
    8 1730   25    0 76.0 90.0 1
    8 2798  154   36 33.0 70.0 1
    7 3278   25    0 76.0 90.0 1
   11  477   36    0 70.0 90.0 0
    8  510   42    0 67.0 90.0 1
    6 1620  133   25 37.0 76.0 1
    7  895  133   29 37.0 74.0 1
   11 1345  133   87 37.0 49.0 1
    8 1387   87   49 49.0 64.0 1
    5 2938   31   25 73.0 76.0 1
    7 1734   49   29 64.0 74.0 1
   11  451  166    0 31.0 90.0 1
   12  501  166    0 31.0 90.0 1
    8  362  166    0 31.0 90.0 1
   10 3508  166    0 31.0 90.0 1
    6  546   21    0 78.0 90.0 1
    7 1358  166   21 31.0 78.0 1
    4 2731  128   65 38.0 57.0 1
    7 1282  138   90 36.0 48.0 1
    8 1601   90   65 48.0 57.0 1
    4 1591  128   16 38.0 81.0 1
   12  722  128   90 38.0 48.0 1
