 200  30   1  29
    7 1935   11   11 84.0 84.0 1
    7 2241   23   23 77.0 77.0 1
    7 2597  166  166 31.0 31.0 1
   10 1035   11    0 84.0 90.0 1
    5  713   60   11 59.0 84.0 1
    6  807  166   23 31.0 77.0 1
    5 2617   60    0 59.0 90.0 1
    6 1223  166   25 31.0 76.0 1
    6 3465   23   11 77.0 84.0 1
   10 3084  166   11 31.0 84.0 1
    8 1174   84   60 50.0 59.0 1
    5 1425  166   23 31.0 77.0 0
    9  712   60   25 59.0 76.0 1
   10 2409  166    0 31.0 90.0 1
    9 3150   84   60 50.0 59.0 1
    4 3358   84    0 50.0 90.0 1
    8 2771   60   23 59.0 77.0 1
    6 2145  166   84 31.0 50.0 1
    5 1113   23   11 77.0 84.0 1
    9 1904   84   25 50.0 76.0 1
    3 3424   84   11 50.0 84.0 1
    4 2858   25   23 76.0 77.0 1
    7 3330  166   23 31.0 77.0 1
    3 2248   60    0 59.0 90.0 1
   10 3102  166   23 31.0 77.0 1
    3 1820  166   11 31.0 84.0 1
    9  321   84    0 50.0 90.0 1
    4 1032  166   60 31.0 59.0 1
    8 2013   84   23 50.0 77.0 1
    7 3337   23   11 77.0 84.0 1
