 200  22   2  31
    5 1369   49   49 64.0 64.0 1
   11 1211   49    0 64.0 90.0 1
    8 3502   81   49 51.0 64.0 1
    8  740   49    0 64.0 90.0 1
   12 1414   58   49 60.0 64.0 1
    9 2497   81   49 51.0 64.0 1
    7 2895   81   49 51.0 64.0 1
   11 1855   49    0 64.0 90.0 1
   12 3200   81    0 51.0 90.0 1
    6 2944   81   58 51.0 60.0 1
   10 2701   81    0 51.0 90.0 1
    8 1872   93    0 47.0 90.0 1
    8 1872  154   70 33.0 55.0 0
    7 3127  154  104 33.0 44.0 1
   10  505  104    0 44.0 90.0 0
    9 2386  104    0 44.0 90.0 1
    6 1235  104   93 44.0 47.0 1
    9 1502  115   70 41.0 55.0 1
    9 2606   93    0 47.0 90.0 1
   12 1966  104   93 44.0 47.0 1
   10 1113   93   70 47.0 55.0 1
   13  947    2    0 89.0 90.0 1
