 200  16   1  29
   16 1716   29   29 74.0 74.0 1
   14 1601    2    2 89.0 89.0 1
   18 1410  100  100 45.0 45.0 0
   17  313   75   75 53.0 53.0 1
   10 1106   75   75 53.0 53.0 1
    8 3072    2    2 89.0 89.0 1
   15 2834   31    2 73.0 89.0 1
   10 2642  100   31 45.0 73.0 1
   10 3199   29    2 74.0 89.0 1
   10  418   31    2 73.0 89.0 1
    9 3233   75   29 53.0 74.0 1
    8 3067  100   31 45.0 73.0 1
   14  659   75   29 53.0 74.0 0
   14 3498   29    0 74.0 90.0 1
   14 2795   75    2 53.0 89.0 1
   13 2049   31   29 73.0 74.0 1
