 200  27   1  30
    6 1550  123  123 39.0 39.0 1
   11  356  173    0 30.0 90.0 1
    7 1681  123  123 39.0 39.0 1
   10 3301  107  107 43.0 43.0 1
    9  755  123    0 39.0 90.0 1
    8 1425   93    0 47.0 90.0 0
    6  491  123   97 39.0 46.0 1
   10 1389  123   97 39.0 46.0 1
    5  704  123  107 39.0 43.0 1
    6 1394  123  107 39.0 43.0 1
    5  367  123    0 39.0 90.0 1
    5 1329  123  123 39.0 39.0 1
    9  397  123    0 39.0 90.0 1
    9 1026  173  123 30.0 39.0 1
    8  631  173  123 30.0 39.0 1
    8 1165  107    0 43.0 90.0 1
    8 1526  123   93 39.0 47.0 1
    4 1277  123  107 39.0 43.0 1
   10 1690  173  107 30.0 43.0 0
    7  848  123    0 39.0 90.0 1
    7 3054  123   93 39.0 47.0 1
    4  891  173    0 30.0 90.0 0
   10  710   97    0 46.0 90.0 1
    9  579  123  107 39.0 43.0 1
    6 1403  123  123 39.0 39.0 1
    7  636  107   97 43.0 46.0 1
    6 1682  123   93 39.0 47.0 1
