 200  15   1  29
   16 3528   34   34 71.0 71.0 0
    8  998   60   60 59.0 59.0 1
   16 1536   34   34 71.0 71.0 1
    8 2349   60    7 59.0 86.0 0
   11 1298   34    7 71.0 86.0 1
   11 2819   34    0 71.0 90.0 1
   16 2620   60   34 59.0 71.0 1
   16 1069   34    7 71.0 86.0 1
   17 2039   60   34 59.0 71.0 1
   14 3314   34    7 71.0 86.0 1
    9 3477   60   34 59.0 71.0 0
   13 1098   60   34 59.0 71.0 1
   14 2568    7    0 86.0 90.0 1
   17  339   60    7 59.0 86.0 0
   14  797   60    7 59.0 86.0 1
