 200  20   4  32
    7 2972  115  115 41.0 41.0 1
   12 1740    7    7 86.0 86.0 1
    9 2729   67   32 56.0 72.0 1
    9 1076  115  104 41.0 44.0 1
    8  756   21    0 78.0 90.0 1
    9 3146   42    2 67.0 89.0 1
   14 2941   42    2 67.0 89.0 0
   11  512   42    2 67.0 89.0 1
    6 1404   42    2 67.0 89.0 0
    9 2450    2    0 89.0 90.0 0
   14 1407  111    0 42.0 90.0 1
   10  658  111   55 42.0 61.0 1
    8  472  111   55 42.0 61.0 1
    9 1489  111    0 42.0 90.0 1
   11  757  111   12 42.0 83.0 1
   13 2770  154    0 33.0 90.0 1
    9 1224  154   23 33.0 77.0 1
   12  341   14    0 82.0 90.0 1
   12  624  154   27 33.0 75.0 1
    8 1749   27   11 75.0 84.0 1
