 200  22   1  29
   13  815  148  148 34.0 34.0 1
    5 2726  143  143 35.0 35.0 1
   13 1170  111  111 42.0 42.0 1
   11 1224   81   81 51.0 51.0 1
   11  962  111    0 42.0 90.0 1
    7 1279  143  111 35.0 42.0 0
    6 1111  143   58 35.0 60.0 1
    6 1617   81   58 51.0 60.0 1
   11 2095  111   81 42.0 51.0 1
    5 2581  111   58 42.0 60.0 1
   12  943  111   58 42.0 60.0 1
    6 3104  148   58 34.0 60.0 1
   13 2105   19    0 79.0 90.0 1
   10 1344   81    0 51.0 90.0 0
    5 2242   81    0 51.0 90.0 1
   13 3375  148   19 34.0 79.0 1
    8 3589   81    0 51.0 90.0 1
    8 3341  143   58 35.0 60.0 1
    7  884  148   58 34.0 60.0 1
   10 3524  111   58 42.0 60.0 1
   13 2314  148   58 34.0 60.0 1
    7  984  148    0 34.0 90.0 0
