 200  17   2  31
    9 2840    2    2 89.0 89.0 1
   13 1630    7    7 86.0 86.0 1
   15 2957   49   49 64.0 64.0 1
    9 1671    2    2 89.0 89.0 1
   16 2506    5    5 87.0 87.0 1
   15 2222    5    2 87.0 89.0 1
    7 2703   49    0 64.0 90.0 1
   11 3264    2    0 89.0 90.0 1
   16 2946   29    5 74.0 87.0 1
   15 2154    7    2 86.0 89.0 1
   13 1002    7    0 86.0 90.0 1
   12 3418    7    2 86.0 89.0 1
   11 3162   23    0 77.0 90.0 1
   12  870   47   12 65.0 83.0 1
    8 1796  123   45 39.0 66.0 1
    9 1730   47   23 65.0 77.0 1
    9 1791   47   23 65.0 77.0 1
