 200  23   4  31
   11 2402   12   12 83.0 83.0 1
    7 2963   62   62 58.0 58.0 1
    9  896   12    0 83.0 90.0 1
   10 1243  166    0 31.0 90.0 1
   13 2008   12    0 83.0 90.0 0
    9 2147  166   62 31.0 58.0 1
    5 1652   38    0 69.0 90.0 1
    5 3020    7    0 86.0 90.0 0
    9 3584   38    0 69.0 90.0 1
    8 2600   58   38 60.0 69.0 1
   10 3371    7    0 86.0 90.0 1
    6 3306   45   36 66.0 70.0 1
    5  627   45    0 66.0 90.0 1
   11 3090   36   23 70.0 77.0 1
   11  876   25    0 76.0 90.0 1
   11  926  143   36 35.0 70.0 1
   11 2380   78   23 52.0 77.0 1
   13 1561  173    9 30.0 85.0 1
    5  317   84    0 50.0 90.0 1
    6  306  143    9 35.0 85.0 0
    5 3532  173  143 30.0 35.0 1
    9 2287  115    0 41.0 90.0 1
   11  393   84    9 50.0 85.0 1
