 200  27   1  30
    5 1186  133  133 37.0 37.0 0
    3  607  133  115 37.0 41.0 1
    9 1783  133   27 37.0 75.0 1
   10  904  115    0 41.0 90.0 1
    9  485  115   51 41.0 63.0 1
   10 1286  115   27 41.0 75.0 1
    7 1618   27    0 75.0 90.0 1
    9 1446   93   25 47.0 76.0 1
    9  909  115   27 41.0 75.0 1
    9 1699   93    0 47.0 90.0 0
    7  683   51   25 63.0 76.0 0
    4  621   27    0 75.0 90.0 0
    8 1413  115   25 41.0 76.0 1
    4  547  115   51 41.0 63.0 1
    6 1773   93   51 47.0 63.0 1
    8 1568  115    0 41.0 90.0 1
   10  356   25    0 76.0 90.0 1
   10  701  115   51 41.0 63.0 1
    8  682   93    0 47.0 90.0 1
    4 3384   51   27 63.0 75.0 1
    7  309  115   27 41.0 75.0 1
    9  652  133    0 37.0 90.0 1
    7 1659   51   27 63.0 75.0 1
    9 3065  115   51 41.0 63.0 0
    9  497  115   51 41.0 63.0 1
    4 1042  133  115 37.0 41.0 1
    6  528   93   25 47.0 76.0 1
