 200  18   1  30
    9  831   84   84 50.0 50.0 1
   13  805   25   25 76.0 76.0 0
   13  344   19   19 79.0 79.0 1
   12  931   19   19 79.0 79.0 1
   13 2945   25   25 76.0 76.0 1
   15  517   21   21 78.0 78.0 1
    8  346   25   21 76.0 78.0 1
    7  762  107   19 43.0 79.0 1
    8 1722   21   19 78.0 79.0 0
   10 1428   25   19 76.0 79.0 1
    9  774   84   19 50.0 79.0 1
   15 1561   21   19 78.0 79.0 1
   13 1398   21    0 78.0 90.0 1
    7 1762  107   25 43.0 76.0 1
   12 1688  107   84 43.0 50.0 1
   10 2764   84   19 50.0 79.0 1
   12  606  107   25 43.0 76.0 1
   14 1579   19    0 79.0 90.0 1
