 200  18   1  30
   15 1261   14   14 82.0 82.0 1
   12  949  115  115 41.0 41.0 1
   10 1401   36   36 70.0 70.0 0
    9  433   45   45 66.0 66.0 1
    9 1324  173  173 30.0 30.0 1
    8 1200  115  115 41.0 41.0 1
   11  911   36   36 70.0 70.0 1
   17  332   36   36 70.0 70.0 0
   10 3029   45   14 66.0 82.0 1
    9 1364   14    0 82.0 90.0 1
   16  706   11    0 84.0 90.0 1
    7 1621  115   16 41.0 81.0 1
   11  972   25   11 76.0 84.0 1
   10 3429   45   36 66.0 70.0 1
   16  406  115   11 41.0 84.0 1
   11 1135  173  115 30.0 41.0 1
   10  792   38   14 69.0 82.0 1
    9 1744  115   38 41.0 69.0 1
