 200  29   1  30
    4  534    5    5 87.0 87.0 1
    6  899   97   97 46.0 46.0 1
    9  834   60   60 59.0 59.0 1
    8 1741   78   78 52.0 52.0 1
    3 1028   97   97 46.0 46.0 1
   10 1350   31   31 73.0 73.0 1
    6 1352   78   78 52.0 52.0 1
    4  371   60   60 59.0 59.0 1
    9  897   97   97 46.0 46.0 0
    9  800  100  100 45.0 45.0 1
    4 1390    5    0 87.0 90.0 1
    4  348    5    0 87.0 90.0 1
   10  491   97    0 46.0 90.0 1
    8 1600  100    5 45.0 87.0 1
   10 1706   60    5 59.0 87.0 1
    8  648  100   97 45.0 46.0 1
    6  406   60    0 59.0 90.0 1
    6  342   60    0 59.0 90.0 1
    7 1211    5    0 87.0 90.0 1
    4 1398   78   60 52.0 59.0 1
    5  340  100   60 45.0 59.0 1
    4 3011   97   78 46.0 52.0 1
    7 3343  115   31 41.0 73.0 1
    8 1399   78   60 52.0 59.0 1
   11  414    5    0 87.0 90.0 1
   10  682   97   78 46.0 52.0 1
    5 1212  115    5 41.0 87.0 1
   10  776  115   60 41.0 59.0 1
    5  454   60   31 59.0 73.0 1
