 200  15   2  31
    9  956   67   67 56.0 56.0 1
   17 1550   58   58 60.0 60.0 1
   12  758   67   58 56.0 60.0 1
   12  600   58    0 60.0 90.0 1
    9 2632   67    0 56.0 90.0 0
   17  312   65   16 57.0 81.0 1
   10 3121  154   16 33.0 81.0 1
   14 1450   65   16 57.0 81.0 1
    8 3158  154    0 33.0 90.0 1
   15 3281  154  143 33.0 35.0 0
   16 2873   16    0 81.0 90.0 1
   15 2279   65   16 57.0 81.0 1
   17 3233  154   65 33.0 57.0 1
   17 2685   65   16 57.0 81.0 1
   12 3410   16   16 81.0 81.0 1
