 200  30   1  30
   10  761   58   58 60.0 60.0 1
    4 1680   58   58 60.0 60.0 1
    3 1373   58   58 60.0 60.0 1
    7 1340   58   58 60.0 60.0 1
    8  821   65   65 57.0 57.0 1
    9  464   65   58 57.0 60.0 1
    7  376   65    0 57.0 90.0 1
    9 1636   58    0 60.0 90.0 1
   10  306   65    0 57.0 90.0 1
   10  658   65    0 57.0 90.0 1
    8  762   65    0 57.0 90.0 1
    8 1317   58    0 60.0 90.0 0
    7 1674   58    0 60.0 90.0 1
    5  972   58    0 60.0 90.0 1
    5 1516   65   58 57.0 60.0 1
    3 2815   65    0 57.0 90.0 1
    5  837   65    0 57.0 90.0 1
    8 1007   58    0 60.0 90.0 1
    8  525   65   58 57.0 60.0 1
    6 1407   58    0 60.0 90.0 1
    8  921   65   58 57.0 60.0 1
    9  340   58    0 60.0 90.0 0
    3 1424   65    0 57.0 90.0 0
    6 1577   65   58 57.0 60.0 1
   10 1180   58    0 60.0 90.0 0
    5 1052   65   58 57.0 60.0 1
    5  380   65    0 57.0 90.0 1
    5  920   65   58 57.0 60.0 1
    6  402   65   58 57.0 60.0 1
    3 1647   58    0 60.0 90.0 0
