 200  19   1  30
   13  491   62   62 58.0 58.0 1
    8  346   32   32 72.0 72.0 1
   14  460   62   62 58.0 58.0 1
    7 1581   62   62 58.0 58.0 1
    8 1061  166  166 31.0 31.0 1
    7 1426   32   32 72.0 72.0 1
   16 1678  166  166 31.0 31.0 1
   11  307   62   62 58.0 58.0 0
    8 1297   62   32 58.0 72.0 1
   12 1488  166   32 31.0 72.0 1
   13 1509  166   32 31.0 72.0 1
   11  902   62   32 58.0 72.0 1
   12 3129  166    0 31.0 90.0 1
    9 1361   62    0 58.0 90.0 1
   11 1097   62    0 58.0 90.0 0
   15  791  166    0 31.0 90.0 1
    8 1209  166   32 31.0 72.0 1
    8  606   62   32 58.0 72.0 1
    9 1180  166    0 31.0 90.0 1
