 200  22   1  30
    7 1638   93   93 47.0 47.0 1
   13 1488  111  111 42.0 42.0 1
    9 1612   93   93 47.0 47.0 1
   11  445  111  111 42.0 42.0 1
   11  343   14   14 82.0 82.0 1
    9  682   93   93 47.0 47.0 1
   10  353   36   36 70.0 70.0 1
   13  860  111  111 42.0 42.0 0
    6  342   65   40 57.0 68.0 1
    5 1738   93    0 47.0 90.0 1
    6 1387   40   36 68.0 70.0 1
   11  523  111   65 42.0 57.0 0
   12  539  111   36 42.0 70.0 1
   10 3248   36   14 70.0 82.0 0
    7 1541  119   65 40.0 57.0 1
    5 1043  119   65 40.0 57.0 1
   10 1694   40   14 68.0 82.0 1
    8 1424   65   40 57.0 68.0 1
   11  860  119   40 40.0 68.0 1
    7 1774   65    0 57.0 90.0 1
   12 1280   14    0 82.0 90.0 1
    7 1132  119   14 40.0 82.0 1
