 200  26   1  29
    5 1497   25   25 76.0 76.0 0
    6 3541   25   25 76.0 76.0 1
    8 3544   25   25 76.0 76.0 1
    9 2516   25   25 76.0 76.0 1
    5 1305   93   93 47.0 47.0 1
    5  659  100  100 45.0 45.0 0
    7 2460   25   25 76.0 76.0 0
   11 1154  100  100 45.0 45.0 1
   10 1510   93   25 47.0 76.0 1
   12 1076   25    0 76.0 90.0 1
    9  800  100   93 45.0 47.0 1
    6  342  100   25 45.0 76.0 1
    4 2877   93    0 47.0 90.0 1
    6  742  100   93 45.0 47.0 0
    6 2228  100   93 45.0 47.0 1
   11 3367   93    0 47.0 90.0 1
    5 2898  100   93 45.0 47.0 1
    5 3511   93   25 47.0 76.0 1
   11  915  100   93 45.0 47.0 1
    7 1217  100   25 45.0 76.0 1
   12 1431   93    0 47.0 90.0 0
   12 2102  100   25 45.0 76.0 1
    6 1686  100   25 45.0 76.0 1
    8 2982   25    0 76.0 90.0 1
    5 3257  100   25 45.0 76.0 1
    9  753   93    0 47.0 90.0 1
