 200  18   3  31
   13 1117   87   87 49.0 49.0 1
    9 1860   29   29 74.0 74.0 1
   15  508   31   29 73.0 74.0 1
   15 1094   31   29 73.0 74.0 1
   15 1331   29    0 74.0 90.0 1
    6 3362   87    0 49.0 90.0 1
   10 1562   18    0 80.0 90.0 1
    9  380   75   40 53.0 68.0 1
   12 2071   93    0 47.0 90.0 1
   14  442   93   40 47.0 68.0 0
    9 2176   18    0 80.0 90.0 1
    9 3192   93    0 47.0 90.0 1
   10  523   84    2 50.0 89.0 1
   13 1449   84    0 50.0 90.0 1
   14  594   60    2 59.0 89.0 1
   11  415   60    0 59.0 90.0 1
   10 2511   84    2 50.0 89.0 1
    6  392   60    2 59.0 89.0 1
