 200  29   1  34
    7  761   84   84 50.0 50.0 1
    8  368   84   84 50.0 50.0 1
    8  364    9    9 85.0 85.0 1
    8 3418  138  138 36.0 36.0 1
    8 1058    9    9 85.0 85.0 1
    6  545   27   27 75.0 75.0 1
    6  957   84   84 50.0 50.0 1
    6 1457   23   23 77.0 77.0 1
    5  765  138  138 36.0 36.0 1
    6 1718   25   25 76.0 76.0 1
    8 1019   25   23 76.0 77.0 1
    7 1052   27   23 75.0 77.0 1
    8  727  160   23 32.0 77.0 1
    7 1776  160    0 32.0 90.0 1
    8 1402  160   27 32.0 75.0 1
    5  462  138   23 36.0 77.0 1
    5  589   84    0 50.0 90.0 1
    7  498  138    0 36.0 90.0 1
    7  344  138   25 36.0 76.0 1
    6  452   27    0 75.0 90.0 1
    7 1178   25   23 76.0 77.0 1
    8 1572   84    0 50.0 90.0 1
    6  472   84    0 50.0 90.0 1
    7 1019  138    9 36.0 85.0 1
    8 1559   25    0 76.0 90.0 1
    6 1040  160   25 32.0 76.0 1
    8 1745  138   23 36.0 77.0 1
    7 1755  160    9 32.0 85.0 1
    7 1714  160   23 32.0 77.0 1
