 200  18   1  33
   10 3069  166  166 31.0 31.0 1
   11 1547  111  111 42.0 42.0 1
   12  349   62   62 58.0 58.0 1
   11 3216  111  111 42.0 42.0 1
   13 2920  111  111 42.0 42.0 1
   10 2461   62   62 58.0 58.0 1
   13 2160  111  111 42.0 42.0 1
   13 1680   62   16 58.0 81.0 1
   10 2262   73   62 54.0 58.0 1
   10 1248  166   16 31.0 81.0 1
   11 2272  166   62 31.0 58.0 1
   11 1085  166   16 31.0 81.0 1
   11 1658  111    0 42.0 90.0 1
   11 1972  166    0 31.0 90.0 1
   11 1621  111    0 42.0 90.0 1
   11 2709  111   73 42.0 54.0 1
   11 2553   62   16 58.0 81.0 1
   10  429   73   62 54.0 58.0 0
