 200  19   3  35
   12 1055   60   60 59.0 59.0 1
   11 3529   65   65 57.0 57.0 1
   11 2090   65   60 57.0 59.0 1
   10 3254   65   60 57.0 59.0 1
   11 2184   65   60 57.0 59.0 1
   10 1051   65   60 57.0 59.0 1
   10 1149  166   11 31.0 84.0 1
   10 1379  166   11 31.0 84.0 0
    9 2693   23   12 77.0 83.0 1
   11 1589   11    0 84.0 90.0 1
   10 1032   23    0 77.0 90.0 0
   10 3248   23   11 77.0 84.0 1
   12 2184   23   12 77.0 83.0 1
   10 2485   58    0 60.0 90.0 1
   11 1588   55    5 61.0 87.0 0
    9 1607   40    5 68.0 87.0 1
   11 2945   58    5 60.0 87.0 1
   11 1081  148   58 34.0 60.0 1
   11 3480  148    5 34.0 87.0 1
