 200  30   2  36
    8  502  115  115 41.0 41.0 1
    6 3426  173  173 30.0 30.0 1
    8  351   62   62 58.0 58.0 1
    7 1341  115    0 41.0 90.0 1
    8 1564  115   62 41.0 58.0 1
    5  954  173  143 30.0 35.0 1
    7 1121  138   90 36.0 48.0 1
    5 1519  128   62 38.0 58.0 1
    5  664  128   27 38.0 75.0 1
    6  801   27   19 75.0 79.0 1
    8  842  128   27 38.0 75.0 0
    6 1540  128    0 38.0 90.0 1
    6  508  128   27 38.0 75.0 1
    7  765   51   27 63.0 75.0 0
    6  839  128   51 38.0 63.0 1
    8  958   27   27 75.0 75.0 1
    7 1492  128   27 38.0 75.0 0
    6 1009   51    0 63.0 90.0 1
    6  382  128   19 38.0 79.0 1
    8 1672  128   19 38.0 79.0 1
    7 1100   51    0 63.0 90.0 1
    7 1513  128    0 38.0 90.0 1
    8  477   51   27 63.0 75.0 0
    7 1336   27    0 75.0 90.0 1
    6 1413   51   27 63.0 75.0 1
    8 3545   27   27 75.0 75.0 1
    6 1171   27    0 75.0 90.0 1
    6  976   27   27 75.0 75.0 1
    5 1279   27   19 75.0 79.0 1
    7 1090   51   27 63.0 75.0 0
