 200  25   2  35
    7 2476  104  104 44.0 44.0 1
    9 2453  166  104 31.0 44.0 1
    8 3328  128  104 38.0 44.0 1
    8 3303  166  128 31.0 38.0 0
    8 1710  104    0 44.0 90.0 1
    9 2141   31    0 73.0 90.0 1
    6 2214  104    0 44.0 90.0 1
    8  943  166    0 31.0 90.0 1
    6 2551  128  104 38.0 44.0 1
    6 2748  128   31 38.0 73.0 1
    8 3340   65    0 57.0 90.0 1
    9  896   70   45 55.0 66.0 1
    8 2623  173   40 30.0 68.0 1
    7 2590  173   40 30.0 68.0 1
    8  815   65   42 57.0 67.0 1
    7 1673   70   40 55.0 68.0 1
    9 1368   70   42 55.0 67.0 1
    8 2579   70   42 55.0 67.0 1
    9 1051   40    0 68.0 90.0 1
    8 2103   65   42 57.0 67.0 1
    9 2188  173    5 30.0 87.0 1
    8 1583  173   45 30.0 66.0 0
    9 3177   40    0 68.0 90.0 1
    9 2193   70   45 55.0 66.0 1
    9 2669   45   42 66.0 67.0 1
