 200  25   3  35
    7 2681   97   97 46.0 46.0 1
    9 1852  160    0 32.0 90.0 1
    8  698  148   97 34.0 46.0 1
   10 3404   23   19 77.0 79.0 1
    8 2712  143   19 35.0 79.0 1
    9 3057   55   23 61.0 77.0 1
    9 2784   19    0 79.0 90.0 1
    9  623  160  148 32.0 34.0 1
    8  361  143   19 35.0 79.0 1
    8 1009  123    0 39.0 90.0 1
    7 2995  123    0 39.0 90.0 1
    8  873   75    0 53.0 90.0 1
    8 2178  123   75 39.0 53.0 1
    7 1308  123   75 39.0 53.0 1
    7 2210  123    0 39.0 90.0 0
    8 2897   75    0 53.0 90.0 1
    9  947  123    0 39.0 90.0 1
    8 3123   67   60 56.0 59.0 1
    7 3230   67    0 56.0 90.0 1
    9 2392   67   25 56.0 76.0 1
    8 2608   67    0 56.0 90.0 1
    7 3353   25    0 76.0 90.0 1
    7 2958   60   25 59.0 76.0 1
    7 3237   67   25 56.0 76.0 1
    8 2991   67   25 56.0 76.0 1
