 200  15   1  34
   13  995   40   40 68.0 68.0 1
   14  720  133  133 37.0 37.0 1
   12  471  104  104 44.0 44.0 1
   12  988  128  128 38.0 38.0 1
   15 1367  104  104 44.0 44.0 1
   14 1183   40    0 68.0 90.0 1
   13  387  128   40 38.0 68.0 1
   12 1561  104   12 44.0 83.0 1
   13 2943  133  104 37.0 44.0 1
   13 1086  133   12 37.0 83.0 1
   14 1449  133    0 37.0 90.0 1
   13  915  133   40 37.0 68.0 1
   13  396  128    0 38.0 90.0 1
   15  444  128    0 38.0 90.0 1
   14  830  128    0 38.0 90.0 1
