 200  24   1  33
    9  834   19   19 79.0 79.0 1
    9 1690  107  107 43.0 43.0 1
    9  505   36    0 70.0 90.0 1
    8  770  160   18 32.0 80.0 1
    9 2801  107   18 43.0 80.0 1
    8 3393  160   19 32.0 79.0 1
    8 1038  160   36 32.0 70.0 1
    9 1353   36   18 70.0 80.0 1
    8 3473  160   18 32.0 80.0 1
    8 2075  107    0 43.0 90.0 1
    7  928  107    0 43.0 90.0 1
    8 3210   36   18 70.0 80.0 1
    9 2342  107   36 43.0 70.0 0
    7  435  107   36 43.0 70.0 1
   10 3190  107    0 43.0 90.0 1
   10 1886  107   18 43.0 80.0 1
    8 1939   36   19 70.0 79.0 0
    7 2055  160   18 32.0 80.0 1
    7 1421   18    0 80.0 90.0 1
   10 3358   19    0 79.0 90.0 1
    8  392   36    0 70.0 90.0 1
    9 3056  107   18 43.0 80.0 1
    8 1949  107   36 43.0 70.0 1
    7 2293  107    0 43.0 90.0 0
