 200  24   1  33
    8 2932   78   78 52.0 52.0 1
    7 1770   34   34 71.0 71.0 0
    7 1447   78   78 52.0 52.0 1
   10 2354  154  154 33.0 33.0 1
    7 3103   42   42 67.0 67.0 1
    9 1825   78   78 52.0 52.0 1
    7  379   78   42 52.0 67.0 1
    9 2752  154   42 33.0 67.0 1
    7  563  154    0 33.0 90.0 1
    7 2053  154    0 33.0 90.0 0
   10 1681  154   42 33.0 67.0 1
    9 2793  154   34 33.0 71.0 1
    7 3532   42    0 67.0 90.0 1
    8 1700   34    0 71.0 90.0 1
    8  672   78    0 52.0 90.0 1
   10 2053   78   42 52.0 67.0 1
    9 1034   78    0 52.0 90.0 1
   10  387   78   42 52.0 67.0 1
    7 1095  154   42 33.0 67.0 1
    8 3017  154    0 33.0 90.0 1
    9 1007   78    0 52.0 90.0 1
    9  397  154    0 33.0 90.0 1
    8 1484   78    0 52.0 90.0 0
   10 2479  154   78 33.0 52.0 1
