 200  25   3  35
    8 2728  119  119 40.0 40.0 1
    9 3595   55   55 61.0 61.0 1
    8 1680   73    0 54.0 90.0 1
    9  922  119   55 40.0 61.0 1
    6 2502   60   47 59.0 65.0 1
    8 1925   34   25 71.0 76.0 1
    9  966  119   47 40.0 65.0 1
    9 3365   34    0 71.0 90.0 1
    9 1421  119   55 40.0 61.0 1
    7 2030  100   25 45.0 76.0 1
    9  346   90    0 48.0 90.0 1
    9 1234   90   21 48.0 78.0 1
    9 3301   75    0 53.0 90.0 0
    8 2368   90   21 48.0 78.0 1
    8 1125   75   21 53.0 78.0 1
    8 1357   21    0 78.0 90.0 1
    7 2062   75    0 53.0 90.0 1
    8 1670   90    0 48.0 90.0 1
    9  462   21    0 78.0 90.0 1
    8  881   90    0 48.0 90.0 1
    7  533   38    0 69.0 90.0 1
    6 1792   75   38 53.0 69.0 1
    8 2286   38    0 69.0 90.0 1
    7 1055   38    0 69.0 90.0 1
    7  377   75    0 53.0 90.0 1
