 200  22   4  36
   10 3045  173  173 30.0 30.0 1
    8 1730    3    3 88.0 88.0 1
   10 1733   51   51 63.0 63.0 1
   10 3322  173   51 30.0 63.0 1
    9 1589   51    0 63.0 90.0 1
   10 1305  173   34 30.0 71.0 1
    9 2547   67   31 56.0 73.0 1
    8 1454   55   36 61.0 70.0 1
    9 3103   75   55 53.0 61.0 1
   10 2219   36    0 70.0 90.0 1
   10 3386   36   31 70.0 73.0 1
   11 1362   45   29 66.0 74.0 1
   10  741  128   45 38.0 66.0 1
    8 1425   29    0 74.0 90.0 1
    8 3506  128   73 38.0 54.0 1
    8  477   81   73 51.0 54.0 1
   10 3132  128   29 38.0 74.0 1
   10 1258   51    9 63.0 85.0 1
    8 1534  148   78 34.0 52.0 1
    8  998  148   14 34.0 82.0 1
    8 3168  107   78 43.0 52.0 1
    8 1076   51    0 63.0 90.0 1
