 200  26   2  36
    9  977  173   25 30.0 76.0 1
    6 2917   65   47 57.0 65.0 1
    8  801  173   47 30.0 65.0 1
    7 3039   65   47 57.0 65.0 1
    6 1690  160   47 32.0 65.0 1
    8 1411   25   23 76.0 77.0 0
    6  588   65   47 57.0 65.0 1
    9 1761   25    0 76.0 90.0 1
    6 1544  173   47 30.0 65.0 1
    9 2748  119   27 40.0 75.0 1
    7 1795  128   81 38.0 51.0 1
    8 1620  128  119 38.0 40.0 1
    7 3048  128   12 38.0 83.0 1
    8 3188   75    0 53.0 90.0 1
    9  712  128   75 38.0 53.0 1
    7 1431   12   11 83.0 84.0 1
    9 1392   75   23 53.0 77.0 1
    8 1770   75   27 53.0 75.0 1
    8 2230   75   12 53.0 83.0 1
    8 3079   12    0 83.0 90.0 1
    9 1647   32   12 72.0 83.0 1
    7 2178   81   12 51.0 83.0 0
    7 3187  119   32 40.0 72.0 1
    7 1721   32   12 72.0 83.0 1
    9 1640   32   12 72.0 83.0 1
    8 2713  128   32 38.0 72.0 1
