 200  22   3  35
   11 1814   62   62 58.0 58.0 1
    8 3216   62   58 58.0 60.0 1
    8 1508  166   58 31.0 60.0 1
   10  366   70   62 55.0 58.0 1
   10 2990   70   58 55.0 60.0 1
   10  487  166   70 31.0 55.0 1
    7 2108   70   62 55.0 58.0 0
   10  385   58    0 60.0 90.0 1
    8  427   16    0 81.0 90.0 0
    9 3218  166   16 31.0 81.0 1
   10 1069   29   19 74.0 79.0 1
   10 1325   16    0 81.0 90.0 1
    8 1865   29    0 74.0 90.0 1
   10 1114   78   29 52.0 74.0 1
   10 1659   81   78 51.0 52.0 1
    9  733   84    0 50.0 90.0 1
    9 1345   78    0 52.0 90.0 1
    8 1792  173   78 30.0 52.0 1
    9  844  173   78 30.0 52.0 1
    9 1685   97    0 46.0 90.0 1
    8 1241  100   84 45.0 50.0 1
    9  636  133   97 37.0 46.0 0
