 200  23   3  35
   10 1101   42   42 67.0 67.0 1
   10 3365  143    0 35.0 90.0 1
   10  824  143    0 35.0 90.0 1
    8  367  143    0 35.0 90.0 1
    9 1871   42    0 67.0 90.0 1
   10  356   42    0 67.0 90.0 1
    9 2060   42    0 67.0 90.0 1
   10 3009   42    0 67.0 90.0 1
    8  698   87   78 49.0 52.0 1
    9  433  128   87 38.0 49.0 1
    8 1626  128   97 38.0 46.0 1
    7 1230  128   29 38.0 74.0 1
   10 2733   29    0 74.0 90.0 1
    9 3185  128   29 38.0 74.0 1
    7 2983   97    0 46.0 90.0 1
    8 2994   47   11 65.0 84.0 1
    8 1980  104   47 44.0 65.0 1
    8 2601   84   11 50.0 84.0 1
    8 2153   11    0 84.0 90.0 1
    9 3378  104   11 44.0 84.0 1
    9  383  104   84 44.0 50.0 1
    8 1331   47    0 65.0 90.0 1
    8  385   84   47 50.0 65.0 1
