 200  21   1  33
    9 3574   34   34 71.0 71.0 1
   11 2136   55   55 61.0 61.0 1
    9 1729  166  166 31.0 31.0 1
    8  405   55   55 61.0 61.0 1
   10 3597   62   62 58.0 58.0 1
    8 2055   45   45 66.0 66.0 1
   10 1278   62   62 58.0 58.0 1
   10 1728   34   34 71.0 71.0 1
    9 1930  166  166 31.0 31.0 1
    8 1585  166  107 31.0 43.0 0
    9 2543  107   34 43.0 71.0 1
    9 2108  166   45 31.0 66.0 1
   10 2992  166   34 31.0 71.0 1
   10 3597   55   45 61.0 66.0 1
   11 2790  107   47 43.0 65.0 1
    9 1686  166  100 31.0 45.0 1
   11  821   62   34 58.0 71.0 1
    9 1005   45    9 66.0 85.0 1
   11 1422  166   45 31.0 66.0 1
   11 1621  100    0 45.0 90.0 1
    8  834  107   45 43.0 66.0 1
