 200  17   1  33
   12  646   58   58 60.0 60.0 1
   11 2401   58   58 60.0 60.0 1
   12 1835    7    7 86.0 86.0 0
   12 3150   58   58 60.0 60.0 1
   11 1153   58   58 60.0 60.0 1
   10 2470    7    7 86.0 86.0 1
   11 1318   58    7 60.0 86.0 1
   13 2912    7    0 86.0 90.0 0
   11 1596  133    0 37.0 90.0 1
   13 3188  133   58 37.0 60.0 1
   13 2643   58    7 60.0 86.0 1
   13 2172    7    0 86.0 90.0 0
   10 2815  133    7 37.0 86.0 1
   13 1410  133    7 37.0 86.0 0
   12 1258  133    7 37.0 86.0 1
   10 3186  133   58 37.0 60.0 1
   13 1784   58    7 60.0 86.0 1
