 200  23   1  34
    9  774   27   27 75.0 75.0 1
    9 1272  173    0 30.0 90.0 1
   10  622   75    0 53.0 90.0 1
    9 3536   75   27 53.0 75.0 1
    9  453   27    0 75.0 90.0 1
    8 1748   27    0 75.0 90.0 1
    9 1373  173   27 30.0 75.0 1
    8  682   27    0 75.0 90.0 1
   10 1141  173   75 30.0 53.0 1
    7  398   65   18 57.0 80.0 1
    9 1773   75    0 53.0 90.0 1
    7  847   27    0 75.0 90.0 1
    7 1612  173   18 30.0 80.0 1
    8 1313   75   27 53.0 75.0 1
    7  408   27    0 75.0 90.0 1
    9  731   65    0 57.0 90.0 0
    7  999   65    0 57.0 90.0 1
    9 1266  173   18 30.0 80.0 1
   10 1784   75   18 53.0 80.0 0
   10 1752   65   27 57.0 75.0 1
    9 1554   18    0 80.0 90.0 1
   10 1312  173   65 30.0 57.0 1
   10 1436   27    0 75.0 90.0 1
