 200  27   1  34
    8 1045   18   18 80.0 80.0 1
    7  894   18   18 80.0 80.0 1
    9  884   16   16 81.0 81.0 1
    6  678   78   78 52.0 52.0 1
    7  803   78   78 52.0 52.0 0
    9  753   38   38 69.0 69.0 1
    7 3191   18   18 80.0 80.0 1
    6  990   12   12 83.0 83.0 1
    8 1710   78   78 52.0 52.0 1
    8  872   67   67 56.0 56.0 1
    9 1351   78   60 52.0 59.0 1
    7  502   67   40 56.0 68.0 1
    7  543   38   12 69.0 83.0 1
    9  860   16    0 81.0 90.0 1
    6 1719   78   38 52.0 69.0 1
    8 1176   67   40 56.0 68.0 1
    7 1560   60   18 59.0 80.0 1
    7  663   78   40 52.0 68.0 1
    6 1508   12    0 83.0 90.0 1
    7 1695   67   60 56.0 59.0 1
    9 3138   60    0 59.0 90.0 1
    6  345   16   12 81.0 83.0 1
    7  511   12    0 83.0 90.0 0
    6 1657   18    0 80.0 90.0 1
    8  308   38    0 69.0 90.0 1
    9  434   60    0 59.0 90.0 1
    7  562   18   16 80.0 81.0 1
