 200  29   2  35
    8 2596   97   97 46.0 46.0 1
    7 2578   93   93 47.0 47.0 0
    7 3233   65   65 57.0 57.0 1
    8 2976  123  123 39.0 39.0 1
    6 2776  143  104 35.0 44.0 1
    8 1477   93   23 47.0 77.0 1
    7 2495  104   65 44.0 57.0 1
    7  686   55    0 61.0 90.0 1
    6 3017  143  123 35.0 39.0 1
    6 1503  143   23 35.0 77.0 1
    6 1511   93   65 47.0 57.0 1
    8 1503  104   93 44.0 47.0 0
    6 2835  143  104 35.0 44.0 1
    8  369   93   55 47.0 61.0 1
    7 2310   65   23 57.0 77.0 1
    6 3450   73   18 54.0 80.0 1
    6 3487   18    0 80.0 90.0 1
    7 2475   73    0 54.0 90.0 1
    8 2154   73   67 54.0 56.0 1
    6  549   67    0 56.0 90.0 1
    7 2509   73   18 54.0 80.0 1
    6 3422   67    0 56.0 90.0 1
    8 1158   67    0 56.0 90.0 1
    5 2872   18    0 80.0 90.0 1
    7  652   73    0 54.0 90.0 0
    8 2930   73    0 54.0 90.0 1
    8 2545   73    0 54.0 90.0 1
    6 3204   73    0 54.0 90.0 0
    7 1803   18    0 80.0 90.0 1
