 200  18   1  34
   10 3411   75   75 53.0 53.0 1
   11 1083   75    7 53.0 86.0 1
    9 1659   75    7 53.0 86.0 1
   11  759   75    0 53.0 90.0 1
   12  497    7    0 86.0 90.0 1
   10 1238   75    0 53.0 90.0 1
   11  437   75    0 53.0 90.0 1
   13 1016   75    0 53.0 90.0 0
   12 1229   75    7 53.0 86.0 1
   11  579    7    0 86.0 90.0 1
   11 1432   75    7 53.0 86.0 1
   11 1066   75    0 53.0 90.0 1
   10  593    7    0 86.0 90.0 1
   13 1620   75    7 53.0 86.0 1
   10  688   75    7 53.0 86.0 1
   12  710   75    0 53.0 90.0 1
   12  857   75    0 53.0 90.0 1
   11 1164   75    0 53.0 90.0 1
