 200  21   2  35
    8  726   81   81 51.0 51.0 1
   11  684  166   81 31.0 51.0 0
    9 1272   81   27 51.0 75.0 1
    9 2531   81    0 51.0 90.0 1
    9 2605  123   27 39.0 75.0 1
   10 1874   90   27 48.0 75.0 1
   11  458  166    0 31.0 90.0 1
    9 3055  166   18 31.0 80.0 1
   10  989   78   27 52.0 75.0 0
   10 1210  166  123 31.0 39.0 0
   11  379  123   18 39.0 80.0 1
    9 2820   16    0 81.0 90.0 1
    9 1337   65    5 57.0 87.0 1
   10  488   65    5 57.0 87.0 0
    9 2707   16   16 81.0 81.0 1
    9 3524   65    5 57.0 87.0 1
    9  857   65    0 57.0 90.0 1
    9  557   65    0 57.0 90.0 1
    9 1614   65    0 57.0 90.0 1
   10  449   16   16 81.0 81.0 1
   10 2854   16    5 81.0 87.0 1
