 200  28   5  36
    8 3188  111  111 42.0 42.0 1
    6  772   73   27 54.0 75.0 1
    6 1321  111    0 42.0 90.0 0
    8 3570   27    0 75.0 90.0 1
    8 1729  111   27 42.0 75.0 1
    6  644  115   65 41.0 57.0 1
    7 3433   73    0 54.0 90.0 1
    7 1152  115   65 41.0 57.0 1
    7  479  160   65 32.0 57.0 1
    8 1683  160   73 32.0 54.0 1
    6 3134  115    0 41.0 90.0 1
    8 1246   47    0 65.0 90.0 1
    8  689   47    0 65.0 90.0 1
    6 3082   34    0 71.0 90.0 1
    7 1367   47    0 65.0 90.0 1
    8  597   47   34 65.0 71.0 1
    7  866   47   29 65.0 74.0 1
    6  395    7    3 86.0 88.0 1
    8 1199    7    3 86.0 88.0 1
    6 3436   81    7 51.0 86.0 0
    7 3101   81    7 51.0 86.0 1
    8 1685    3    0 88.0 90.0 1
    7 1097   34    0 71.0 90.0 1
    7 2502  148    0 34.0 90.0 1
    8 2265  148   34 34.0 71.0 1
    7 1689   34    0 71.0 90.0 1
    8 3523  148   36 34.0 70.0 1
    7 2560   36    0 70.0 90.0 1
