 200  24   1  33
    7 2108  111  111 42.0 42.0 1
    8 1623  111  111 42.0 42.0 1
    7 2446    3    3 88.0 88.0 0
    9 3167  119  119 40.0 40.0 1
    8 3407   12   12 83.0 83.0 1
    7 1374  111  111 42.0 42.0 1
    7  856   12   12 83.0 83.0 1
    8 1812  119  119 40.0 40.0 1
    8 1258    3    0 88.0 90.0 1
    9 2319  119    3 40.0 88.0 1
    9 2090  160  111 32.0 42.0 1
    9 1795   12    0 83.0 90.0 1
    9 3262  119    0 40.0 90.0 1
   10  541  119    3 40.0 88.0 1
   10  562  160   12 32.0 83.0 1
    9 2086  119    0 40.0 90.0 1
   10  994  160    3 32.0 88.0 1
    7 3324  160    0 32.0 90.0 1
    9 2739  119   12 40.0 83.0 1
    7 1972  160  119 32.0 40.0 1
    8 2040   12    0 83.0 90.0 1
    8  355  119   12 40.0 83.0 1
    8 3195  119    3 40.0 88.0 1
    9 1318  111   12 42.0 83.0 1
