 200  27   2  35
    6 2532   19   19 79.0 79.0 1
    9 2589   34   34 71.0 71.0 1
    8 1075   21   21 78.0 78.0 1
    8 2562   21    0 78.0 90.0 1
    7  443    5    0 87.0 90.0 1
    7 1366   34    5 71.0 87.0 1
    6 2898   34   19 71.0 79.0 1
    8 1672   21   19 78.0 79.0 1
    7 2189   34   21 71.0 78.0 1
    9 1296   21    0 78.0 90.0 1
    8 1677  160  100 32.0 45.0 1
    7 3393   42   34 67.0 71.0 1
    7 3059  160  100 32.0 45.0 1
    9 1306  100   34 45.0 71.0 1
    8  725   67   42 56.0 67.0 1
    7  968   78   67 52.0 56.0 1
    7 2119   78    0 52.0 90.0 0
    7  548  133   78 37.0 52.0 0
    6 1685  133   67 37.0 56.0 1
    6 1639  160   67 32.0 56.0 1
    8 2172  100    0 45.0 90.0 1
    7 1521  160  100 32.0 45.0 1
    8 2951  100    0 45.0 90.0 1
    8  851   42    0 67.0 90.0 1
    7 1225  133   42 37.0 67.0 1
    7 2377  133    0 37.0 90.0 1
    8  410  160   42 32.0 67.0 1
