 200  30   1  34
    8  502   31   31 73.0 73.0 1
    8  882  173  173 30.0 30.0 1
    5 1427    9    9 85.0 85.0 1
    7 1531    9    9 85.0 85.0 1
    6  744    9    9 85.0 85.0 1
    6 1498  173  173 30.0 30.0 1
    8 1608  173  173 30.0 30.0 1
    6  997  173  173 30.0 30.0 1
    7  989    9    9 85.0 85.0 1
    8 1271   31    0 73.0 90.0 1
    7 1059  173    0 30.0 90.0 0
    5  474  173    0 30.0 90.0 1
    7 1345   31    0 73.0 90.0 1
    8 1378  173   31 30.0 73.0 1
    8 1573  173    9 30.0 85.0 1
    7 1323  173    0 30.0 90.0 1
    6  768  173    9 30.0 85.0 1
    6 1332  173    0 30.0 90.0 1
    5  811  173   31 30.0 73.0 1
    8  936   31    0 73.0 90.0 1
    6 1393  173    9 30.0 85.0 1
    8  399   31    0 73.0 90.0 1
    5 1032  173   31 30.0 73.0 1
    6  326   31    9 73.0 85.0 1
    8  611  173   31 30.0 73.0 1
    7 1294    9    0 85.0 90.0 0
    6 3116    9    0 85.0 90.0 1
    5  346   31    9 73.0 85.0 0
    7 1349   31    9 73.0 85.0 0
    6  550  173   31 30.0 73.0 1
