 200  23   3  36
    8 1657  148  148 34.0 34.0 1
   10 1780   16   16 81.0 81.0 1
    8  373   70   70 55.0 55.0 1
   10  517  128  128 38.0 38.0 0
    8 3079  148   70 34.0 55.0 0
   10  349   70   16 55.0 81.0 1
    9 1125  128    0 38.0 90.0 1
    9 1529   16    0 81.0 90.0 1
    7  826   70    0 55.0 90.0 1
    7 1247  128   70 38.0 55.0 1
    9 3549  100    0 45.0 90.0 1
   10 3061  100   73 45.0 54.0 1
    8 2103   73   55 54.0 61.0 1
    9 3026  123   12 39.0 83.0 1
    8 2871   55    0 61.0 90.0 1
    8 2430   73    0 54.0 90.0 1
   10 1628  100    0 45.0 90.0 1
   10 2382  138    0 36.0 90.0 0
   10 2107  138   18 36.0 80.0 1
    7 1721   18    0 80.0 90.0 1
    8  340   18    0 80.0 90.0 1
   10  642   18    0 80.0 90.0 1
    7  473   18    0 80.0 90.0 0
