 200  21   4  36
   10 1404   11   11 84.0 84.0 1
    9 1244   55   55 61.0 61.0 0
   10 1800   19   11 79.0 84.0 1
    8 3246   55    0 61.0 90.0 0
   11  811  100   19 45.0 79.0 1
    9 3274  104   58 44.0 60.0 1
    9 1639   60   58 59.0 60.0 1
    9 1720  104   45 44.0 66.0 1
    8 1171  104    0 44.0 90.0 1
    9  673  104   60 44.0 59.0 1
    8 1753   38   21 69.0 78.0 1
   10 1150   38    0 69.0 90.0 1
   11 2930   38    0 69.0 90.0 1
    8 1711   38    0 69.0 90.0 1
   11 3562   38   21 69.0 78.0 1
   10  872   38   21 69.0 78.0 1
    9 2961  123   93 39.0 47.0 1
   10 3472  123    0 39.0 90.0 1
   11 3010  123    0 39.0 90.0 1
   10  483   93    0 47.0 90.0 1
   10 2446   93    0 47.0 90.0 1
