 200  20   1  34
   10 1678   78   78 52.0 52.0 1
   10 1496   78   78 52.0 52.0 1
   10 1670   49   49 64.0 64.0 1
   10 1644   62    0 58.0 90.0 1
   10  933   49   25 64.0 76.0 1
    9 1566   62   25 58.0 76.0 1
   11 1206   49   19 64.0 79.0 1
   10 3589   25    0 76.0 90.0 1
   11 1476   65    0 57.0 90.0 0
   11  552   25    0 76.0 90.0 1
   11 1646  173   65 30.0 57.0 1
   10 1782  173   49 30.0 64.0 1
   10 1649   65   62 57.0 58.0 1
   11 1033   65   25 57.0 76.0 1
    9 3220   19    0 79.0 90.0 1
    9  464   19    0 79.0 90.0 1
   10 1067  173    0 30.0 90.0 1
    8  924   65    0 57.0 90.0 1
    9  608   78   62 52.0 58.0 1
   11  737   65   25 57.0 76.0 0
