 200  23   4  40
    7  919   93   93 65.0 65.0 1
   18 3333  180  180 48.0 48.0 1
    5  702  102   17 63.0 85.0 1
    9 1691  102   21 63.0 84.0 1
    1  919   93   81 65.0 68.0 1
    3 1391  256  247 38.0 39.0 1
   16 1032  130   35 57.0 80.0 1
    1  777   21    0 84.0 90.0 1
    1 1374   25    0 83.0 90.0 0
   13  876  130   89 57.0 66.0 1
    5 3393  130   21 57.0 84.0 0
   16 2458  333  111 31.0 61.0 1
   10 1018  238   35 40.0 80.0 1
    4 2386  238   35 40.0 80.0 1
    4 2268  238   35 40.0 80.0 1
    5 2428  140    0 55.0 90.0 1
   17 1353  140    0 55.0 90.0 1
   12 1404  238    3 40.0 89.0 1
    2 1687  156   57 52.0 74.0 1
    8  628  106   57 62.0 74.0 1
   21 2838  222  156 42.0 52.0 1
   19  755  106    0 62.0 90.0 1
    3 1767  106  106 62.0 62.0 1
