 200  22   1  38
    4  368   81   81 68.0 68.0 0
    3  705   69   69 71.0 71.0 1
   19  333   81   81 68.0 68.0 1
    3  482  102  102 63.0 63.0 1
   10  581   69   69 71.0 71.0 1
    8  534   57   57 74.0 74.0 1
    1  630   81   81 68.0 68.0 1
   10 1380  174  174 49.0 49.0 1
    3 1312   81   81 68.0 68.0 1
    9  994  102  102 63.0 63.0 1
    4  455   77   57 69.0 74.0 1
   19  782   81   77 68.0 69.0 1
    5 2994  102    0 63.0 90.0 1
   17  737   77    0 69.0 90.0 1
    7 1294  174   69 49.0 71.0 1
   14 1506   57    0 74.0 90.0 1
   20  421   69    0 71.0 90.0 1
    1  911  174   69 49.0 71.0 0
   18  739   57    0 74.0 90.0 1
   12 1125  174   57 49.0 74.0 1
    1  323   81   69 68.0 71.0 0
   12 1351  174   77 49.0 69.0 1
