 200  17   1  38
    3 1370  238  238 40.0 40.0 1
   14 1771  222  222 42.0 42.0 1
    7 1094  162  162 51.0 51.0 1
   16  570   89   89 66.0 66.0 1
   19 1292  222  222 42.0 42.0 1
   20  630   89   89 66.0 66.0 1
    7 1517  238   89 40.0 66.0 0
    4 3138  286  162 35.0 51.0 1
   18  516  151   50 53.0 76.0 1
   18 1356  230  151 41.0 53.0 1
   11  748  151   89 53.0 66.0 1
   13 1406  238  222 40.0 42.0 1
    8  376   50    0 76.0 90.0 1
   19 1737  151   89 53.0 66.0 1
    6 1087  230    0 41.0 90.0 0
    1  888  222  162 42.0 51.0 1
   16  552  222   50 42.0 76.0 1
