 200  28   5  40
   11 3266   32   32 81.0 81.0 1
    9 1787  180    0 48.0 90.0 1
    4  690  180  130 48.0 57.0 1
    6 3503  130   32 57.0 81.0 1
   12 1618   32    0 81.0 90.0 1
    4  898   81   57 68.0 74.0 1
    4 3253  286   81 35.0 68.0 1
   10 2162  111   81 61.0 68.0 1
    5  500   81    0 68.0 90.0 1
   10 1435  111   81 61.0 68.0 1
    2 1209  111    0 61.0 90.0 1
    9 3167  156   28 52.0 82.0 0
   12  327  156    0 52.0 90.0 1
   12  388  156   28 52.0 82.0 1
    1 1209   28    0 82.0 90.0 1
   11 3407  156   28 52.0 82.0 1
    7 1574  168    0 50.0 90.0 0
    6  352  168    0 50.0 90.0 1
    1 2157  346  145 30.0 54.0 1
    6 2962  168  145 50.0 54.0 1
    2 2267  346    0 30.0 90.0 1
   13 3225  346    0 30.0 90.0 1
   10 3191  187    0 47.0 90.0 0
    5  918  102    0 63.0 90.0 1
   11  664  102   21 63.0 84.0 1
    6 3357  200  125 45.0 58.0 1
    5 1257  125    0 58.0 90.0 1
    6 1368  200  125 45.0 58.0 1
