 200  17   2  40
    8 2958   73   73 70.0 70.0 1
   17  424   73   73 70.0 70.0 1
   16 1223   73    0 70.0 90.0 1
    1  386   73    0 70.0 90.0 1
   14  673   73    0 70.0 90.0 1
    2 1076  238   73 40.0 70.0 1
   19  555   73   73 70.0 70.0 1
   19 1496  238    0 40.0 90.0 0
    9 1655  238    0 40.0 90.0 1
   11 1780  230    7 41.0 88.0 1
    9  990  106    0 62.0 90.0 1
   19  578  106    0 62.0 90.0 1
   11 1366  346    0 30.0 90.0 1
    4  763  106    7 62.0 88.0 0
   21  372  106    7 62.0 88.0 1
   15  771    7    0 88.0 90.0 1
    5 3453  230    0 41.0 90.0 0
