 200  16   3  39
   16  918   10   10 87.0 87.0 1
    6 3078   14   10 86.0 87.0 0
   22 2842   14   10 86.0 87.0 1
   18 1895   14    0 86.0 90.0 1
    9 1426   28   14 82.0 86.0 1
    8  910   14   10 86.0 87.0 0
   23 1331  308  135 33.0 56.0 1
   22  938  308    0 33.0 90.0 1
    9  457  135    0 56.0 90.0 0
   13 2521  308    0 33.0 90.0 1
   11 2646  135    0 56.0 90.0 1
   13 3573   69    0 71.0 90.0 1
    3 1060   89   28 66.0 82.0 1
    4 1496   69    0 71.0 90.0 0
   12 1300  275   89 36.0 66.0 1
   11 2909  140   28 55.0 82.0 1
