 200  25   1  38
   15 1221  214  214 43.0 43.0 1
   14 1512  214  214 43.0 43.0 1
    9  974  214   50 43.0 76.0 1
   11  349   50    0 76.0 90.0 1
    7 1038  214    0 43.0 90.0 0
    1  307   50    0 76.0 90.0 0
   17  413   50    0 76.0 90.0 1
    7  636  214    0 43.0 90.0 1
   13 1768  214    0 43.0 90.0 1
    2 1508  214    0 43.0 90.0 1
    1 1102  214    0 43.0 90.0 1
   10  404   50    0 76.0 90.0 1
    4 1654  214   50 43.0 76.0 1
    2  678  214   50 43.0 76.0 0
   17 3138  214   50 43.0 76.0 1
    2 1635   50    0 76.0 90.0 1
    2  337   50    0 76.0 90.0 1
    9  839   50    0 76.0 90.0 1
   12 1530  214   50 43.0 76.0 1
    2  812  214    0 43.0 90.0 1
   10 1580   50    0 76.0 90.0 1
   12 2769   50    0 76.0 90.0 1
   15  798  214    0 43.0 90.0 1
    3  721  214    0 43.0 90.0 1
    3  619  214   50 43.0 76.0 1
