 200  17   1  38
   15  443  106  106 62.0 62.0 1
   22 1031  111  111 61.0 61.0 1
    6 1101  111   69 61.0 71.0 1
    2 1515  140  135 55.0 56.0 1
   11  352   69    0 71.0 90.0 1
    2  839  200  140 45.0 55.0 1
    5 1605   69    0 71.0 90.0 1
    8 3088  200  106 45.0 62.0 1
   18 1728  140  135 55.0 56.0 1
   15  946  135   69 56.0 71.0 1
   18 1328  135   69 56.0 71.0 1
   20 1314  140   69 55.0 71.0 1
    4 1668  200  135 45.0 56.0 1
    7  654  200   69 45.0 71.0 0
   11  363  135    0 56.0 90.0 0
   20  985  135   69 56.0 71.0 1
   16  922  200  111 45.0 61.0 1
