 200  24   1  37
    5  521   21   21 84.0 84.0 1
   16 2909   21   21 84.0 84.0 1
   12 2183   21   21 84.0 84.0 1
    6 1677   21   21 84.0 84.0 1
   11 1353   21   21 84.0 84.0 1
   18 3451  346   21 30.0 84.0 0
   17 1821  346    0 30.0 90.0 0
    6 2617  346    0 30.0 90.0 1
    3  526   21    0 84.0 90.0 1
   17 1257  346    0 30.0 90.0 0
    5 1242  346    0 30.0 90.0 1
    9 1160   21    0 84.0 90.0 1
   12 1319  346   21 30.0 84.0 0
    2 1451  346   21 30.0 84.0 1
    6 1616  346    0 30.0 90.0 1
   14 2121   21    0 84.0 90.0 1
   12 1184   21    0 84.0 90.0 1
    3 3472  346    0 30.0 90.0 1
    5 1254  346   21 30.0 84.0 1
    1 1858  346    0 30.0 90.0 1
   10  681   21    0 84.0 90.0 1
    2 1749  346    0 30.0 90.0 1
    5 1809  346   21 30.0 84.0 1
    3 1914  346    0 30.0 90.0 1
