 200  24   2  40
   11  458  120    0 59.0 90.0 0
    1  421  187    0 47.0 90.0 1
   14  849  120  120 59.0 59.0 1
   12 1190  297  297 34.0 34.0 1
   13  653  120  120 59.0 59.0 1
   15 1712  187  120 47.0 59.0 1
    1  644  297    0 34.0 90.0 1
   14 3346  187    0 47.0 90.0 1
    6 1149  120    0 59.0 90.0 1
    7  336  120    0 59.0 90.0 1
    3 1020  187    0 47.0 90.0 1
    3  564  187    0 47.0 90.0 0
    1  494  187    0 47.0 90.0 1
    7  398  120    0 59.0 90.0 1
   14 2792  187    0 47.0 90.0 1
    4 1463  120    0 59.0 90.0 1
   15  582  174   89 49.0 66.0 1
   10  604  174   81 49.0 68.0 1
   13  587  174   89 49.0 66.0 1
    5  348  156    0 52.0 90.0 1
   14 3164  333    0 31.0 90.0 0
    1  790  174   89 49.0 66.0 1
   12 1112   81    0 68.0 90.0 0
    4  733  174  156 49.0 52.0 1
