 200  22   3  39
    2 3000  162  162 51.0 51.0 1
   10 3025   93   93 65.0 65.0 1
   18 3150  102    0 63.0 90.0 1
    7 1234  162   14 51.0 86.0 1
   13 3467  174  102 49.0 63.0 1
    1 1207  162   93 51.0 65.0 1
   13 3219   65    0 72.0 90.0 0
   19  705  140    7 55.0 88.0 1
   13  550  145   77 54.0 69.0 1
   11 2740  145   77 54.0 69.0 1
    8 1466  145   77 54.0 69.0 0
    6  698  145    0 54.0 90.0 1
   12  514  145   77 54.0 69.0 1
   12 2255  145    7 54.0 88.0 1
   15 2113   81   39 68.0 79.0 1
    1 3356  275  120 36.0 59.0 1
    1 2699  320  120 32.0 59.0 1
   10 3414  320  222 32.0 42.0 0
    1 1756  320  120 32.0 59.0 1
   11 2261  320  256 32.0 38.0 1
   13  987  256  222 38.0 42.0 1
    3 2914  320  222 32.0 42.0 1
