 200  20   2  40
    4  475   21   21 84.0 84.0 1
   18  637  120  120 59.0 59.0 1
   12  527   81    0 68.0 90.0 1
   15 1701  265   81 37.0 68.0 1
   17 1178  265  120 37.0 59.0 1
   16  568  120   21 59.0 84.0 1
    5 1706  265    0 37.0 90.0 1
    8 2706  297  120 34.0 59.0 1
    7 2291  230  207 41.0 44.0 1
    8 2145  230  102 41.0 63.0 1
    3 1925  207  102 44.0 63.0 1
    8 3219  230  102 41.0 63.0 1
   13 1167  238  230 40.0 41.0 1
   12 1557  207   43 44.0 78.0 0
    1  978  238   98 40.0 64.0 1
    8 2657  238  207 40.0 44.0 1
    9  567  102    0 63.0 90.0 1
   17 1704  238  230 40.0 41.0 1
    1 3064  230  207 41.0 44.0 1
   18 1666  102    0 63.0 90.0 1
