 200  30   1  37
    3 2941   14   14 86.0 86.0 1
   10 1959  151  151 53.0 53.0 1
    4 3151  111  111 61.0 61.0 1
    4 1451   39   39 79.0 79.0 1
    6  393   65   65 72.0 72.0 1
   12 2321  130  130 57.0 57.0 1
    5 2975   14   14 86.0 86.0 1
    4 2780  265  265 37.0 37.0 1
    8 3205  151  151 53.0 53.0 1
   10 3308   14   14 86.0 86.0 1
    2 3377  130  130 57.0 57.0 1
   10 2422   65   39 72.0 79.0 1
    1  844  130  111 57.0 61.0 1
   13 1476   65   14 72.0 86.0 1
    2  516   65   14 72.0 86.0 1
    2 2318  130   39 57.0 79.0 1
    9  360  151    0 53.0 90.0 1
    3 2364  151   39 53.0 79.0 1
   15 3570  265   39 37.0 79.0 1
   13  899   65    0 72.0 90.0 1
   13 1526   39    0 79.0 90.0 1
    2  388  130   39 57.0 79.0 0
   10 3526  265  151 37.0 53.0 1
    6 1567  151   14 53.0 86.0 1
    5 1125   39    0 79.0 90.0 0
    8 2498  265  130 37.0 57.0 1
    4 1915  111    0 61.0 90.0 1
    7  819  151  130 53.0 57.0 1
    8 1310  151   39 53.0 79.0 1
    1 1564  265  111 37.0 61.0 1
