 200  15   3  39
   17 1072   61   61 73.0 73.0 1
    1 3226  187  187 47.0 47.0 1
   15  436   93   61 65.0 73.0 1
   20  459  140   61 55.0 73.0 1
    7 2928  140   61 55.0 73.0 1
   13  955  247    0 39.0 90.0 1
   15 1510  297  256 34.0 38.0 1
   20 3136  256   14 38.0 86.0 1
   15 1903  256  151 38.0 53.0 1
   11 2359  247   25 39.0 83.0 1
   10 2436  214   35 43.0 80.0 1
   14 1504  115   21 60.0 84.0 1
   19  915  115   89 60.0 66.0 0
   18 1464  214    0 43.0 90.0 1
    5 1891  115   89 60.0 66.0 1
