 200  24   2  40
   10  864   50   50 76.0 76.0 1
    6 3244   89   89 66.0 66.0 1
    1  578   89   89 66.0 66.0 1
   13  505   50   50 76.0 76.0 1
   15 1227  162  162 51.0 51.0 1
    8 1609  162  162 51.0 51.0 1
   18 1005   50   50 76.0 76.0 1
    4 1574  168    0 50.0 90.0 1
   13 1348  162   89 51.0 66.0 1
   10 1131   89    0 66.0 90.0 1
    9 3374   89    0 66.0 90.0 1
   11  450   89   50 66.0 76.0 1
   11  356  162    0 51.0 90.0 1
    1 1693   89   50 66.0 76.0 1
   12  860   89   50 66.0 76.0 1
    1 1235   50    0 76.0 90.0 1
    4  773  145  125 54.0 58.0 0
    1 1478   14    0 86.0 90.0 1
   14 2738  125    0 58.0 90.0 1
    8 2859  187  145 47.0 54.0 1
   14  774  230  145 41.0 54.0 1
    7  425  125    0 58.0 90.0 1
    5 1536  230   93 41.0 65.0 1
    4  850  187   14 47.0 86.0 1
