 200  28   1  37
    6 1538  140  140 55.0 55.0 1
   10  353    3    3 89.0 89.0 1
    7 3171  265  265 37.0 37.0 1
    7  781    3    3 89.0 89.0 1
   10 1201  265  265 37.0 37.0 1
    6 1747  256  256 38.0 38.0 1
    1  453    3    3 89.0 89.0 1
    5 2828  265  265 37.0 37.0 1
    1 2681  265  265 37.0 37.0 1
    7 2035  238  238 40.0 40.0 1
   10 3204    3    3 89.0 89.0 1
    4  579  140    3 55.0 89.0 1
   12 1064  256  140 38.0 55.0 1
   12 2864  265  140 37.0 55.0 1
    7 3277  265    0 37.0 90.0 1
    3 1896  256  140 38.0 55.0 1
    1 1091  265  111 37.0 61.0 1
   10  538  265    0 37.0 90.0 1
    3 3165  265  238 37.0 40.0 1
    9 3579  265    3 37.0 89.0 1
    9 3268  238  111 40.0 61.0 1
   11  860  140    0 55.0 90.0 1
    4 2790  140  111 55.0 61.0 1
   12 3213  140    0 55.0 90.0 1
    8  838  265    3 37.0 89.0 1
   12 1807  256    3 38.0 89.0 1
    1 3423  140    3 55.0 89.0 1
   12 3058  265  238 37.0 40.0 1
