 200  26   1  37
    4  520   98   98 64.0 64.0 0
   15 1843  106  106 62.0 62.0 1
    5 3410  346  346 30.0 30.0 1
    5  988   69   69 71.0 71.0 1
    6 2034  151  151 53.0 53.0 1
   12 2041  156  156 52.0 52.0 1
    1 3585  106   98 62.0 64.0 1
    5 1595  346  106 30.0 62.0 1
    6 1408  156    0 52.0 90.0 1
    1 1909  156  106 52.0 62.0 1
   12 2682  151    0 53.0 90.0 1
   14 3196  106    0 62.0 90.0 1
   15 1832  151   69 53.0 71.0 1
    5  529  106   98 62.0 64.0 1
    1  825   98   69 64.0 71.0 1
    8 1096   98    0 64.0 90.0 0
   12 1944   69    0 71.0 90.0 1
    6 2426   98    0 64.0 90.0 1
   12 2548  151  106 53.0 62.0 1
   15  549   98   69 64.0 71.0 1
    1  362  151    0 53.0 90.0 1
    7  471  106    0 62.0 90.0 1
    6  636  106   98 62.0 64.0 1
   10 2034  346    0 30.0 90.0 1
   11  721  156  106 52.0 62.0 0
    5 2622  151  106 53.0 62.0 1
