 200  29   1  37
    1 3298   57   57 74.0 74.0 1
   11 2202  256  256 38.0 38.0 1
    5 2095   10   10 87.0 87.0 1
    8 2050  256  256 38.0 38.0 1
   10 3575   10   10 87.0 87.0 1
   10 3289   54   50 75.0 76.0 1
    8 3227   98    0 64.0 90.0 1
    8 1398   57   54 74.0 75.0 1
   11 3462   98    0 64.0 90.0 1
    9 3397   54   50 75.0 76.0 1
    9 2574   98   54 64.0 75.0 1
   10 2803  214   10 43.0 87.0 1
    2  347   54    0 75.0 90.0 1
    1  461   98   57 64.0 74.0 1
    7 2336  256   98 38.0 64.0 1
    8 1476  214   10 43.0 87.0 0
    6 2748  214   57 43.0 74.0 0
    7 3393   57   50 74.0 76.0 1
    4 3157   98    0 64.0 90.0 1
   10 2385   98   57 64.0 74.0 1
    6 1589  214   54 43.0 75.0 1
    7  945   54   50 75.0 76.0 1
    7 1945  256   10 38.0 87.0 1
    4  913   57    0 74.0 90.0 1
    1 1811  256   57 38.0 74.0 1
   10  875  256   54 38.0 75.0 1
    7 2070   10    0 87.0 90.0 1
    7 3145  256    0 38.0 90.0 0
    6  395   57   10 74.0 87.0 1
