 200  23   4  39
   17 1595   81   81 68.0 68.0 1
    9 1674  265  265 37.0 37.0 1
   10  899  333   46 31.0 77.0 1
    3 3413  333    0 31.0 90.0 1
    7 3112  265  180 37.0 48.0 1
   17 1695  135   81 56.0 68.0 1
    5 1041   69   39 71.0 79.0 1
   12 1286  156   28 52.0 82.0 1
   12 1218  115   28 60.0 82.0 1
    1 3522   14    0 86.0 90.0 1
   10 1079  102    0 63.0 90.0 1
    1 2148  115    0 60.0 90.0 1
   10 2590  162   10 51.0 87.0 1
   12 2422  230   43 41.0 78.0 1
   15 2184  238    0 40.0 90.0 1
    1 1108   10    0 87.0 90.0 0
    2 3213  238  230 40.0 41.0 1
   15 3429  238   43 40.0 78.0 1
    9 1317  238  102 40.0 63.0 1
    1 1820  135  102 56.0 63.0 1
   11 2981  256  180 38.0 48.0 1
   10 3329  256  102 38.0 63.0 1
   10 3392  102   25 63.0 83.0 1
