 200  24   3  39
   11  463   35   35 80.0 80.0 1
   12  629   35   35 80.0 80.0 1
   11 2511   35   35 80.0 80.0 1
    3 1356  286  286 35.0 35.0 1
   10 1473   35   35 80.0 80.0 1
   12 1767  286    0 35.0 90.0 1
   10 3186  286    0 35.0 90.0 1
    5  673   35    0 80.0 90.0 1
    1 3498  286    0 35.0 90.0 0
    8  324   35    0 80.0 90.0 1
    3 2749  286   35 35.0 80.0 1
   13 1623   35    0 80.0 90.0 1
    4  459   35   35 80.0 80.0 0
    4 1699  333  200 31.0 45.0 1
   14 3027   35   35 80.0 80.0 0
    6  971  333  140 31.0 55.0 0
    7 2498  333  200 31.0 45.0 1
    7 2861   73    0 70.0 90.0 1
   13 3451   73    0 70.0 90.0 1
    9 2079  333    0 31.0 90.0 1
   12 3313  333   73 31.0 70.0 1
    9 3129   73    0 70.0 90.0 0
    9 3022  333    0 31.0 90.0 1
    7 1257   73    0 70.0 90.0 1
