 200  28   1  37
    2 2158   65   65 72.0 72.0 1
    2 1374   65   65 72.0 72.0 1
    2 2143  193  193 46.0 46.0 1
    6 3270   21    0 84.0 90.0 1
   12 1996  193    0 46.0 90.0 1
    7  618   65    0 72.0 90.0 1
    1 1597  193   65 46.0 72.0 1
    1 1639  230   21 41.0 84.0 0
    7  637  230   21 41.0 84.0 1
    5 1320  193    0 46.0 90.0 1
    5 2356  230   21 41.0 84.0 1
    9 2555  193    0 46.0 90.0 1
    6  909  230    0 41.0 90.0 0
   15 1196   21    0 84.0 90.0 1
   13 2981  230    0 41.0 90.0 0
   13 1288  230  193 41.0 46.0 1
    4 1096  230   65 41.0 72.0 1
   16  779   65   21 72.0 84.0 1
    2 3384  230  193 41.0 46.0 1
    3 3045  193   65 46.0 72.0 0
   15 1297  193   21 46.0 84.0 1
   11 1563  193   65 46.0 72.0 1
   11 2203   65    0 72.0 90.0 1
    8  754  193   65 46.0 72.0 1
    3 1598  230    0 41.0 90.0 1
   11  721  230   21 41.0 84.0 1
    3  771   65   21 72.0 84.0 1
    7 2536  193   65 46.0 72.0 1
