 200  19   3  39
    3 1779  247  247 39.0 39.0 1
   19 1950   17   17 85.0 85.0 1
   19 1091  265  125 37.0 58.0 1
   14 2634  247  145 39.0 54.0 1
    6 2551  265  187 37.0 47.0 0
   14  928  265  145 37.0 54.0 0
    4  595   17   10 85.0 87.0 1
    1 3069   50    0 76.0 90.0 1
   17  765   93   32 65.0 81.0 1
    6 3016  207   89 44.0 66.0 1
    1  304   89    0 66.0 90.0 1
   19  419   89   65 66.0 72.0 1
    9  496  168    0 50.0 90.0 1
   21  737  168    0 50.0 90.0 1
   10 1071   85   28 67.0 82.0 1
   21 1631  168    0 50.0 90.0 0
    1 1953  168   85 50.0 67.0 1
   12 2724   28   17 82.0 85.0 1
    3 2165   85   17 67.0 85.0 1
