 200  26   4  39
   12 3296   65   65 72.0 72.0 1
    3 3491  320   50 32.0 76.0 1
    5 2106   65   46 72.0 77.0 0
   12 1106  320   46 32.0 77.0 1
    8 3544  320    0 32.0 90.0 1
   14  895  320  115 32.0 60.0 0
    1 2032  320   14 32.0 86.0 1
    4 1790  115    0 60.0 90.0 1
    4  909  320   98 32.0 64.0 1
    5 2126   14    0 86.0 90.0 0
   14 1137  222    7 42.0 88.0 1
    2  899   98    7 64.0 88.0 0
    6 2407  275  102 36.0 63.0 0
    5 2324  180  102 48.0 63.0 0
   13 2912  102   39 63.0 79.0 1
   12 2616  180  102 48.0 63.0 1
    1 2667  275   77 36.0 69.0 1
    4  432   77   39 69.0 79.0 1
    5 2940   28    0 82.0 90.0 1
   16 1048  111   28 61.0 82.0 1
    1 2614   81    0 68.0 90.0 1
    9 1752   28    0 82.0 90.0 1
   15  578  207    0 44.0 90.0 1
    8 2310  111   81 61.0 68.0 1
   14 2392   28    0 82.0 90.0 1
    7  528   28    0 82.0 90.0 1
