 200  22   1  38
    9 3494   93   93 65.0 65.0 1
   11  576    3    3 89.0 89.0 1
    6 1092  156  156 52.0 52.0 1
    5  950    3    3 89.0 89.0 1
    6 1299    3    3 89.0 89.0 1
   17 1419   89   89 66.0 66.0 1
   14  400   89   89 66.0 66.0 1
   14  405   93   93 65.0 65.0 1
    9  385   50    0 76.0 90.0 1
   17 1599   93    0 65.0 90.0 1
    9  310  102    0 63.0 90.0 1
    3 1201  102   93 63.0 65.0 0
   11  384   93   89 65.0 66.0 1
   14 1027  156    0 52.0 90.0 1
    2  718  102    3 63.0 89.0 1
    7  444  102   93 63.0 65.0 1
   14 3476  156    0 52.0 90.0 1
   17  808  156   93 52.0 65.0 1
    2 1754   93    3 65.0 89.0 1
    5  617    3    0 89.0 90.0 1
    4 1756  102   50 63.0 76.0 1
    4 1776  156   50 52.0 76.0 0
