 200  16   1  37
    5 3013   50   50 76.0 76.0 1
    2 2028  308  308 33.0 33.0 1
    1 2807   50   50 76.0 76.0 1
    1 2075  247  247 39.0 39.0 1
   18 2119  247  247 39.0 39.0 1
    6 1025   50   50 76.0 76.0 1
   14 3430  247  247 39.0 39.0 1
   23 3453   50    0 76.0 90.0 1
   14  976  308    0 33.0 90.0 1
   22 2385   50    0 76.0 90.0 1
   27 1448  247    0 39.0 90.0 1
   26 2403  308   50 33.0 76.0 1
    9 2329  247   50 39.0 76.0 1
    6 1805  247    0 39.0 90.0 1
   19 3254  308   50 33.0 76.0 1
    7 2496  308  247 33.0 39.0 1
