 200  25   1  37
   12 3147  180  180 48.0 48.0 0
    5  982   93   93 65.0 65.0 1
    3 3328   39   39 79.0 79.0 1
    2 1580   39   39 79.0 79.0 1
   12 1604   93    0 65.0 90.0 1
    8 2954  168   93 50.0 65.0 1
    8  586  180    0 48.0 90.0 1
    2  745   28    0 82.0 90.0 1
    6 1512  286   28 35.0 82.0 0
   12 3456   93   39 65.0 79.0 1
    6  923  180   39 48.0 79.0 1
    5  863  180   28 48.0 82.0 1
    6 1871  180   93 48.0 65.0 1
    4 3420   28   10 82.0 87.0 1
    6 1649   39    0 79.0 90.0 1
   11 2643  180  168 48.0 50.0 1
   14  906   39   28 79.0 82.0 1
   11 3110  286    0 35.0 90.0 1
    7 2782  168   28 50.0 82.0 1
   13 2728   28   10 82.0 87.0 1
    7 2086  168    0 50.0 90.0 1
   13  538  168   93 50.0 65.0 1
   14 1871   93   39 65.0 79.0 1
    1 1313  286   93 35.0 65.0 1
   12 1131  180   28 48.0 82.0 1
