 200  19   2  40
   25  823  168  168 50.0 50.0 1
   22  496   28   28 82.0 82.0 1
   17 1684  168  168 50.0 50.0 1
   12 1659  168   28 50.0 82.0 1
    6  316   28    0 82.0 90.0 1
   12 1541  193  168 46.0 50.0 1
   11  677  214   77 43.0 69.0 1
    4 3403  286   28 35.0 82.0 1
    6 1240  193   77 46.0 69.0 1
   13  974  102   77 63.0 69.0 1
   10 1581  238  102 40.0 63.0 1
    7  407   77   65 69.0 72.0 1
    2 1676  102   77 63.0 69.0 1
    9  302   65    0 72.0 90.0 1
    6 2724   65    0 72.0 90.0 0
    2 3240  238  102 40.0 63.0 1
   10 1613  111  102 61.0 63.0 1
   25 1184  111    0 61.0 90.0 1
    1 1023   65    0 72.0 90.0 1
