 200  29   1  38
    8  917   43   43 78.0 78.0 1
   10 1698   43   43 78.0 78.0 1
    1  668  135  135 56.0 56.0 1
    7 1603  135  135 56.0 56.0 1
    1 1797   32    0 81.0 90.0 1
    4 1539  214   32 43.0 81.0 1
   12  419   57    0 74.0 90.0 1
   11  764  135   32 56.0 81.0 1
    8  341  135    0 56.0 90.0 1
   11 1677  135   43 56.0 78.0 1
    8 3145  135   57 56.0 74.0 1
    9  448  214    0 43.0 90.0 1
    5 1703  214   43 43.0 78.0 1
    9  421   43    0 78.0 90.0 1
    9 1399   32    0 81.0 90.0 1
    2 1264  135   32 56.0 81.0 1
    5 1514   57   32 74.0 81.0 0
   11  474  135   43 56.0 78.0 1
    7 2928  135   57 56.0 74.0 1
    1 1763  214   32 43.0 81.0 1
    7 1405  214   57 43.0 74.0 1
    4 1342  214   43 43.0 78.0 1
    5  967  135   32 56.0 81.0 1
   10 1789  135   57 56.0 74.0 1
   10  530  135    0 56.0 90.0 1
   10 1774  214  135 43.0 56.0 0
    6 1387   32    0 81.0 90.0 1
    6 1280   32    0 81.0 90.0 0
    3 1224  214   32 43.0 81.0 1
