 200  19   2  43
   13  787   35   35 80.0 80.0 1
    6 1024   69   69 71.0 71.0 1
   13  369   46    0 77.0 90.0 1
    8  996   35    7 80.0 88.0 1
   12 3144  207    7 44.0 88.0 1
    8 2298   14    0 86.0 90.0 1
   12  936   98   28 64.0 82.0 1
    8 1475   25   14 83.0 86.0 1
   10  642   98   25 64.0 83.0 1
   13 2333   57    0 74.0 90.0 1
   12 2212   14    0 86.0 90.0 1
    9 2983   98   25 64.0 83.0 1
   12 1102  238   28 40.0 82.0 1
    8 3254   98   25 64.0 83.0 1
   13  996   57   14 74.0 86.0 1
    7 1324   25   25 83.0 83.0 1
   14 1386   57   25 74.0 83.0 1
   10 3550   28    0 82.0 90.0 1
   12 3044   98   98 64.0 64.0 1
