 200  25   1  42
    5 1635  180  180 48.0 48.0 1
   13  393   14   14 86.0 86.0 1
    6 1684  297  297 34.0 34.0 1
    8 1516   17   17 85.0 85.0 1
    5 3330   14   14 86.0 86.0 1
   10  851   17   17 85.0 85.0 1
    8 1558  180  180 48.0 48.0 1
    7  868  180  180 48.0 48.0 1
   13  484   46   46 77.0 77.0 1
    8 1460  180  180 48.0 48.0 1
    9 1499   46   46 77.0 77.0 1
    6  855  297   17 34.0 85.0 1
   11 1707  297  256 34.0 38.0 1
    6  597  297    0 34.0 90.0 0
    7 1176  222   14 42.0 86.0 1
    7 1402  222    0 42.0 90.0 0
    7  648   17   14 85.0 86.0 1
   11  697  297    0 34.0 90.0 1
   13 1365  180   17 48.0 85.0 1
    9 3061   46   14 77.0 86.0 1
    6 1627  256   46 38.0 77.0 1
    8  770   14    0 86.0 90.0 1
    6  970  297   14 34.0 86.0 1
    4 1678  256   46 38.0 77.0 1
    7 1092  256   17 38.0 85.0 1
