 200  16   2  44
   11 1081   17   17 85.0 85.0 1
   12  644   81   17 68.0 85.0 1
    9  557  230    0 41.0 90.0 1
   14  916  230    0 41.0 90.0 0
    9 3533  174    0 49.0 90.0 1
   10  475   17    0 85.0 90.0 1
   12 1212  174    0 49.0 90.0 0
   15  496  238    0 40.0 90.0 1
   17 1332  256  238 38.0 40.0 1
   11  660  256   28 38.0 82.0 1
   11  464   10    0 87.0 90.0 1
   14 1376  265   10 37.0 87.0 1
    8 1318  256   10 38.0 87.0 0
   17 1108  265   10 37.0 87.0 1
   13 3533  256   28 38.0 82.0 0
   17  685  151    0 53.0 90.0 1
