 200  18   3  43
   11 1480   85   85 67.0 67.0 1
   12  365   85   81 67.0 68.0 1
    8  448   85   81 67.0 68.0 1
    9 1462   81    0 68.0 90.0 1
   10 2591   81    0 68.0 90.0 1
   15 3225  256    0 38.0 90.0 1
   10  703   69   43 71.0 78.0 1
    9 1368   69   43 71.0 78.0 1
   15  532   43    0 78.0 90.0 1
   15 1394  187    0 47.0 90.0 1
    6 2754   43    0 78.0 90.0 1
   10 2426  187   69 47.0 71.0 1
    7 2351  125  120 58.0 59.0 1
   14  871  120    0 59.0 90.0 1
   13 2509  230  140 41.0 55.0 1
   10 1538  230  207 41.0 44.0 1
   12 1361  230  125 41.0 58.0 1
   14  619  125  120 58.0 59.0 1
