 200  15   2  44
   10  674  151  151 53.0 53.0 1
   16 1353   77   77 69.0 69.0 1
   16 3451   77   77 69.0 69.0 1
   16 1646  238   69 40.0 71.0 0
   17 3261   77   35 69.0 80.0 1
   16 1347  238   77 40.0 69.0 0
   14 1468  238  214 40.0 43.0 1
   12 1108  151   28 53.0 82.0 1
   15 1666  214  151 43.0 53.0 1
   16 1632  238    0 40.0 90.0 1
   11  466  115    0 60.0 90.0 1
    8  619  151   77 53.0 69.0 1
    9 3402  238  115 40.0 60.0 1
   12 1282  238    0 40.0 90.0 1
   12 2843  238  115 40.0 60.0 1
