 200  29   2  44
    7 1341    7    7 88.0 88.0 1
    8 1738  200    7 45.0 88.0 1
    6 1304  200   93 45.0 65.0 1
    7 1747  214    3 43.0 89.0 1
    9  630  156   93 52.0 65.0 1
    5  967  156   93 52.0 65.0 1
    5 1012    3    0 89.0 90.0 1
   11  779  200   93 45.0 65.0 1
    8  797  214   93 43.0 65.0 1
    5  851  214    3 43.0 89.0 1
    4 1314  200    0 45.0 90.0 1
    5 1213   61    3 73.0 89.0 1
    8 2921    3    0 89.0 90.0 0
   10 3081  200   61 45.0 73.0 1
    4  763   43   39 78.0 79.0 1
    5 3293   39    7 79.0 88.0 1
    5 1757   57   50 74.0 76.0 1
    6 1762   57   50 74.0 76.0 0
    5 1051   54   50 75.0 76.0 1
   10 1123   54   50 75.0 76.0 1
    7  423  156   39 52.0 79.0 1
    9 1523  156   43 52.0 78.0 1
   11 1338   54   39 75.0 79.0 1
    6 1417  156    0 52.0 90.0 1
    4 1209   57    7 74.0 88.0 0
    5  690   57   39 74.0 79.0 1
    8  433  156   50 52.0 76.0 1
    9  960  333    0 31.0 90.0 1
    8 1162   43    7 78.0 88.0 1
