 200  27   2  43
   10  803  115  115 60.0 60.0 1
    6  519   35   35 80.0 80.0 1
   12 1827  115  115 60.0 60.0 1
   10 3558  115  115 60.0 60.0 1
    4 2474   35   35 80.0 80.0 1
    8  650  115    0 60.0 90.0 1
   12 1528  115    0 60.0 90.0 1
    6 3321   35    0 80.0 90.0 1
   11 2760  115   35 60.0 80.0 1
    4  697  115    0 60.0 90.0 1
    5 3586  115    0 60.0 90.0 1
    5  971   35    0 80.0 90.0 1
    5 1607  115   35 60.0 80.0 0
    7 1686  115    0 60.0 90.0 1
    4 1320   35    0 80.0 90.0 1
    4 2794  115    0 60.0 90.0 1
    6 1504   35    0 80.0 90.0 1
    5  691  115    0 60.0 90.0 1
   11 2888  115    0 60.0 90.0 1
    7  756  140    0 55.0 90.0 1
    6 2161  130    7 57.0 88.0 1
    9 1506  130    0 57.0 90.0 1
    9 2974    7    0 88.0 90.0 1
   11 2453  140    7 55.0 88.0 1
    6 1416  238    7 40.0 88.0 1
    7 1663  130    7 57.0 88.0 1
   10 1846  140    0 55.0 90.0 1
