 200  30   1  41
    4  965   57   57 74.0 74.0 1
   11  623   57   57 74.0 74.0 1
    8 2867   57   57 74.0 74.0 1
    4 3271   35   35 80.0 80.0 1
   10 2661  145  145 54.0 54.0 1
    8 2394  207  207 44.0 44.0 1
    7 1045   57   57 74.0 74.0 1
    5 1773  145  145 54.0 54.0 1
    9 1443   54   54 75.0 75.0 1
    7 2422  320  320 32.0 32.0 1
    4  530   57   57 74.0 74.0 1
    9 1753  145   57 54.0 74.0 1
    5  441  207    0 44.0 90.0 1
   10 1306  145   54 54.0 75.0 1
    6  560   35    0 80.0 90.0 1
   11 3451   57   35 74.0 80.0 1
    8 1470   85   57 67.0 74.0 1
    5 3231  168   57 50.0 74.0 1
    5 1318  145   35 54.0 80.0 1
    7  708   57    0 74.0 90.0 1
    5 1871   54   35 75.0 80.0 1
    5 2897   57    0 74.0 90.0 1
    4 1582   85   57 67.0 74.0 1
    9 1667   85   57 67.0 74.0 1
    6  466   54   35 75.0 80.0 1
    4 2850   54    0 75.0 90.0 1
    6 1067  320   54 32.0 75.0 1
    4 3525  145    0 54.0 90.0 1
    6 3427   85   35 67.0 80.0 1
    8 1666  200   57 45.0 74.0 1
