 200  30   1  42
    4 1683   69   69 71.0 71.0 1
    4  854  120  120 59.0 59.0 0
   10 1553  168  168 50.0 50.0 1
    5  441   81   81 68.0 68.0 1
    4 1474   14   14 86.0 86.0 1
   10  694  120  120 59.0 59.0 1
    9 1082   98   98 64.0 64.0 1
    7 1168   81    3 68.0 89.0 1
    4  352   98    3 64.0 89.0 1
    4  620  120   98 59.0 64.0 1
    8 1732  120   14 59.0 86.0 0
    4  609  120    3 59.0 89.0 1
    5  868  120    3 59.0 89.0 1
    5 1600  120   69 59.0 71.0 1
    3  424  168   14 50.0 86.0 1
    7 2834  120  111 59.0 61.0 1
    6  890  168  111 50.0 61.0 0
    8 1366   98   81 64.0 68.0 1
    9  324   81    3 68.0 89.0 1
    7 1014  120   81 59.0 68.0 1
    8 1042  111    3 61.0 89.0 1
    9 1334  168   14 50.0 86.0 1
    9  803  168   98 50.0 64.0 1
   10 1198  120  111 59.0 61.0 1
    7 1531  120   14 59.0 86.0 1
    7 1587  168   81 50.0 68.0 0
    9 1238  168    3 50.0 89.0 1
    4 3106    3    0 89.0 90.0 1
    9  882  168   98 50.0 64.0 1
    5  453  111   98 61.0 64.0 1
