 200  28   1  41
    6 1969   73   73 70.0 70.0 1
    5 1393  180  180 48.0 48.0 1
    8 3226  222  222 42.0 42.0 1
    5  911  180  180 48.0 48.0 1
    5 3467   73   73 70.0 70.0 1
    4 1028   73   73 70.0 70.0 1
    6 2558  222  222 42.0 42.0 1
    4  676   73   73 70.0 70.0 1
    9  313   73   73 70.0 70.0 1
    7 2810  222  193 42.0 46.0 1
    9  731  156  151 52.0 53.0 1
   10 1893  156   73 52.0 70.0 1
    7 2241  193   73 46.0 70.0 1
    4 2694  193   73 46.0 70.0 1
   11 1150   73    0 70.0 90.0 1
    9 1295  222   73 42.0 70.0 1
    4 1102  193  180 46.0 48.0 1
    6 2989  180  151 48.0 53.0 1
    6 1096  180   73 48.0 70.0 1
   10 2611  156    0 52.0 90.0 1
    4  692  222   73 42.0 70.0 0
   10 2327  222   73 42.0 70.0 1
   10  583  193   73 46.0 70.0 1
   10 1783  180   73 48.0 70.0 1
    7 1343   73   73 70.0 70.0 1
    8 2003  156    0 52.0 90.0 1
    5 3216  193  151 46.0 53.0 1
   11 1888  151   73 53.0 70.0 1
