 200  15   1  42
   12 1239  297  297 34.0 34.0 1
   12 1579  238  238 40.0 40.0 1
    9 1683  333    0 31.0 90.0 1
   16  348  125    0 58.0 90.0 1
   11  805  333   14 31.0 86.0 1
   12  317   65    0 72.0 90.0 1
   14 3358  238    0 40.0 90.0 1
   15 1435  297    0 34.0 90.0 1
   13 3458   65   46 72.0 77.0 1
   10 1784  125   65 58.0 72.0 1
   15 1384   46    0 77.0 90.0 1
   15 1332  125   46 58.0 77.0 1
   17 1134  125    0 58.0 90.0 1
   16  517  238    0 40.0 90.0 1
   13 1133  297  125 34.0 58.0 1
