 200  21   3  43
   12 2423  130  130 57.0 57.0 1
    8 3023  265  265 37.0 37.0 1
    9 3374  187   17 47.0 85.0 1
    6 2721  265    7 37.0 88.0 1
    8 2020  187   17 47.0 85.0 0
   10  469    7    0 88.0 90.0 0
    9  987  130    7 57.0 88.0 1
    7 2622  265    0 37.0 90.0 1
   14  413  140    0 55.0 90.0 1
   13 3344  214   25 43.0 83.0 1
    8 1141  297  214 34.0 43.0 1
    9 3158  297   25 34.0 83.0 0
   13 2556   25   14 83.0 86.0 1
   13 1630  214   14 43.0 86.0 1
    8 2726   28    7 82.0 88.0 1
   12 2245  320    7 32.0 88.0 1
    8  355    7    0 88.0 90.0 1
    6 2623   28    7 82.0 88.0 1
    6 1596   28    0 82.0 90.0 1
    9 1270  320    0 32.0 90.0 1
   12 2959    7    0 88.0 90.0 1
