 200  28   4  44
    5 1740  297  297 34.0 34.0 0
    4 1740   69   69 71.0 71.0 1
    4 1030   69   69 71.0 71.0 1
    9  705  120    0 59.0 90.0 1
    9 3113  297  145 34.0 54.0 1
    4 2765  120   77 59.0 69.0 1
    4  633  145   77 54.0 69.0 1
    4 1180   81   61 68.0 73.0 1
   10 1424  265    0 37.0 90.0 1
    7  660   81   61 68.0 73.0 1
    8 3510  265   61 37.0 73.0 1
    6  835  265   61 37.0 73.0 1
    7 1756   81    0 68.0 90.0 1
    7  750  265    0 37.0 90.0 1
    9 1495  115    0 60.0 90.0 1
   10 1107  115   69 60.0 71.0 1
    8 1351   69    0 71.0 90.0 1
    5  604  115   69 60.0 71.0 0
    9  831  115    0 60.0 90.0 1
   10 1289   93    0 65.0 90.0 1
    8 1697  297  297 34.0 34.0 1
   10  415   93   10 65.0 87.0 1
    5  873   93    0 65.0 90.0 1
    7 1543  297    0 34.0 90.0 1
    6 3501  308  297 33.0 34.0 1
    4  813  333   10 31.0 87.0 1
   11 1642  297    0 34.0 90.0 1
   10 3166  297   10 34.0 87.0 0
