 200  28   2  44
   11  997  207  207 44.0 44.0 1
    6 1604    7    7 88.0 88.0 1
    8  789  151  151 53.0 53.0 1
    4  820   89   85 66.0 67.0 1
    9 1167  207  102 44.0 63.0 1
    4 1060   85    0 67.0 90.0 0
    9 1233    7    3 88.0 89.0 1
    8  595    3    0 89.0 90.0 1
    5 1646   89   85 66.0 67.0 1
    6 1560   85    3 67.0 89.0 1
    8  673   85    0 67.0 90.0 1
    7 1482  207  102 44.0 63.0 1
    5 3593  102   89 63.0 66.0 1
    8  803  151  102 53.0 63.0 0
    4  657  135   85 56.0 67.0 1
    5 3417  125    0 58.0 90.0 1
   10 1122  135  102 56.0 63.0 1
    7 2734  125   85 58.0 67.0 1
    8 3534  135  130 56.0 57.0 1
    4  963  135   85 56.0 67.0 0
    4 2780  135  102 56.0 63.0 1
   10  676  130  125 57.0 58.0 1
    8  891  187  130 47.0 57.0 1
   11 2966  130  102 57.0 63.0 1
   10 1568  102   85 63.0 67.0 1
    6 1789  135  125 56.0 58.0 1
    5 1056  130   85 57.0 67.0 1
   10 1624  102   85 63.0 67.0 1
