 200  21   1  41
    8 2046   81   81 68.0 68.0 1
   12 1533   93   93 65.0 65.0 1
   11 3041   81   81 68.0 68.0 1
    7  848  111  111 61.0 61.0 1
    7 2958   93   93 65.0 65.0 1
   13  478   10   10 87.0 87.0 1
   11 2951   93   93 65.0 65.0 1
    7  649  111  111 61.0 61.0 1
    6  425   81   81 68.0 68.0 1
   10  498  156    0 52.0 90.0 1
    9 3521  156   81 52.0 68.0 1
   14  831  156   93 52.0 65.0 1
    9 1188  333   81 31.0 68.0 1
    7 2457  333   10 31.0 87.0 1
    9 1124  156   93 52.0 65.0 1
    7 1657  333   10 31.0 87.0 1
   13 1022  111   65 61.0 72.0 1
   10 2040  111   65 61.0 72.0 1
   10  496  156   81 52.0 68.0 1
   12 3106  156  111 52.0 61.0 1
    8  442   65   10 72.0 87.0 1
