 200  28   1  42
   10 1054  222  222 42.0 42.0 0
    4 3513  238  238 40.0 40.0 0
    7  421   21   21 84.0 84.0 1
    8 1788   21   21 84.0 84.0 1
    8  604   93   93 65.0 65.0 1
    7 1505   21   21 84.0 84.0 1
    9 1447   73   73 70.0 70.0 1
    4  912   21   21 84.0 84.0 1
    7  327   21   21 84.0 84.0 1
    7  344   73   73 70.0 70.0 1
    7 1145   73   73 70.0 70.0 1
    8 1214  238  238 40.0 40.0 1
    6 1300  238    0 40.0 90.0 1
   10  827   21    0 84.0 90.0 1
    4  365   73    0 70.0 90.0 1
    5 1549  238   93 40.0 65.0 1
    9 1588  222    0 42.0 90.0 1
    8  463  193    0 46.0 90.0 0
    4  424   21    0 84.0 90.0 1
   10  912  222   93 42.0 65.0 1
    9  846  193   73 46.0 70.0 1
    7 1620  193   93 46.0 65.0 1
    4  859   21    0 84.0 90.0 1
    9 1242  247  193 39.0 46.0 1
    6  516  222    0 42.0 90.0 0
    4  887  238   73 40.0 70.0 1
   10  927  238  222 40.0 42.0 1
    9 1452  247    0 39.0 90.0 1
