 200  26   4  44
    8 1079  230  125 41.0 58.0 0
    4 3073  125   21 58.0 84.0 1
   11  700  125    0 58.0 90.0 1
   13 1627  168   21 50.0 84.0 1
    5  764  168   21 50.0 84.0 1
   11 3080  125    0 58.0 90.0 1
   12  527  187    0 47.0 90.0 1
    7  773   89    0 66.0 90.0 1
    6 2874  187    0 47.0 90.0 1
    4 1320   89    0 66.0 90.0 1
    5 3273  187   89 47.0 66.0 1
    6 1094  238    0 40.0 90.0 1
   12  539  187    0 47.0 90.0 1
    8 1476  145    7 54.0 88.0 0
    8 1812  130  120 57.0 59.0 1
   10 1020  286  120 35.0 59.0 1
    5 2108  130    0 57.0 90.0 1
    6  855  120   65 59.0 72.0 1
   12 1571  308  120 33.0 59.0 1
    9  949   65   65 72.0 72.0 1
    6 1696  222   93 42.0 65.0 1
    4 2170  140   93 55.0 65.0 1
   10 1188  193  140 46.0 55.0 1
    6  660  140   93 55.0 65.0 1
    5 2261  222   93 42.0 65.0 1
    7 3274  193  140 46.0 55.0 1
