 200  29   1  42
    8  305   10   10 87.0 87.0 1
    4 1309  247  247 39.0 39.0 1
    7 1239  162  162 51.0 51.0 1
    4 1522   10   10 87.0 87.0 1
    9  648   28   28 82.0 82.0 1
    8 1624  247  247 39.0 39.0 1
    9 1171  247  247 39.0 39.0 1
   11 1245  286   28 35.0 82.0 1
    9 1141  162   10 51.0 87.0 1
    6  996  120   14 59.0 86.0 1
    7  983   10    0 87.0 90.0 0
    6 3467  120   14 59.0 86.0 1
    4  744  162  102 51.0 63.0 1
    6 1320   28    0 82.0 90.0 1
   11  725  162   28 51.0 82.0 1
   10 1027  120  102 59.0 63.0 1
   10 1793  162  102 51.0 63.0 1
    4 1796  162    0 51.0 90.0 1
    5 1200  102   28 63.0 82.0 1
    9 1585  120   28 59.0 82.0 1
    5  731   28    0 82.0 90.0 1
    4  583  162  102 51.0 63.0 1
    7 1492  162   50 51.0 76.0 1
    5 1751   14   10 86.0 87.0 1
    4  358   28   14 82.0 86.0 1
    3  532   14    0 86.0 90.0 1
    8 1331  162    0 51.0 90.0 1
    6 1196  286   14 35.0 86.0 1
   11 1314   10    0 87.0 90.0 1
