 200  30   1  41
    7 2821  222  222 42.0 42.0 1
    8 1854   54   54 75.0 75.0 1
    8 3537   17   17 85.0 85.0 1
    8  698  106  106 62.0 62.0 1
    6 2895   54   54 75.0 75.0 1
    8 3084   54   54 75.0 75.0 1
    8 2392  156  156 52.0 52.0 1
    5 2767  222  222 42.0 42.0 1
    9 3170   54   54 75.0 75.0 0
    9 1674  156  156 52.0 52.0 1
    9  692   77   77 69.0 69.0 1
    7 1219  222  222 42.0 42.0 1
    4 1954  156  156 52.0 52.0 1
    6 2306   54   54 75.0 75.0 1
    5 1372  222  222 42.0 42.0 1
    8  925   77    0 69.0 90.0 0
    9 2720  156   54 52.0 75.0 1
    4 2014  156   54 52.0 75.0 1
    9 3374  106    0 62.0 90.0 1
    5 1302  106   54 62.0 75.0 1
    4 3541  222  106 42.0 62.0 1
    4  709  106   54 62.0 75.0 0
    9  716  222   17 42.0 85.0 1
    8  876   54    0 75.0 90.0 1
    6 1079  222   54 42.0 75.0 1
    8 1488  156   17 52.0 85.0 1
    3  438   54   17 75.0 85.0 1
    3 2752   54    0 75.0 90.0 1
    6 1962  156   77 52.0 69.0 1
    7  305   77   54 69.0 75.0 0
