 200  30   1  41
    8 1816  207  207 44.0 44.0 1
    9 2762  180  180 48.0 48.0 1
    4 2992  180  180 48.0 48.0 1
    6 3556  180  180 48.0 48.0 1
    9 2041  230  230 41.0 41.0 1
    5  954  207  207 44.0 44.0 1
    6 1237  230  230 41.0 41.0 1
    8 1673   32   32 81.0 81.0 1
    3 2482  230  207 41.0 44.0 1
    4 2955  230  180 41.0 48.0 1
    9 2789  207   32 44.0 81.0 1
    8 1809  230  207 41.0 44.0 1
    3 2755  230  207 41.0 44.0 1
    8 2907  230   32 41.0 81.0 1
    9 2419   32    0 81.0 90.0 1
    8 2139   32    0 81.0 90.0 1
    7  606  230   32 41.0 81.0 1
    8 2461   32    0 81.0 90.0 1
    5 2062  207   32 44.0 81.0 1
    7 2260  230    0 41.0 90.0 1
    7 1901  207   32 44.0 81.0 1
    9 3170  207   32 44.0 81.0 1
    6  452   32    0 81.0 90.0 1
    8  508  230    0 41.0 90.0 0
    5 1513  230  180 41.0 48.0 1
    8 2629   32    0 81.0 90.0 1
    9 3449  180   32 48.0 81.0 1
    5 2208   32    0 81.0 90.0 1
    5 3430  207   32 44.0 81.0 1
    4 2920  230  180 41.0 48.0 1
