 200  25   4  43
   10  720   14   14 86.0 86.0 1
    5 2606  102  102 63.0 63.0 0
    7 1372   14   14 86.0 86.0 0
    6 1341   14    0 86.0 90.0 1
    8 2355  102   14 63.0 86.0 1
    8  731  102    0 63.0 90.0 1
    7 3497   14    0 86.0 90.0 1
    6 3525  151    7 53.0 88.0 1
    8 3015  193    7 46.0 88.0 1
   10 3380  193    7 46.0 88.0 1
   11 3284  193    0 46.0 90.0 1
    7 3295  193  135 46.0 56.0 1
   13 2767  193  151 46.0 53.0 1
    7 3574  265  230 37.0 41.0 1
    9 3078  265  265 37.0 37.0 1
   12 1057  130  106 57.0 62.0 1
   10 2870  265   85 37.0 67.0 1
    7  414   85    0 67.0 90.0 1
    6 3003  151  106 53.0 62.0 1
    5 3547   81    0 68.0 90.0 1
    6 1070  275  193 36.0 46.0 1
   12 1860   46   46 77.0 77.0 0
    6 1601   46    0 77.0 90.0 1
    6 3363  275   81 36.0 68.0 1
    8 2283   46   46 77.0 77.0 1
