 200  18   3  44
   13 1428   10   10 87.0 87.0 1
   13 3399   10   10 87.0 87.0 1
   11  756   10    0 87.0 90.0 1
   15 2904   10    0 87.0 90.0 1
   15 1010   10    0 87.0 90.0 1
    9 2874  214    3 43.0 89.0 1
    8 1748  168    0 50.0 90.0 1
   14 3107  308  168 33.0 50.0 1
   10 3263  286  214 35.0 43.0 1
   15 1785  286  168 35.0 50.0 1
   14 1472    3    0 89.0 90.0 1
    6 3353  168    3 50.0 89.0 1
    9 2951  214    0 43.0 90.0 0
   11  354   69   25 71.0 83.0 1
   12 2915   69   50 71.0 76.0 0
    7  714  156   17 52.0 85.0 1
   10  365   25    0 83.0 90.0 1
    8 3167  156   50 52.0 76.0 1
