 200  19   1  42
   14  332   32   32 81.0 81.0 1
   13 3371  346  346 30.0 30.0 1
    8 1318   28   28 82.0 82.0 1
    9 1408  193  193 46.0 46.0 1
   12  926   54   54 75.0 75.0 0
    8 1644   32   32 81.0 81.0 1
   12 1342   32   32 81.0 81.0 1
    8  521   54   54 75.0 75.0 1
   11 3455   10   10 87.0 87.0 1
   12 1125  111   93 61.0 65.0 1
   13  606   28    0 82.0 90.0 1
    9 1178  193   93 46.0 65.0 1
    9  812   32   28 81.0 82.0 1
    8  779   54   28 75.0 82.0 1
    8  919  193   14 46.0 86.0 1
   10  548   54   14 75.0 86.0 1
    9  528  111   10 61.0 87.0 1
   14 1351   10    0 87.0 90.0 1
   13  874  346   54 30.0 75.0 1
