 200  28   5  43
    7 2063  187    0 47.0 90.0 1
    5 3337  187   77 47.0 69.0 1
    5 1599   77    0 69.0 90.0 1
    8 2833   77    0 69.0 90.0 1
    4  729  187    0 47.0 90.0 1
    9 2023  187   77 47.0 69.0 1
   10  473   69   32 71.0 81.0 1
    9 3354  200  187 45.0 47.0 1
    5 3368   69   32 71.0 81.0 1
    6 1430  333  200 31.0 45.0 1
    6  761  187  174 47.0 49.0 1
    5 1931  180  180 48.0 48.0 0
    7 3454  145  111 54.0 61.0 1
    9 1191   28    0 82.0 90.0 1
    6  656  111   28 61.0 82.0 1
   10 2305  265    0 37.0 90.0 1
    5 1918  180  111 48.0 61.0 1
    9 2689  135   14 56.0 86.0 1
    9 2126  135   14 56.0 86.0 1
    8 2090  135   14 56.0 86.0 1
    7 1887   35   35 80.0 80.0 1
   10  566   35    0 80.0 90.0 1
    8 1782   35   14 80.0 86.0 1
    8 2973  200   14 45.0 86.0 1
    3 2350  256  125 38.0 58.0 1
   10 3498  256    0 38.0 90.0 1
    6 1483   81    0 68.0 90.0 1
    6 1562  125   98 58.0 64.0 0
