 200  27   1  41
    4 2059   46   46 77.0 77.0 0
    8 2340   89   89 66.0 66.0 1
    5 3441   89   89 66.0 66.0 1
    9 2888   46   46 77.0 77.0 1
    6  683   89    0 66.0 90.0 1
   10 1199   46    0 77.0 90.0 1
    8  652  247   46 39.0 77.0 1
    7 1617   89    0 66.0 90.0 1
    4 1044   93   46 65.0 77.0 1
    9 2196   89    0 66.0 90.0 1
    4  752  247    0 39.0 90.0 1
   10  478   89   46 66.0 77.0 0
    6 1823  247   89 39.0 66.0 1
    8 1333   93   46 65.0 77.0 1
    8 2218   93    0 65.0 90.0 1
    8 2411   89   46 66.0 77.0 1
    4 2386  247   93 39.0 65.0 1
    9 1090  247   46 39.0 77.0 1
   10  449   93   46 65.0 77.0 1
    9 3048   89    0 66.0 90.0 1
    8  923   93    0 65.0 90.0 1
    7 1997  247   89 39.0 66.0 1
   11 1398  247   93 39.0 65.0 1
    5 3082  247   89 39.0 66.0 1
   10  790  247   46 39.0 77.0 1
    8  633   93   46 65.0 77.0 1
    5 1077   93    0 65.0 90.0 1
