 200  24   1  42
    5 1748  180  180 48.0 48.0 0
    9 1098  200   43 45.0 78.0 1
   11 1254  207  145 44.0 54.0 1
    4 1010  207   21 44.0 84.0 1
    5 3102  180    0 48.0 90.0 1
    6  448  207    0 44.0 90.0 1
   11 1053  200   43 45.0 78.0 1
   11 1351  180  145 48.0 54.0 1
    8  608  200   21 45.0 84.0 1
    5  582  207    0 44.0 90.0 1
    8 2742  180  145 48.0 54.0 1
    8 1135  207   21 44.0 84.0 1
   11 1635   43   21 78.0 84.0 1
    7 1777  207  200 44.0 45.0 1
   11  565  180    0 48.0 90.0 1
    9 1317  207  145 44.0 54.0 0
    9  882  180   43 48.0 78.0 1
    8 1147  207  200 44.0 45.0 0
    8  412  145   43 54.0 78.0 1
    7  518  200   21 45.0 84.0 1
   11 1210   21    0 84.0 90.0 1
   12 1297  207   43 44.0 78.0 1
   10  789  207   43 44.0 78.0 1
    6  357   21    0 84.0 90.0 1
