 200  29   3  44
    6 1069   85   85 67.0 67.0 1
    5 1275   85   85 67.0 67.0 1
    6 1295   85    3 67.0 89.0 1
    7 1491  162    7 51.0 88.0 1
    5 2998   93   35 65.0 80.0 1
    8 1358   35    0 80.0 90.0 1
    8 1703    7    0 88.0 90.0 1
    4 3023  162   93 51.0 65.0 1
    5  317   77    0 69.0 90.0 1
    6  793  297   77 34.0 69.0 1
    5 3276   77    0 69.0 90.0 1
   10 1312  238    0 40.0 90.0 0
   11 2084   77    0 69.0 90.0 1
    8  482   77    0 69.0 90.0 1
   10  587  162   85 51.0 67.0 1
    9 1383  162   85 51.0 67.0 0
   10 1534  162    0 51.0 90.0 1
    4 1412   85   10 67.0 87.0 1
    6 1657  222  162 42.0 51.0 0
   12 1096  115   85 60.0 67.0 1
    7 1075  222  162 42.0 51.0 1
    4 1326  162   10 51.0 87.0 1
   11 2778  222   85 42.0 67.0 1
    7 3259   85   10 67.0 87.0 1
    6 1344   10   10 87.0 87.0 1
    4  592  106   10 62.0 87.0 1
    7  541   85   10 67.0 87.0 1
    4  563   85    0 67.0 90.0 1
    5 1047  222   10 42.0 87.0 1
