 200  17   3  43
   11 2068   81    0 68.0 90.0 1
   15 2075  111    0 61.0 90.0 1
   15 3169  111    0 61.0 90.0 1
    8 2471   81    0 68.0 90.0 1
    9 1781   81    0 68.0 90.0 1
   12  850  174   25 49.0 83.0 0
   13 2279   35    0 80.0 90.0 1
    9 1186  156   25 52.0 83.0 1
   12 2202  140   25 55.0 83.0 1
   13 2942   35    0 80.0 90.0 1
    9 3113   35   25 80.0 83.0 1
   15 3169  308  297 33.0 34.0 1
   13 3069  297    0 34.0 90.0 1
   11  511  207    0 44.0 90.0 1
    7 2927  207   43 44.0 78.0 1
   15 3560  308  308 33.0 33.0 0
   13  537  120   43 59.0 78.0 1
