 200  20   2  43
   11 1621  145  145 54.0 54.0 1
   10  664  145  145 54.0 54.0 1
    9 1399  111  111 61.0 61.0 0
   11 2969  111  111 61.0 61.0 1
   12 2646  125  125 58.0 58.0 1
   11 2916  135    0 56.0 90.0 1
    6 2626  145  111 54.0 61.0 1
   11 2824  135  125 56.0 58.0 1
   12 2197  135    0 56.0 90.0 1
   12 2448  145    0 54.0 90.0 1
    6 1235  151   32 53.0 81.0 1
   12 2269   14    0 86.0 90.0 1
    8 3470  151   25 53.0 83.0 1
    9 3099   14    0 86.0 90.0 1
   12  678   32   25 81.0 83.0 1
    5 1253   25    0 83.0 90.0 1
    7 3253   14    0 86.0 90.0 1
   12  971   32   14 81.0 86.0 0
   12 3162   32   25 81.0 83.0 1
   12 2096  151   25 53.0 83.0 1
