 200  29   1  41
    9 3047   46   46 77.0 77.0 1
    9 2621  168  168 50.0 50.0 1
    8 2905  168  168 50.0 50.0 0
    9 2359   54   54 75.0 75.0 1
    7  834  162  162 51.0 51.0 1
    6 2450  162  162 51.0 51.0 1
   10 2878  162  162 51.0 51.0 1
    9  752   54   54 75.0 75.0 1
    9 1801  162  162 51.0 51.0 1
    6 2858  297  297 34.0 34.0 1
    6 3462   46   46 77.0 77.0 1
    4 3101  162   46 51.0 77.0 1
    4  508  162   46 51.0 77.0 1
    9 1638  162   54 51.0 75.0 1
    7 2227  168    0 50.0 90.0 1
    6 2295   54    0 75.0 90.0 1
    9 1669  297    0 34.0 90.0 1
    6 2538  162    0 51.0 90.0 1
    6 3409  168    0 50.0 90.0 1
    4  944  297   46 34.0 77.0 1
    5 3132  297   54 34.0 75.0 1
    9  537  168   46 50.0 77.0 1
    3 1494  162   46 51.0 77.0 1
    4 2417   54    0 75.0 90.0 1
    6  640  162    0 51.0 90.0 1
   11 2741  168   46 50.0 77.0 1
   11 1338  168   54 50.0 75.0 1
    4  521  162    0 51.0 90.0 0
    4 2781  297    0 34.0 90.0 1
