 200  17   1  46
   13  782    3    3 89.0 89.0 1
   10 1106   61   61 73.0 73.0 1
   13 1158   28    3 82.0 89.0 1
   11  811   61    0 73.0 90.0 0
   13 1572  320   61 32.0 73.0 1
   10 1673   43   28 78.0 82.0 1
   10 1291   61    0 73.0 90.0 1
   12 1637   50   43 76.0 78.0 1
   12 1376   43    0 78.0 90.0 1
   12 1042   43    0 78.0 90.0 1
   11 1261   28    0 82.0 90.0 1
   11 1756    3    3 89.0 89.0 1
   13 3168  230    3 41.0 89.0 1
   13  710  230    0 41.0 90.0 0
   11 1758    3    3 89.0 89.0 1
   12 1770    3    0 89.0 90.0 1
   13  435   28    3 82.0 89.0 1
