 200  19   2  47
   10 1520   77   77 69.0 69.0 1
   10 1108  247  247 39.0 39.0 1
    9 1303  222  222 42.0 42.0 1
   10 2722   73   73 70.0 70.0 1
   10  836  222   25 42.0 83.0 1
   12 3590  222    0 42.0 90.0 0
   10 1419   77   17 69.0 85.0 1
   10 2689  222   25 42.0 83.0 1
   11 3228  222  156 42.0 52.0 1
    9 1655  247   73 39.0 70.0 1
   11 3476  275  193 36.0 46.0 1
   10 1051  187   46 47.0 77.0 1
   10  577   28    0 82.0 90.0 1
   11 3591  275  187 36.0 47.0 1
   11 1960  275    0 36.0 90.0 1
   11 1716   73    0 70.0 90.0 1
   12 3196  275   28 36.0 82.0 1
   12 2820  275   28 36.0 82.0 1
   11 2283  275  145 36.0 54.0 1
