 200  22   1  45
    9  511   89   89 66.0 66.0 1
    9 3485   89   89 66.0 66.0 1
    8 3130   89   89 66.0 66.0 1
    9 2912  156  156 52.0 52.0 1
    9 3540  156  156 52.0 52.0 0
    8 1719  156   89 52.0 66.0 1
   10 1137  156    0 52.0 90.0 1
    8 1252  156   89 52.0 66.0 1
    8 3444  156    0 52.0 90.0 1
    8 2885  156    0 52.0 90.0 0
    8 1732  156   89 52.0 66.0 1
   10 1240  156    0 52.0 90.0 1
   11 3480  156    0 52.0 90.0 1
    8 3597  156   89 52.0 66.0 1
   10 2796  156   89 52.0 66.0 1
   11 2656  156   89 52.0 66.0 1
   10 1035   89    0 66.0 90.0 1
   11 3579   89    0 66.0 90.0 1
   10  822  156   89 52.0 66.0 1
    8 1747  156    0 52.0 90.0 1
    9 2493   89    0 66.0 90.0 1
    8 2308  156    0 52.0 90.0 1
