 200  18   3  47
   12 2019  151  151 53.0 53.0 0
   11 2734  120   57 59.0 74.0 1
   11 2171  162  120 51.0 59.0 1
   12 1809    7    0 88.0 90.0 1
   11 2434  120    7 59.0 88.0 1
   12 2277  120   57 59.0 74.0 1
   11 3297  106    0 62.0 90.0 1
   11 2971  187    3 47.0 89.0 0
   12 2528  265  187 37.0 47.0 0
   12 1735  187    0 47.0 90.0 1
   12 1007    3    0 89.0 90.0 1
   12 1777  187  106 47.0 62.0 1
   10 1723  156  151 52.0 53.0 1
   10 1631  187    0 47.0 90.0 1
   10  934  156    0 52.0 90.0 1
    9  637  151    0 53.0 90.0 1
   10 2785  151    0 53.0 90.0 1
   12 1427  187    0 47.0 90.0 1
