 200  19   3  47
    9 2365   46   46 77.0 77.0 1
   11 2903  187  187 47.0 47.0 1
   12  952   81   46 68.0 77.0 1
    9 1329  120   81 59.0 68.0 0
   11  936  120    0 59.0 90.0 1
   12 1215  120    0 59.0 90.0 1
   10 2807  193  162 46.0 51.0 0
   12 3461  320  162 32.0 51.0 1
   10 2446  214  162 43.0 51.0 1
   10  912  256  193 38.0 46.0 1
   10  557  111   85 61.0 67.0 1
   11 2697  193    0 46.0 90.0 1
   12  500   43    0 78.0 90.0 1
    9  563   89   43 66.0 78.0 1
   10  412   43    0 78.0 90.0 1
   10 1955  346  207 30.0 44.0 1
    9 3342  207   43 44.0 78.0 1
   12  445  207    0 44.0 90.0 0
   11  602  207   89 44.0 66.0 1
