 200  24   3  48
    9 1036   85   85 67.0 67.0 1
    9  519    3    3 89.0 89.0 1
    8  779   85    3 67.0 89.0 1
    8 1441   85    0 67.0 90.0 1
    8 2754    3    0 89.0 90.0 1
    9  525   85    0 67.0 90.0 0
    8 3430  320   89 32.0 66.0 1
    8 1700   89   65 66.0 72.0 1
   10 1036  130   89 57.0 66.0 1
    7 1589  115   65 60.0 72.0 0
    8 2832   89   65 66.0 72.0 0
    9  447   50    0 76.0 90.0 1
    7 1725  320   50 32.0 76.0 1
    8 3305  320    0 32.0 90.0 1
    7 1296  320   50 32.0 76.0 1
   11 2787  320    0 32.0 90.0 1
    9 1535  320   50 32.0 76.0 1
    9 2280  320    0 32.0 90.0 1
    8 3493   50    0 76.0 90.0 1
    8 1295   50    0 76.0 90.0 1
    8  435   50    0 76.0 90.0 1
    8 3075   50    0 76.0 90.0 1
    9  595   50    0 76.0 90.0 1
    7 2062  320    0 32.0 90.0 1
