 200  17   1  45
   13 1093  230  230 41.0 41.0 1
   12 2676  145  145 54.0 54.0 1
   12 2115  230  230 41.0 41.0 1
   11 1961  145  145 54.0 54.0 1
   12 1135  145  145 54.0 54.0 1
   12 2973  145  145 54.0 54.0 0
   12 2907  145    0 54.0 90.0 1
   12 2689  145    0 54.0 90.0 1
   11 3156  230  145 41.0 54.0 0
   11 1750  230    0 41.0 90.0 1
   11 2335  145    0 54.0 90.0 1
   13 1669  145    0 54.0 90.0 1
   12 3404  230  145 41.0 54.0 1
   10 2716  230    0 41.0 90.0 1
   12 2845  145    0 54.0 90.0 0
   12 2174  230    0 41.0 90.0 1
   12 3230  230  145 41.0 54.0 1
