 200  24   4  48
    9  406    3    3 89.0 89.0 1
    7 1032  162  162 51.0 51.0 1
   10 1642  162    0 51.0 90.0 1
    7 3110    3    0 89.0 90.0 1
    9 2958  286    3 35.0 89.0 1
    7 1237  162  156 51.0 52.0 1
    8 1395  214  214 43.0 43.0 1
    8 2967  214   14 43.0 86.0 0
    8 1314   14    0 86.0 90.0 1
   10 1098  214    0 43.0 90.0 1
    8 3333  214   14 43.0 86.0 1
    9 2760    3    0 89.0 90.0 1
   10 1503  151   73 53.0 70.0 1
   10 1554  180    0 48.0 90.0 1
    9 1556  106   17 62.0 85.0 0
    7 2876   21    0 84.0 90.0 0
    8 1057   21   17 84.0 85.0 1
    7 2545  156    0 52.0 90.0 1
   10 1372  168   69 50.0 71.0 1
    8  658  168    0 50.0 90.0 1
    8 3090  156   69 52.0 71.0 1
    9 1861   69    0 71.0 90.0 1
    7 2286   69    0 71.0 90.0 1
    7 2479   69   69 71.0 71.0 1
