 200  27   1  46
    6 1213  275  275 36.0 36.0 1
    8 1686  333  333 31.0 31.0 1
    7 1349  333    0 31.0 90.0 1
    7  665  320    0 32.0 90.0 1
    7 1539  320  275 32.0 36.0 1
    8 1073  320    0 32.0 90.0 1
    7 3175  275    0 36.0 90.0 1
    7  662  275    0 36.0 90.0 1
    7  664  275    0 36.0 90.0 1
    8 1648  275    0 36.0 90.0 1
    7 2884  333  320 31.0 32.0 1
    7  753  320    0 32.0 90.0 0
    9 1162  333    0 31.0 90.0 1
    8 1218  320    0 32.0 90.0 1
    8  797  320    0 32.0 90.0 1
    7  631  275    0 36.0 90.0 1
    6 1216  333  275 31.0 36.0 1
    7 1190  320  275 32.0 36.0 0
    9 1591  333    0 31.0 90.0 1
    9 1566  333    0 31.0 90.0 0
    7  585  275    0 36.0 90.0 1
    6 1144  275    0 36.0 90.0 1
    7 1141  320    0 32.0 90.0 1
    8 1612  320    0 32.0 90.0 1
    8 1081  275    0 36.0 90.0 1
    7 1523  333    0 31.0 90.0 1
    8  568  275    0 36.0 90.0 1
