 200  20   2  48
   10  766   46   46 77.0 77.0 1
   11 1723  286    0 35.0 90.0 1
    9 2939  174   46 49.0 77.0 1
   10  969  265  174 37.0 49.0 1
   10  733  265    0 37.0 90.0 1
   11  617  286    0 35.0 90.0 1
   11  503  135   57 56.0 74.0 1
   12 1427   57    0 74.0 90.0 1
    9 1081  135   89 56.0 66.0 1
   10  711  135   89 56.0 66.0 1
   10 1238  174    0 49.0 90.0 1
    8 1736  135   57 56.0 74.0 1
   10 1254   57    0 74.0 90.0 1
   11 3135  174   57 49.0 74.0 1
    9 3025  135   89 56.0 66.0 1
    9  300   89    0 66.0 90.0 1
   11  451  135   89 56.0 66.0 1
   11  787   89    0 66.0 90.0 1
    9  413   57    0 74.0 90.0 1
    9  365   57    0 74.0 90.0 1
