 200  26   3  47
    9  891  151  151 53.0 53.0 0
    9  406   21   21 84.0 84.0 1
    8  946  151   43 53.0 78.0 1
    6 2053  151   43 53.0 78.0 1
    9 3392   73   21 70.0 84.0 1
    7 2387   43    0 78.0 90.0 0
    8 1322  151   21 53.0 84.0 0
    7 2312   43    0 78.0 90.0 1
    7  560   21    0 84.0 90.0 1
    9 3289  222  214 42.0 43.0 1
    6 3197  222    7 42.0 88.0 1
    7 1683  214    7 43.0 88.0 1
    8 2815  214    7 43.0 88.0 1
    9 2051  214    7 43.0 88.0 1
    6 2175  214    0 43.0 90.0 1
    6  847  222    7 42.0 88.0 1
    7 1991  214    7 43.0 88.0 1
    9 3347  200  115 45.0 60.0 1
    7 2103  115   98 60.0 64.0 1
    8 3366  297    0 34.0 90.0 1
    9 1211  297   98 34.0 64.0 1
    9 2843   98    3 64.0 89.0 1
    8 2585  297    0 34.0 90.0 1
    7 1208  200    0 45.0 90.0 1
    9 2697  200    3 45.0 89.0 1
    6 1227  115   98 60.0 64.0 1
