 200  27   1  45
    7 2119    3    3 89.0 89.0 1
    7  573   89   89 66.0 66.0 1
    6 2164   89   89 66.0 66.0 1
    7 2663   89   89 66.0 66.0 1
    9 2797   98   98 64.0 64.0 1
    7 1700   89   89 66.0 66.0 1
    8 3335    3    3 89.0 89.0 1
    8 1703   89   89 66.0 66.0 1
    7 1835   98   98 64.0 64.0 1
    8 2195   89   89 66.0 66.0 1
    6 2292   89   89 66.0 66.0 1
    8 1678   98    0 64.0 90.0 1
    9 2443   89   89 66.0 66.0 1
    6 2433   98    0 64.0 90.0 1
    7  988   89    3 66.0 89.0 1
    8  478   98   89 64.0 66.0 1
    7 2610   98    0 64.0 90.0 1
    8 2873   89    3 66.0 89.0 1
    6 3199   98    0 64.0 90.0 1
    7 2031   98   89 64.0 66.0 1
    8  866   89    0 66.0 90.0 1
    7 1809   89    0 66.0 90.0 1
    8  363   89    3 66.0 89.0 1
    9 1501   89    3 66.0 89.0 1
    8  920   98   89 64.0 66.0 1
    8 3174   89    0 66.0 90.0 1
    6 1083   89    3 66.0 89.0 1
