 200  18   1  45
   11  694  130  130 57.0 57.0 1
   11 1689  115  115 60.0 60.0 1
   12 2402   57   57 74.0 74.0 1
   12  965  130   98 57.0 64.0 1
   10 1803   81    0 68.0 90.0 0
    9 1710  130    0 57.0 90.0 1
   10 3453  125  115 58.0 60.0 1
   11  904   57    0 74.0 90.0 1
   12 3200  346    0 30.0 90.0 1
   10 3469  115    0 60.0 90.0 1
   12 2827  125   81 58.0 68.0 1
   12  553  130   98 57.0 64.0 1
   12 1079   98    0 64.0 90.0 1
   10  728  125  115 58.0 60.0 0
   12 3114  346   98 30.0 64.0 1
   12 1266  115   81 60.0 68.0 1
   11 2490   98   98 64.0 64.0 1
   11  829  130  115 57.0 60.0 0
