 200  27   4  47
    8 2243  140    0 55.0 90.0 1
    6 2707  238  115 40.0 60.0 1
    7 2883   17    0 85.0 90.0 1
    7 3163  238  140 40.0 55.0 1
    9 2207  238    0 40.0 90.0 1
    7 1093  115    0 60.0 90.0 1
    7  874   73    0 70.0 90.0 1
    6  775  168    0 50.0 90.0 1
    7 2554  168   77 50.0 69.0 1
    8  811  111   28 61.0 82.0 1
    8  335   28   14 82.0 86.0 1
    8 1183  247    0 39.0 90.0 1
    8 3078  230   25 41.0 83.0 1
    7 1641  265    0 37.0 90.0 1
    6  494  230    0 41.0 90.0 1
    7 1081  265    0 37.0 90.0 1
    7 2069  333    0 31.0 90.0 1
    8 1965  265  230 37.0 41.0 1
    8 3064  238  230 40.0 41.0 1
    6 3016  265  230 37.0 41.0 1
    9 1837  238   32 40.0 81.0 1
    7  716  145  115 54.0 60.0 1
    7 2550  256    0 38.0 90.0 1
    8 2710  102    0 63.0 90.0 1
    9  989  256  115 38.0 60.0 1
    9 2416  256  102 38.0 63.0 1
    6 1467  145  102 54.0 63.0 1
