 200  25   3  48
    7 2735  111  111 61.0 61.0 1
    7 3451  125  111 58.0 61.0 0
    8  951   77    0 69.0 90.0 1
    9 1244  111   77 61.0 69.0 1
    9 1796  125   77 58.0 69.0 1
    9 1656  125  111 58.0 61.0 1
    7 1001  125  111 58.0 61.0 1
    8  971  125  111 58.0 61.0 0
    9 3147   25    0 83.0 90.0 1
    8 1696  346  130 30.0 57.0 1
    8  719   85   32 67.0 81.0 1
    9 3117  346   32 30.0 81.0 1
    8 3518   85   25 67.0 83.0 1
    8 2825   85   32 67.0 81.0 1
    7 2019  174    0 49.0 90.0 1
    8 2430  130   25 57.0 83.0 1
    6 1420  193    0 46.0 90.0 0
    8 2270   85   73 67.0 70.0 1
    7  986  193   25 46.0 83.0 1
    9 2346  193   28 46.0 82.0 1
    8 1578  180   14 48.0 86.0 1
    9  919  193  180 46.0 48.0 1
    8 1096   28   14 82.0 86.0 1
    8 1396  168   14 50.0 86.0 1
    8 2453  193   28 46.0 82.0 1
