 200  21   1  45
    9  509   39   39 79.0 79.0 1
    9 2832  120  120 59.0 59.0 1
   10 1515   39   39 79.0 79.0 1
    8 2778  275  275 36.0 36.0 1
    8 3536  111  111 61.0 61.0 1
    9 1054  120  120 59.0 59.0 1
   11 2904  111  111 61.0 61.0 1
   11  550   39   39 79.0 79.0 0
   11 1013  111  111 61.0 61.0 1
   10 2723  275  275 36.0 36.0 1
   10  707  120   39 59.0 79.0 1
   11  865  222  120 42.0 59.0 1
   11 3170    3    0 89.0 90.0 1
    9 3193   39    0 79.0 90.0 1
    8 1957    3    0 89.0 90.0 1
   10 2203  111    3 61.0 89.0 1
    9 2638   39    3 79.0 89.0 1
    8 3100  111    3 61.0 89.0 1
   10  918  275    3 36.0 89.0 1
    8 3239  346    3 30.0 89.0 1
   10 1307  120   39 59.0 79.0 1
