 200  17   1  45
   11  978   65   65 72.0 72.0 1
   12 2858   89   89 66.0 66.0 1
   12 3205   50   50 76.0 76.0 1
   10  657   21   21 84.0 84.0 1
   10  794   89   89 66.0 66.0 1
   12 1659   21    0 84.0 90.0 1
   11 1640   65    0 72.0 90.0 0
   12  849   89   65 66.0 72.0 1
   12 1093   89   65 66.0 72.0 1
   13  330   65    0 72.0 90.0 0
   13  883   65   50 72.0 76.0 1
   13 3064   65   50 72.0 76.0 0
   11 3160   89   21 66.0 84.0 1
   12  468   65    0 72.0 90.0 1
   12 3141   50    0 76.0 90.0 1
   13 1608   89   65 66.0 72.0 1
   11 1267   89   65 66.0 72.0 0
