 200  29   5  48
    6  593  135  135 56.0 56.0 1
    7 2930  320  320 32.0 32.0 1
    7 1672  320  135 32.0 56.0 1
    6 1444  135    0 56.0 90.0 1
    7 1704  320  135 32.0 56.0 1
    8 1277  320    0 32.0 90.0 1
    8 3287  238    0 40.0 90.0 1
    7 1380   17    7 85.0 88.0 1
    8  668  238   93 40.0 65.0 1
    7  664  238    0 40.0 90.0 1
    7  702  238   17 40.0 85.0 1
    6 1624  238    7 40.0 88.0 1
    6 3508   93   21 65.0 84.0 1
    6  629   73   10 70.0 87.0 1
    8 1064  102   73 63.0 70.0 1
    7  398   57   54 74.0 75.0 1
    8  405   57    0 74.0 90.0 1
    7  374   73   57 70.0 74.0 0
    8 1474  187  168 47.0 50.0 1
    6  602   81    3 68.0 89.0 1
    5  568  106    3 62.0 89.0 0
    7 2763  156    0 52.0 90.0 1
    7 1470   81    0 68.0 90.0 1
    6 3097  180   39 48.0 79.0 1
    6 1303  247   39 39.0 79.0 1
    7 1228  247   39 39.0 79.0 1
    7 1023  247    0 39.0 90.0 1
    7 1312  151    0 53.0 90.0 1
    8 2751   10    0 87.0 90.0 1
