 200  22   3  47
    9 2284    7    7 88.0 88.0 1
    9 1620    7    7 88.0 88.0 1
   11  431   32   32 81.0 81.0 1
    9 1222   61   10 73.0 87.0 1
    7 1310   43   10 78.0 87.0 0
    8 1415   61   43 73.0 78.0 1
    8 3465   43    0 78.0 90.0 1
    9 2615   61   54 73.0 75.0 1
    8 3164  115   21 60.0 84.0 1
   11 1013  115   21 60.0 84.0 1
    9 1456   43   21 78.0 84.0 1
   10  755   43   21 78.0 84.0 1
    8 1506  115   43 60.0 78.0 1
    8 2032   21    0 84.0 90.0 1
    9 2805   25    0 83.0 90.0 1
   10  850   43   25 78.0 83.0 1
   10 1401   98   43 64.0 78.0 1
    9 1457  115   25 60.0 83.0 1
    9 2880   98   43 64.0 78.0 1
    9 2373  111    0 61.0 90.0 1
   10 2105  111   98 61.0 64.0 1
   10  823  111   43 61.0 78.0 1
