 200  18   1  45
   10 3217   21   21 84.0 84.0 1
   11  715   39   39 79.0 79.0 0
   13 2612  297   21 34.0 84.0 1
   10 2225  297   39 34.0 79.0 1
   11 2413   39    0 79.0 90.0 1
   12 1474  297    0 34.0 90.0 1
   10  302   39   21 79.0 84.0 1
   13 2984  297    0 34.0 90.0 1
    9 2723  297   39 34.0 79.0 1
   13 3128   39    0 79.0 90.0 1
   11  525   21    0 84.0 90.0 1
   12 3223   21    0 84.0 90.0 1
   10 2854   21    0 84.0 90.0 1
   12 2747  297    0 34.0 90.0 1
   12 3041   21    0 84.0 90.0 1
   11 1458   39   21 79.0 84.0 1
   10 1338   39    0 79.0 90.0 0
   10 1384  297    0 34.0 90.0 1
