 200  22   1  46
    9  508   43   43 78.0 78.0 1
   10 1003   43   43 78.0 78.0 1
    9 1796   43   43 78.0 78.0 1
   11 1094   43   43 78.0 78.0 1
    9 1621  247  247 39.0 39.0 1
    8  750   43   43 78.0 78.0 1
    9 1128   43   43 78.0 78.0 0
    9 3073   43   43 78.0 78.0 1
    9 1241   43   43 78.0 78.0 1
   11 1577  247  247 39.0 39.0 1
   10  678   43   43 78.0 78.0 1
    9 1012  247   43 39.0 78.0 1
    7  661  247   43 39.0 78.0 1
   11  356   43   43 78.0 78.0 1
    9  510  247    0 39.0 90.0 1
   10  436   43    0 78.0 90.0 1
    8 1077   43    0 78.0 90.0 1
    9 1100  247    0 39.0 90.0 1
    8 3485  247    0 39.0 90.0 1
    8  636   43    0 78.0 90.0 1
    9  384   43    0 78.0 90.0 0
    8  501   43    0 78.0 90.0 1
