 200  28   1  46
    9 1755   28   28 82.0 82.0 1
    7 1093  247  247 39.0 39.0 0
    7 1179   89   89 66.0 66.0 1
    6 1490   28   28 82.0 82.0 1
    7 1318  162  162 51.0 51.0 1
    6 1285   14   14 86.0 86.0 1
    8 2772  162  162 51.0 51.0 1
    7 1760  180  180 48.0 48.0 1
    7 1696  193  193 46.0 46.0 1
    7  877  162  162 51.0 51.0 1
    8 1604  180  180 48.0 48.0 1
    8 3578   28   28 82.0 82.0 1
    7 1086  207  207 44.0 44.0 1
    7  406  162    0 51.0 90.0 1
    9 1159  180   89 48.0 66.0 1
    6 1285  207  162 44.0 51.0 1
    7  949   28   14 82.0 86.0 1
    9 1477  162   14 51.0 86.0 1
    7 1076  308   89 33.0 66.0 1
    6 1086   14    0 86.0 90.0 1
    7 1609  247  207 39.0 44.0 1
    6 1722  193   89 46.0 66.0 0
    6 1572  207  180 44.0 48.0 1
    7  591  207    0 44.0 90.0 1
    7  668  162    0 51.0 90.0 1
    7 1122   28    0 82.0 90.0 0
    8  600  193   14 46.0 86.0 1
    7 1180  193    0 46.0 90.0 1
