 200  15   3  47
   14 2130  130  130 57.0 57.0 1
   13 2062   89   89 66.0 66.0 1
   13  580  130   61 57.0 73.0 1
   13 2383  200   65 45.0 72.0 0
   14 3442   89    0 66.0 90.0 1
   12 2301  333   32 31.0 81.0 1
   15 2575  333    0 31.0 90.0 1
   12  694   61    0 73.0 90.0 0
   13 1889   17    0 85.0 90.0 1
   14  357   35    0 80.0 90.0 1
   12 2725   93   89 65.0 66.0 1
   14 2779  275    0 36.0 90.0 1
   15  758  275    0 36.0 90.0 1
   14 1720  275   93 36.0 65.0 1
   12 3229   93    0 65.0 90.0 1
