 200  26   1  45
    7 1085   98   98 64.0 64.0 1
    8  556   98   98 64.0 64.0 1
    7  409   65   65 72.0 72.0 1
    7  736   89   89 66.0 66.0 1
    6 1832  120  120 59.0 59.0 1
    8 2331  333  333 31.0 31.0 1
    8 2953  333  333 31.0 31.0 1
    9 2081  120  120 59.0 59.0 1
    9 1009   65   65 72.0 72.0 1
    8 3063  308  308 33.0 33.0 1
    6  746   98   98 64.0 64.0 1
    8 3038  333  333 31.0 31.0 1
    6 2773   98   17 64.0 85.0 1
    8 2710  120   17 59.0 85.0 0
    8  754  120   89 59.0 66.0 1
    7  543   89    0 66.0 90.0 1
    8 2748   98   89 64.0 66.0 1
    9 2220  333   17 31.0 85.0 0
    9 2373  308  120 33.0 59.0 1
    8  754   89    0 66.0 90.0 1
    9 2795   98    0 64.0 90.0 0
    6 3562  308  120 33.0 59.0 1
    8 1847   98    0 64.0 90.0 0
    6  745   89    0 66.0 90.0 1
    9 2088  333   17 31.0 85.0 1
    8 2371  333  120 31.0 59.0 0
