 200  29   1  46
    6  530  106  106 62.0 62.0 1
    8 1281  320  320 32.0 32.0 1
    8 1615   10   10 87.0 87.0 1
    7  575   17   17 85.0 85.0 1
    8 1678   17   17 85.0 85.0 1
    7  779   10   10 87.0 87.0 0
    7 1417  265  265 37.0 37.0 1
    6 1415  106  106 62.0 62.0 1
    9 1642  106  106 62.0 62.0 1
    7  661   10   10 87.0 87.0 1
    5  993  200  200 45.0 45.0 1
    8 1734  320  247 32.0 39.0 1
    7 1157  200   10 45.0 87.0 1
    6  870  320   17 32.0 85.0 1
    6 3079  265  106 37.0 62.0 0
    7 1208   10    0 87.0 90.0 1
    6 1028  265   17 37.0 85.0 1
    8  934  247  106 39.0 62.0 1
    8 1203   17   10 85.0 87.0 1
    6  898  247  106 39.0 62.0 1
    7  633  200   10 45.0 87.0 0
    6 1209   17    0 85.0 90.0 1
    6  818  265   17 37.0 85.0 1
    5  486   17   10 85.0 87.0 1
    7 1101  247   17 39.0 85.0 1
    7 1672  247   10 39.0 87.0 1
    7 1578  265  247 37.0 39.0 1
    9 1325  320  200 32.0 45.0 1
    6  433  106   10 62.0 87.0 1
