 200  29   1  45
    8 3241  115  115 60.0 60.0 1
    6 2188    3    3 89.0 89.0 1
    6 1263   21   21 84.0 84.0 1
    7 2999  115  115 60.0 60.0 1
    8 2021  145  145 54.0 54.0 1
    8 2660   98   98 64.0 64.0 0
    8 2464  115   98 60.0 64.0 1
    6  343  145    0 54.0 90.0 1
    6 1953  145    0 54.0 90.0 1
    7 1765   98    3 64.0 89.0 1
    7 1518    3    0 89.0 90.0 1
    6  525   98    0 64.0 90.0 1
    7  398   21    0 84.0 90.0 1
    7 3120   98   21 64.0 84.0 1
    7  665  145    0 54.0 90.0 1
    6 2513  115   98 60.0 64.0 1
    9 2585  145   21 54.0 84.0 1
    6 2408  115   65 60.0 72.0 1
    8 1426  115   98 60.0 64.0 1
    6 1429   21    3 84.0 89.0 1
    6 1793   65    3 72.0 89.0 1
    8 2182  115   98 60.0 64.0 1
    6  762    3    0 89.0 90.0 1
    7 1528  145    0 54.0 90.0 0
    7 3432  145   21 54.0 84.0 1
    7 2900  145   98 54.0 64.0 1
    6 2391  115   98 60.0 64.0 1
    6 2755  145    0 54.0 90.0 1
    8 3286   65    0 72.0 90.0 1
