 200  16   2  48
   14 1337   50    0 76.0 90.0 1
   12 2957  193    0 46.0 90.0 1
   11 1582  193   25 46.0 83.0 1
   12  469   57   50 74.0 76.0 1
   13  760  193   50 46.0 76.0 1
   12 1200  193   50 46.0 76.0 1
   11 1678   50   14 76.0 86.0 1
   11 1306  333   57 31.0 74.0 1
   14 1210   50    0 76.0 90.0 1
   12  823   81   25 68.0 83.0 1
   14  458   81   25 68.0 83.0 1
   14  949  168   25 50.0 83.0 1
   11 2030  200  168 45.0 50.0 1
   12  872  168   81 50.0 68.0 1
   13 2325   93   25 65.0 83.0 1
   14 3240   93    0 65.0 90.0 1
