 200  15   3  47
   14  444    7    0 88.0 90.0 1
   13  903  238    7 40.0 88.0 1
   15 2590  265  256 37.0 38.0 1
   14  639    7    0 88.0 90.0 1
   13 2717  265  238 37.0 40.0 1
   14 1906  222   69 42.0 71.0 1
   13  904  222    0 42.0 90.0 1
   13 2047   69    0 71.0 90.0 1
   13 1346   69    0 71.0 90.0 1
   13 2307  222   69 42.0 71.0 1
   13 2565   57   14 74.0 86.0 0
   14 1276  140    3 55.0 89.0 0
   12 1992  140   14 55.0 86.0 1
   12 1338  140    0 55.0 90.0 1
   14 1085  140   14 55.0 86.0 1
