 200  22   1  46
   10  321   77   77 69.0 69.0 1
   10 1592  162  162 51.0 51.0 1
   10  674  162  162 51.0 51.0 1
    8  550  156   77 52.0 69.0 1
   10  641   77    0 69.0 90.0 1
    8 1358  320  247 32.0 39.0 1
    9 1772   77    0 69.0 90.0 1
   11 2872  162  156 51.0 52.0 0
    8 1428  320  162 32.0 51.0 1
    8  844  320    0 32.0 90.0 0
    9  953  162    0 51.0 90.0 1
    8 3045  247   77 39.0 69.0 0
    8 1672  247  162 39.0 51.0 0
    8 1189  247  156 39.0 52.0 1
    9 1085  162   77 51.0 69.0 1
    8  728   77    0 69.0 90.0 1
   11  682  162   77 51.0 69.0 0
   10 1602  247    0 39.0 90.0 1
   10  373   77    0 69.0 90.0 1
   11  575  162    0 51.0 90.0 1
    8  613  162   77 51.0 69.0 1
    8  475  156   77 52.0 69.0 1
