 300  17   3  51
   33 2046   97   97 46.0 46.0 0
    9 3294   51   51 63.0 63.0 1
   35 1176   65    0 57.0 90.0 1
   34  960   97   75 46.0 53.0 1
   15 1482   75   65 53.0 57.0 1
    5  645  133    0 37.0 90.0 1
   25 3242  133    0 37.0 90.0 0
   27 1128   36    0 70.0 90.0 1
    8 1082  133    0 37.0 90.0 1
    3  599  133    0 37.0 90.0 1
   13 2688  133   36 37.0 70.0 1
    6 2495  154   55 33.0 61.0 0
   19  843  154   55 33.0 61.0 1
    6 3369  154    0 33.0 90.0 1
   28 2720  154   55 33.0 61.0 1
   20  801   55    0 61.0 90.0 1
   14 1070  154   60 33.0 59.0 1
