 300  28   1  50
   18  598   97   97 46.0 46.0 1
   10  836    2    2 89.0 89.0 1
    2  787    2    2 89.0 89.0 1
    9  350   84   84 50.0 50.0 1
    9 1516   67   67 56.0 56.0 1
    5  377    2    2 89.0 89.0 1
   15 1599   81   81 51.0 51.0 1
   10  729   84    2 50.0 89.0 1
   17 1469  173   84 30.0 50.0 1
    7 3425  173   84 30.0 50.0 1
    1 1697   97    0 46.0 90.0 1
   16  450   81    2 51.0 89.0 1
   19  759   97   67 46.0 56.0 0
   12 1789   97    2 46.0 89.0 1
   19  672   81    0 51.0 90.0 1
    5 3474   84   81 50.0 51.0 1
    1 1022   84   81 50.0 51.0 1
   14  395   97   84 46.0 50.0 1
   11  777   97    2 46.0 89.0 1
   11 1571   97   67 46.0 56.0 1
    6  368   81    0 51.0 90.0 1
   11  705   84   67 50.0 56.0 0
   14 1712   81   67 51.0 56.0 1
   13 1610   84   67 50.0 56.0 1
   17  991   84    2 50.0 89.0 1
    6  303   97    2 46.0 89.0 1
    7 1191   81   67 51.0 56.0 1
   15 1179   97    0 46.0 90.0 1
