 300  20   3  52
   16 1009    5    5 87.0 87.0 1
   12  482   27   11 75.0 84.0 1
   26 1374  133   27 37.0 75.0 1
    8  784  133    0 37.0 90.0 1
   14 2972   11    5 84.0 87.0 1
   20 1173  160   11 32.0 84.0 0
   23 1370    5    0 87.0 90.0 1
   27 1836  100   58 45.0 60.0 1
   10 2224  115    0 41.0 90.0 1
    1  665  115   70 41.0 55.0 1
   26 2199   84   19 50.0 79.0 1
    1 2160   84    7 50.0 86.0 1
    5  521  100   62 45.0 58.0 1
    9 3229  100    0 45.0 90.0 1
   17 3547  128  123 38.0 39.0 1
    7 1615  123    0 39.0 90.0 1
   22 1608  128    0 38.0 90.0 0
   26 1162  128  123 38.0 39.0 0
   11 2769  128  123 38.0 39.0 1
   19 1063  123    0 39.0 90.0 1
