 300  29   4  52
   17  882  154  154 33.0 33.0 1
   14 1055  154  154 33.0 33.0 1
   13 1062  154    0 33.0 90.0 1
   18 1128  143  128 35.0 38.0 1
   15 1457  154  143 33.0 35.0 1
   17  504  128   87 38.0 49.0 1
   19 3384  154  111 33.0 42.0 1
    3  622   51   34 63.0 71.0 1
   20 2377   34   31 71.0 73.0 1
   10  891   49   34 64.0 71.0 1
   16 2404   49   42 64.0 67.0 1
   11 1039   51    0 63.0 90.0 1
    1 1473   51   31 63.0 73.0 1
    1 1800   51    0 63.0 90.0 1
    1 1265   42   34 67.0 71.0 1
   17 1473  173   67 30.0 56.0 1
   19  838   67   65 56.0 57.0 0
    1  912  173   65 30.0 57.0 1
    6 2946  173   65 30.0 57.0 1
    4  349   67    0 56.0 90.0 1
    8  860   65   34 57.0 71.0 1
    6 3562  115    0 41.0 90.0 1
    9  751   32   23 72.0 77.0 1
    3 1675  115   73 41.0 54.0 1
   12  380   73   32 54.0 72.0 1
    9 1310  115   32 41.0 72.0 1
    8  321   73   32 54.0 72.0 1
    5 1339   32   23 72.0 77.0 1
   17 2848   73    0 54.0 90.0 1
