 300  23   4  51
    1 3562   40   40 68.0 68.0 1
   18 2103  148   40 34.0 68.0 1
   12 3333  166    0 31.0 90.0 1
   21  585  123    0 39.0 90.0 1
   23 1342  148   60 34.0 59.0 1
   19 1057  100   40 45.0 68.0 1
    1  818   97   40 46.0 68.0 1
   25 1523   97    0 46.0 90.0 1
   19 2589   97    0 46.0 90.0 1
   21 2664  100   40 45.0 68.0 1
   10 2829   97   40 46.0 68.0 1
   15 3158   70   60 55.0 59.0 1
    1 2057   60    0 59.0 90.0 1
   20 1151   60   34 59.0 71.0 1
    6 1806   78   58 52.0 60.0 1
   18 3172   58    0 60.0 90.0 1
    1 3155   70   34 55.0 71.0 0
   20 2926  138   18 36.0 80.0 1
   15 3556   60    5 59.0 87.0 1
   10 1090   70    5 55.0 87.0 1
   11 3042   60    0 59.0 90.0 1
    4 2363    5    5 87.0 87.0 1
    9 1858   70    0 55.0 90.0 1
