 300  25   4  52
   11 2974   90   90 48.0 48.0 1
   21  590    2    2 89.0 89.0 0
   22  823  138  138 36.0 36.0 1
    9 1479  107    0 43.0 90.0 0
    1 2830  107   49 43.0 64.0 1
    1 1252   49    0 64.0 90.0 1
   11 2286  119   16 40.0 81.0 1
   18 2157   19   11 79.0 84.0 0
   11  503  119   87 40.0 49.0 1
    7 1477   73   19 54.0 79.0 1
    8  702  154  119 33.0 40.0 1
    7  662   87   73 49.0 54.0 1
    5  358   36    0 70.0 90.0 1
   12 2480  133    0 37.0 90.0 1
   19  437  133    7 37.0 86.0 1
   18 2325   67    0 56.0 90.0 1
   12 3074   36    7 70.0 86.0 1
   23 1315   14    7 82.0 86.0 1
   14 1509   31   27 73.0 75.0 1
    9 1036   32    0 72.0 90.0 1
   11 3532  111   75 42.0 53.0 1
   11  966   75   27 53.0 75.0 1
   11 1497   32   27 72.0 75.0 0
   13  759   27    0 75.0 90.0 1
   15 3373  111   32 42.0 72.0 1
