 300  20   1  49
    8 2739   11   11 84.0 84.0 1
    5  787  119  119 40.0 40.0 0
   25 1272  154  154 33.0 33.0 1
   13 2319   45   45 66.0 66.0 1
    2  656   11   11 84.0 84.0 1
   12  448   27   27 75.0 75.0 1
   23 1819  154   11 33.0 84.0 1
   12 2563  104   45 44.0 66.0 1
   17 1803  119   38 40.0 69.0 1
   14  473  104   38 44.0 69.0 1
    3 2222   11   11 84.0 84.0 1
   18 1569   45   11 66.0 84.0 1
   15 1365   38   11 69.0 84.0 1
   26 1046  119  104 40.0 44.0 1
    7  833  154    0 33.0 90.0 1
   24 1824   38    0 69.0 90.0 1
    7 1032  154   11 33.0 84.0 0
   25 1696   27   11 75.0 84.0 1
   29  329  104   38 44.0 69.0 1
   15 1218  104   45 44.0 66.0 1
