 300  25   1  49
    6  790    3    3 88.0 88.0 0
   23  922   31   31 73.0 73.0 1
    5 1436   31   31 73.0 73.0 1
   23  783    3    3 88.0 88.0 1
   21  753    3    3 88.0 88.0 1
    2 1878  100  100 45.0 45.0 1
   24 3350   31   31 73.0 73.0 1
    6 2134  100  100 45.0 45.0 1
    1 2393  100   31 45.0 73.0 0
   19 3472   31    3 73.0 88.0 1
    4  975  100    0 45.0 90.0 0
   18  374  100    3 45.0 88.0 0
    4  886   31    0 73.0 90.0 1
    3 3183   31    0 73.0 90.0 1
   23 3191   31    0 73.0 90.0 1
   21 1146   31    0 73.0 90.0 1
   21 2978  100   31 45.0 73.0 1
   12 2597  100    3 45.0 88.0 1
    2 2058    3    0 88.0 90.0 1
   15  913    3    0 88.0 90.0 1
    9 1012  100    3 45.0 88.0 1
    3 1933    3    0 88.0 90.0 0
   23 3423  100   31 45.0 73.0 1
    2 2652   31    0 73.0 90.0 1
   10 1794   31    0 73.0 90.0 1
