 300  26   1  49
   18 2656   36   36 70.0 70.0 1
   23 2697   97   97 46.0 46.0 1
    2 2635   29   29 74.0 74.0 1
   11 2418   36   36 70.0 70.0 0
   16 3197   36   36 70.0 70.0 1
   13  984   36   36 70.0 70.0 1
   16 2196   36   36 70.0 70.0 1
    1 2272   29    0 74.0 90.0 1
    5 2983   97    0 46.0 90.0 0
   21 1130   97   29 46.0 74.0 1
    9 1515   97   29 46.0 74.0 0
   21 3444   97    0 46.0 90.0 1
    8 1194   97    0 46.0 90.0 1
    9 2661   36    0 70.0 90.0 1
   10 1234   97   36 46.0 70.0 1
    8  463   97    0 46.0 90.0 1
    4 1708   36   29 70.0 74.0 1
    1 3437   97   36 46.0 70.0 1
   20 2380   97   36 46.0 70.0 1
   22  438   97    0 46.0 90.0 1
    5 3428   36    0 70.0 90.0 1
   22  429   29    0 74.0 90.0 1
    7  411   97   36 46.0 70.0 1
    6 3580   97    0 46.0 90.0 1
   12 1605   36    0 70.0 90.0 0
   10 3258   29    0 74.0 90.0 1
