 300  20   1  50
   14  419   38   38 69.0 69.0 1
   15  915   34    0 71.0 90.0 1
   27  657    7    0 86.0 90.0 1
   16  537   19    7 79.0 86.0 1
   18  836  160    0 32.0 90.0 1
    3 1287   19    7 79.0 86.0 1
    7 1144   38   19 69.0 79.0 1
    5  898   78   34 52.0 71.0 1
   26  739   78   34 52.0 71.0 1
   16 1196  123   38 39.0 69.0 0
   12  438   38   34 69.0 71.0 1
   30 3408   38    7 69.0 86.0 0
    4 1366   78   34 52.0 71.0 1
    2  309   78   34 52.0 71.0 1
   15  869  123   19 39.0 79.0 1
   18 1202  123   38 39.0 69.0 1
    4  808   78   19 52.0 79.0 0
   18 2997  160    0 32.0 90.0 1
   28  979   19    0 79.0 90.0 1
   22  636  123   38 39.0 69.0 1
