 300  16   2  52
   31 1243   14   14 82.0 82.0 0
    7 3327   97   90 46.0 48.0 1
   20 1610  119   14 40.0 82.0 1
   11 3420  119   14 40.0 82.0 1
   13  574  119   90 40.0 48.0 1
   10  527   90    0 48.0 90.0 1
   14 1708   90   14 48.0 82.0 0
   21  969   90    0 48.0 90.0 1
   32 3207  111    2 42.0 89.0 1
   34 1148   73    2 54.0 89.0 1
   16 2924   73   73 54.0 54.0 1
   18  903  115    2 41.0 89.0 1
   24  479   73    0 54.0 90.0 0
    4 1249  119  111 40.0 42.0 1
   26  871   73   62 54.0 58.0 1
   19 1724   73    2 54.0 89.0 0
