 300  22   1  49
   15 2852   31   31 73.0 73.0 1
   18 3101  160  160 32.0 32.0 1
   19 1774   31   31 73.0 73.0 1
   16  753   31    0 73.0 90.0 0
   13  524  160    0 32.0 90.0 1
   16 1427  160   31 32.0 73.0 0
   21 1214  160    0 32.0 90.0 1
   23  910  160   31 32.0 73.0 1
    6 2610   31    0 73.0 90.0 1
    3 3277  160   31 32.0 73.0 1
   15 2587   31    0 73.0 90.0 0
    7 3387  160    0 32.0 90.0 1
   10 2472   31    0 73.0 90.0 1
   13 1165   31    0 73.0 90.0 1
   20 2289  160    0 32.0 90.0 1
   11 1814   31    0 73.0 90.0 1
    5 3569  160    0 32.0 90.0 1
   15 3466  160    0 32.0 90.0 1
    9 1955   31    0 73.0 90.0 0
    9 3060  160    0 32.0 90.0 1
   16 3054  160    0 32.0 90.0 1
   20 2209  160    0 32.0 90.0 1
