 300  18   3  52
   20 1088   49   49 64.0 64.0 1
    5  760   84   27 50.0 75.0 1
   15 3104   84   60 50.0 59.0 1
   11 3343   84    0 50.0 90.0 1
    3  842  173  123 30.0 39.0 0
   10 2718  138   93 36.0 47.0 1
   23 1745   53   21 62.0 78.0 1
   33 1533   53   34 62.0 71.0 1
   33 1644   47    0 65.0 90.0 0
    5  874   12    0 83.0 90.0 0
    1 1256   12    0 83.0 90.0 1
   33 1634  138   53 36.0 62.0 1
    3 1535   93   47 47.0 65.0 1
    8  494  119   53 40.0 62.0 1
   22 1792   53   29 62.0 74.0 1
   28 3321   53    0 62.0 90.0 1
   19 2742  119   53 40.0 62.0 1
   28  956   53   29 62.0 74.0 1
