 300  28   5  52
   10 1364   51   51 63.0 63.0 1
   17 1572   81   67 51.0 56.0 0
    1 2713    3    0 88.0 90.0 0
   11 3214   67   29 56.0 74.0 1
   17  695   78   67 52.0 56.0 1
   19  814    2    0 89.0 90.0 1
    1  865   23    5 77.0 87.0 1
    8 3022   55    0 61.0 90.0 0
    6 3184   23    2 77.0 89.0 1
   16  691   73   23 54.0 77.0 1
    4 1631   27   18 75.0 80.0 1
   15  686   18    0 80.0 90.0 1
   16 2181   75   18 53.0 80.0 0
    6 1193   75   27 53.0 75.0 1
   15 1555   18    0 80.0 90.0 1
    6 2997   75   36 53.0 70.0 1
   20  969  123    2 39.0 89.0 0
    5 3534    2    0 89.0 90.0 1
    8 3033    2    0 89.0 90.0 1
    4  968    2    0 89.0 90.0 0
   18 1002    2    0 89.0 90.0 1
    7 1227    2    0 89.0 90.0 1
   14 3006   34    0 71.0 90.0 0
   15 1677  154    0 33.0 90.0 1
    2 1667   90    0 48.0 90.0 1
   12  837   34   21 71.0 78.0 1
   20 1441  154   34 33.0 71.0 1
    7 1568  148   34 34.0 71.0 1
