 300  24   2  52
    5  374   58   58 60.0 60.0 1
   14  992  154  154 33.0 33.0 0
   20 1429  154  154 33.0 33.0 1
   21  781  154   58 33.0 60.0 1
    6  398  154   29 33.0 74.0 1
    6 3357  154   58 33.0 60.0 0
   16 2956  154    0 33.0 90.0 1
    8 1681  154    0 33.0 90.0 1
   10  942  104   47 44.0 65.0 1
   18 2828    2    0 89.0 90.0 1
    1 1246  160   90 32.0 48.0 1
   12 1158  119   47 40.0 65.0 0
    8 1679   47    2 65.0 89.0 1
   16 1794  104   90 44.0 48.0 1
   18  530  119    2 40.0 89.0 1
   19  368   47    0 65.0 90.0 1
    5  504   90    2 48.0 89.0 1
   14 1077   47    0 65.0 90.0 1
   15 1229   90   90 48.0 48.0 1
   20  513  160   90 32.0 48.0 1
   13  892  160   90 32.0 48.0 1
    1  315   90    9 48.0 85.0 1
   15  671  119    2 40.0 89.0 1
   19 1350  119   47 40.0 65.0 1
