 300  30   1  50
    3 1074   70   70 55.0 55.0 1
    6 1672   27   27 75.0 75.0 1
   16  594   27   27 75.0 75.0 1
   14 1350   70   70 55.0 55.0 1
   15  710  119  119 40.0 40.0 1
    9  804  119  119 40.0 40.0 1
    1 1546  119  119 40.0 40.0 1
   13  620   93   93 47.0 47.0 1
    7  777   27   27 75.0 75.0 1
   18 1515   27    0 75.0 90.0 0
   16  630   70    0 55.0 90.0 1
    8  357   27    0 75.0 90.0 1
    7  410  119   70 40.0 55.0 1
    9 1788   93   27 47.0 75.0 1
    4  756   93   70 47.0 55.0 1
    3 1651   70   27 55.0 75.0 0
    1 2783   70   27 55.0 75.0 1
   17  896  119   70 40.0 55.0 1
   19 1673   70   27 55.0 75.0 1
   12 1675   93   27 47.0 75.0 1
    8  629  119   27 40.0 75.0 1
   20 1086   93    0 47.0 90.0 1
    8  779   27    0 75.0 90.0 1
    3 1511  119    0 40.0 90.0 1
    3  825   70    0 55.0 90.0 1
    9 1230  119    0 40.0 90.0 1
   21  449   70    0 55.0 90.0 0
    9  606   70   27 55.0 75.0 1
    4 1203   93   27 47.0 75.0 1
   17  350   93   27 47.0 75.0 1
