 300  23   1  50
   21 1043  148  148 34.0 34.0 1
   18 1556    5    0 87.0 90.0 1
   15 1022   49    0 64.0 90.0 1
   13 1180   55   49 61.0 64.0 1
   14  466   49    0 64.0 90.0 1
   14 1781   55    0 61.0 90.0 1
   16  482  148   90 34.0 48.0 1
   16 2892   90   14 48.0 82.0 1
    1  987  148   14 34.0 82.0 0
   19  810  148   90 34.0 48.0 1
   13  356   90   55 48.0 61.0 1
   15 1751   49    0 64.0 90.0 1
    2  482   55    5 61.0 87.0 1
    1 1570   55    0 61.0 90.0 1
    9 1759   90   55 48.0 61.0 1
   22  455   90    0 48.0 90.0 0
   18 1394  148   55 34.0 61.0 1
    9  347   55    0 61.0 90.0 0
   14 1308   14    5 82.0 87.0 1
   15 3172  148    5 34.0 87.0 1
   14  819   14    0 82.0 90.0 1
   10 1366   55    0 61.0 90.0 1
   11  847  148   14 34.0 82.0 1
