 300  26   5  51
    6  479    2    2 89.0 89.0 1
   16 3172    2    2 89.0 89.0 1
   13 1237   38    0 69.0 90.0 1
    1  901  100    2 45.0 89.0 1
   20  919  100   38 45.0 69.0 1
   22 3067  128    0 38.0 90.0 1
   21 2790  107    0 43.0 90.0 1
   10 1796  160  107 32.0 43.0 1
    4 2571  160  107 32.0 43.0 0
   13 3440  160    0 32.0 90.0 0
   13 1780   78   12 52.0 83.0 1
    9  732   78   12 52.0 83.0 1
   11 3078   12    0 83.0 90.0 1
   12 1869   12   11 83.0 84.0 0
   13 1349   11    0 84.0 90.0 0
   14 1859  107   75 43.0 53.0 1
   16 2514  107   40 43.0 68.0 1
    3 3251  107   75 43.0 53.0 1
    8 1824  133  107 37.0 43.0 1
   18 2154  107    0 43.0 90.0 1
    5 2111  100   14 45.0 82.0 0
    5  812   75   31 53.0 73.0 1
   19 3514  115   58 41.0 60.0 1
    6 1694   21    0 78.0 90.0 1
   12 2220  143   75 35.0 53.0 1
   10 2184  143   31 35.0 73.0 1
