 300  17   1  50
    9  494   65   65 57.0 57.0 1
   30  326   65   65 57.0 57.0 0
    5 1147  154  154 33.0 33.0 1
    2 3214   18   18 80.0 80.0 1
   28 1737   18   18 80.0 80.0 1
   29 2774  148  148 34.0 34.0 1
    3  861   42   42 67.0 67.0 1
   24  997  154   18 33.0 80.0 1
    1 1365  154   65 33.0 57.0 1
   26  454   65   42 57.0 67.0 1
   41  948  148   42 34.0 67.0 0
    7 1013  148   65 34.0 57.0 1
    3 1208  154  148 33.0 34.0 1
    6  787  154  148 33.0 34.0 1
   29  739   65   42 57.0 67.0 1
   38  461   65   42 57.0 67.0 1
   19  539  154   42 33.0 67.0 1
