 300  18   3  52
   23  850  138  138 36.0 36.0 0
   10  375   73    0 54.0 90.0 1
   24 1566  138   90 36.0 48.0 1
   20 1754  138    0 36.0 90.0 1
    3 3078   32    0 72.0 90.0 1
    1  399   32    0 72.0 90.0 1
    8  517   73    0 54.0 90.0 1
    7 1225   87    0 49.0 90.0 1
   12 1555   81    0 51.0 90.0 1
   21 1280  143  111 35.0 42.0 1
   24 1376  111   45 42.0 66.0 1
   26 3083  143  111 35.0 42.0 1
   24 3411   87   81 49.0 51.0 1
   28  510   45   27 66.0 75.0 1
   28 3586   49    9 64.0 85.0 1
   18 3449   27    9 75.0 85.0 1
   18  719   45    9 66.0 85.0 1
    5  380   45    0 66.0 90.0 1
