 300  24   1  49
   27 1326   62   62 58.0 58.0 1
   17 1653   38   38 69.0 69.0 1
   17 1539   62   62 58.0 58.0 1
   16  703   62   62 58.0 58.0 1
    1 2577   55   55 61.0 61.0 1
   12 2482   31   31 73.0 73.0 0
   10  328   55   55 61.0 61.0 1
   23 3471   31   31 73.0 73.0 1
   18 3142   55   55 61.0 61.0 1
   15 3285   62   62 58.0 58.0 1
    7  853   55   55 61.0 61.0 1
    3 2039   62   31 58.0 73.0 1
    9 2891   47    0 65.0 90.0 1
   14 2075   38   31 69.0 73.0 0
   19  512   62   47 58.0 65.0 1
    8 3218   55    0 61.0 90.0 1
   18 1527   47   31 65.0 73.0 1
    9 2184   47   31 65.0 73.0 1
   10 1335   55   38 61.0 69.0 1
    5 2705   47    0 65.0 90.0 1
    8 2835   47   38 65.0 69.0 1
    6 1115   38    0 69.0 90.0 1
    5  754   47   38 65.0 69.0 1
   23  676   47   38 65.0 69.0 1
