 300  18   2  51
   26  319   25   25 76.0 76.0 1
    9  662   75   75 53.0 53.0 1
    6 2819   25   25 76.0 76.0 1
   31 2002  154  154 33.0 33.0 0
    1  305   75   75 53.0 53.0 1
   16 2709  154    0 33.0 90.0 0
   29 3550   25    0 76.0 90.0 1
    6 3438  154    0 33.0 90.0 1
   12 1893   81    0 51.0 90.0 1
   15  837  111   25 42.0 76.0 1
   21 2929  154    0 33.0 90.0 1
   24 2321   58   45 60.0 66.0 1
    2 1716  166  119 31.0 40.0 1
   26 1615    9    0 85.0 90.0 1
   19  648  119   78 40.0 52.0 1
   36 3160  166   34 31.0 71.0 0
    4  959  166  119 31.0 40.0 1
   17  954  166  104 31.0 44.0 1
