 300  16   2  52
    1  594  100  100 45.0 45.0 1
   17 1645  100  100 45.0 45.0 1
    4 1509   18   18 80.0 80.0 1
   17 1293   11   11 84.0 84.0 1
   29  691  100    0 45.0 90.0 1
   19  468  100   11 45.0 84.0 1
   14  668  100    0 45.0 90.0 1
   23 3481  100   42 45.0 67.0 1
   33  730   18    0 80.0 90.0 1
   29 1498   34   29 71.0 74.0 1
   11 2993   45    0 66.0 90.0 1
   18  341  107   19 43.0 79.0 1
   29 1581  115   29 41.0 74.0 1
   21 3440  133  107 37.0 43.0 1
   13 1445  133  107 37.0 43.0 1
   22 1669  133  115 37.0 41.0 1
