 300  15   3  52
   19  539  148   21 34.0 78.0 1
   28 1558  148   21 34.0 78.0 1
   32 3587   21    0 78.0 90.0 1
   26 1692  148   55 34.0 61.0 1
   12 3517   21    0 78.0 90.0 1
   44 2951  148    0 34.0 90.0 1
   33  861   38   23 69.0 77.0 1
   14  781  148   47 34.0 65.0 1
    1 1496   38    0 69.0 90.0 1
    8  398  148   14 34.0 82.0 1
   37 1718   90   31 48.0 73.0 1
   22 1671   81   31 51.0 73.0 1
    5  775   81    0 51.0 90.0 1
    7 3144   90   31 48.0 73.0 1
   12  331   90    0 48.0 90.0 1
