 300  29   3  51
    4  486    2    2 89.0 89.0 1
   11 1375   97   97 46.0 46.0 1
   20 3539   55   55 61.0 61.0 1
   14 2954    2    2 89.0 89.0 0
    6 1671   97   55 46.0 61.0 1
   21 2178   97   36 46.0 70.0 0
    1 1541  133   73 37.0 54.0 1
   17 1993  133   73 37.0 54.0 1
    1  978   16    0 81.0 90.0 1
    8 2690   45    7 66.0 86.0 0
    7 3021  119    0 40.0 90.0 1
   18 3411    7    0 86.0 90.0 1
    3 2047   16    0 81.0 90.0 1
   14 2348   84    0 50.0 90.0 0
   15 2346   45    0 66.0 90.0 1
    9  367  119    7 40.0 86.0 1
   14 3412   38   23 69.0 77.0 1
    1 1578   38   31 69.0 73.0 1
   14  963   45   23 66.0 77.0 1
   10 1252   23    0 77.0 90.0 1
    6 1035   23    3 77.0 88.0 1
   13  976   45   16 66.0 81.0 1
   20 2853  138   73 36.0 54.0 1
    9 3206   73   11 54.0 84.0 1
    4 1231  138   11 36.0 84.0 1
    3 3185  138    7 36.0 86.0 1
   15 2294  143   11 35.0 84.0 1
    9 1492  138   11 36.0 84.0 1
   13  351  143    0 35.0 90.0 1
