 300  30   1  49
   21 1732   60   60 59.0 59.0 1
   10 2268   84   84 50.0 50.0 1
    3 1526  160  160 32.0 32.0 1
    1 3476   87   87 49.0 49.0 1
    3 3495   84   84 50.0 50.0 1
   12 2418   60   60 59.0 59.0 1
   19 2866   87   87 49.0 49.0 1
    7 3135   18   18 80.0 80.0 1
   16 2564   87   18 49.0 80.0 1
   10 1794  160    0 32.0 90.0 1
   19 3033   60    0 59.0 90.0 0
   19  920   87    0 49.0 90.0 0
    4 2048   87   18 49.0 80.0 1
    3 1445  160   60 32.0 59.0 1
    5  660  160   84 32.0 50.0 1
    1 2927   60   18 59.0 80.0 0
    7 2648   87   18 49.0 80.0 1
    9 3380   87    0 49.0 90.0 1
   18 1249  160   21 32.0 78.0 1
    3 1403  160   21 32.0 78.0 1
   12 2924  160   87 32.0 49.0 1
   21 1035   60    0 59.0 90.0 1
    2  870  160   84 32.0 50.0 1
    6 2826   21    0 78.0 90.0 1
    8 3464   60   21 59.0 78.0 1
   16  923   84    0 50.0 90.0 1
   11 3241  160   18 32.0 80.0 0
    1 1555   84   60 50.0 59.0 1
   21 2640   87   60 49.0 59.0 1
   12 1640   87   18 49.0 80.0 1
