 300  23   1  49
   19  425   18   18 80.0 80.0 1
    4 2773  107   90 43.0 48.0 1
    3 1663   16    0 81.0 90.0 1
   23 3280   55   11 61.0 84.0 0
   22 2984   75   55 53.0 61.0 1
   24 2673   90   16 48.0 81.0 1
    7 1808  107   75 43.0 53.0 1
   26 3067   16    0 81.0 90.0 1
   14 2404   75    0 53.0 90.0 1
   21 2182   18    0 80.0 90.0 1
    1 3105   90    0 48.0 90.0 1
   19  982   18   16 80.0 81.0 1
    1 1574   12    0 83.0 90.0 1
   13 3333  107   55 43.0 61.0 0
   19  659   75   55 53.0 61.0 1
    3 3530   12   11 83.0 84.0 1
    1 2239   90   16 48.0 81.0 1
   13  906   90   18 48.0 80.0 1
   11 2430   75   18 53.0 80.0 1
   15 2872   75   18 53.0 80.0 1
   15 2874   18    0 80.0 90.0 1
    3 1741   75   55 53.0 61.0 1
   23  996  107   55 43.0 61.0 1
