 300  28   1  50
    7 1444   32    7 72.0 86.0 1
   18  609   42   31 67.0 73.0 1
    9 1543   42   32 67.0 72.0 1
    9  445   32    0 72.0 90.0 1
   13  892    5    0 87.0 90.0 1
   16  479    7    5 86.0 87.0 1
    9  754   42   31 67.0 73.0 1
    9  819   42    5 67.0 87.0 1
   21 1634   42    0 67.0 90.0 1
    1 1163   60   31 59.0 73.0 0
   19 1001   60   42 59.0 67.0 1
    7 1117   60   42 59.0 67.0 1
   13 1227   60   32 59.0 72.0 0
   17  300   42    5 67.0 87.0 1
   21 1228    7    0 86.0 90.0 1
   13 1494   32   31 72.0 73.0 1
    8  691   42    7 67.0 86.0 1
   10  338   60   31 59.0 73.0 1
    2 1400   32    5 72.0 87.0 1
   19 1381    7    0 86.0 90.0 0
    1 1423   32    5 72.0 87.0 1
   17  395   60   32 59.0 72.0 1
    5  460   42    7 67.0 86.0 1
    1 1305   42   32 67.0 72.0 1
    2  324    7    5 86.0 87.0 1
    4 1277   60    5 59.0 87.0 1
   12  832   42    5 67.0 87.0 1
   17 2930   42   32 67.0 72.0 1
