 300  18   1  49
   11 2590   55   55 61.0 61.0 1
   24 2808    7    7 86.0 86.0 1
   24 1403    7    7 86.0 86.0 1
    9 1298    7    7 86.0 86.0 1
   10 2642    7    7 86.0 86.0 1
    5 1291   55   55 61.0 61.0 1
   26  471    7    7 86.0 86.0 1
   23 2081    7    7 86.0 86.0 0
   12 1169  138    0 36.0 90.0 1
   28 2618    7    7 86.0 86.0 1
   19 1788   55    7 61.0 86.0 1
   18 1452  138    7 36.0 86.0 1
   25 3039    7    0 86.0 90.0 1
    9 2800  138    7 36.0 86.0 1
   16 2768   55    7 61.0 86.0 1
   24 3189    7    0 86.0 90.0 0
    1 2077  138    7 36.0 86.0 1
   16 1634    7    7 86.0 86.0 1
