 300  20   1  49
   24 1653   90   90 48.0 48.0 1
    4 2095   51   51 63.0 63.0 1
   22  317   67   67 56.0 56.0 1
   20 3448  115  115 41.0 41.0 1
   16 3232  115  115 41.0 41.0 0
   16  665  115   67 41.0 56.0 1
   17  694   90    0 48.0 90.0 1
    8 2367   51   51 63.0 63.0 1
   15  349  115    0 41.0 90.0 1
    4  652  115   90 41.0 48.0 1
   22 3122  115   67 41.0 56.0 1
   15 2950  115    0 41.0 90.0 1
   18 2998   90   67 48.0 56.0 1
   18 3226   51   51 63.0 63.0 1
   18 2653  115   90 41.0 48.0 1
    6 2205   90   51 48.0 63.0 1
   19 2506   90   51 48.0 63.0 0
    3 2638  115   67 41.0 56.0 1
   23 2692  115    0 41.0 90.0 1
   12  410  115   90 41.0 48.0 1
