 300  23   3  51
    4 2547   11   11 84.0 84.0 1
   17 1047  154   11 33.0 84.0 1
    4 1844  154   11 33.0 84.0 1
   10 1069   11    0 84.0 90.0 1
   24  868  154    0 33.0 90.0 1
   23  321  154    0 33.0 90.0 1
   24 1597  154   31 33.0 73.0 1
    5  892   84    0 50.0 90.0 1
    2 2315   16    0 81.0 90.0 1
   12 1668  128   84 38.0 50.0 1
   11 2914   84    0 50.0 90.0 1
   15 1612   84    0 50.0 90.0 0
    7 1808   16    0 81.0 90.0 1
   16 2440   84   16 50.0 81.0 1
    2 2937   16    0 81.0 90.0 0
   15 1627   84   16 50.0 81.0 1
   15 3075  166    3 31.0 88.0 1
   21 1852    7    0 86.0 90.0 1
    7 3301   70    0 55.0 90.0 1
   10 2517  166  148 31.0 34.0 1
   20  740   70    0 55.0 90.0 1
   15  334   70    3 55.0 88.0 1
   21  402    3    0 88.0 90.0 1
