 300  24   1  49
   23 1356   21   21 78.0 78.0 1
   10 1318   93   93 47.0 47.0 0
    9 3004   93    0 47.0 90.0 1
   19 1414   84   62 50.0 58.0 1
   23 2729   84   62 50.0 58.0 1
   21 3475   93   62 47.0 58.0 1
   10 2701   93    0 47.0 90.0 1
   20 1832   62   21 58.0 78.0 1
   24 1672   21    0 78.0 90.0 1
    4 1769   62    0 58.0 90.0 1
    9 2560   84   21 50.0 78.0 1
   15  652   62   21 58.0 78.0 1
   11  925   93   62 47.0 58.0 1
    5 3373   93    0 47.0 90.0 1
   13 2505  111    0 42.0 90.0 1
   10 1310   93   84 47.0 50.0 1
    5 2042   93   21 47.0 78.0 1
   14 2655   21    0 78.0 90.0 1
   11 2208   93   62 47.0 58.0 1
    4 1549  111   93 42.0 47.0 1
    2  933  111   84 42.0 50.0 1
   18  783   93    0 47.0 90.0 1
    4 1522   62   21 58.0 78.0 1
   16 2378   84   62 50.0 58.0 1
