 300  30   4  51
   10 1293   32   32 72.0 72.0 1
   14 2303   55    0 61.0 90.0 1
   15  979   78   55 52.0 61.0 1
    8 1099   78    0 52.0 90.0 1
   13  644   55    0 61.0 90.0 1
    5 1045   32    0 72.0 90.0 1
   15  420   73   42 54.0 67.0 1
   12 2417   73   42 54.0 67.0 1
    8 2852   42    0 67.0 90.0 1
   16  550   73    0 54.0 90.0 0
    7 2714   73   42 54.0 67.0 1
   12 2882   73    0 54.0 90.0 1
   15  714   73   42 54.0 67.0 0
    4 2492   73    0 54.0 90.0 1
   17  769   73   51 54.0 63.0 1
    1 2580   73    0 54.0 90.0 1
    7  860   51    0 63.0 90.0 1
   16 1891   73    0 54.0 90.0 1
   13  512   73    0 54.0 90.0 1
    5 1734   73    0 54.0 90.0 1
    2  321   73   51 54.0 63.0 1
    5 2107   47   11 65.0 84.0 1
    4 1653   27    0 75.0 90.0 1
   14 2443   47   27 65.0 75.0 1
    6 3396   47   11 65.0 84.0 1
   17 3534   47    0 65.0 90.0 1
    6 2333   60    3 59.0 88.0 1
   17 1136   47    0 65.0 90.0 1
    2 3409   47    0 65.0 90.0 1
   14 1957   11    3 84.0 88.0 1
