 300  17   1  50
   18 1041   62   62 58.0 58.0 1
   24  709   75   65 53.0 57.0 1
   12  968   65    0 57.0 90.0 1
   27 1409   75    0 53.0 90.0 1
    3 1482   65    0 57.0 90.0 1
   28 1716   65   62 57.0 58.0 1
    8  954   62    0 58.0 90.0 1
   29 1044   75    0 53.0 90.0 0
   11  604  128    0 38.0 90.0 1
   11 1470  128   65 38.0 57.0 0
   22 1197   62    0 58.0 90.0 1
   24 1641  128   62 38.0 58.0 1
   23  510  128   75 38.0 53.0 1
    3  679  128   65 38.0 57.0 1
   13 1537   65   62 57.0 58.0 0
   23 2715  128    0 38.0 90.0 1
   21 1687   75   65 53.0 57.0 1
