 300  18   3  51
   25  462   34   34 71.0 71.0 1
   35 3559   11   11 84.0 84.0 1
   34 2976   25    0 76.0 90.0 1
   10 2683   34    0 71.0 90.0 1
   10 2758   34   25 71.0 76.0 1
   16  940   34    0 71.0 90.0 1
   26 3140   34   11 71.0 84.0 1
   19 2870   32   31 72.0 73.0 1
   37 3499   32   27 72.0 75.0 1
    9 3393   27    9 75.0 85.0 1
    4  806   32    9 72.0 85.0 1
    8 1009   32   31 72.0 73.0 1
    3 3392   27    0 75.0 90.0 1
    4 1837   11    0 84.0 90.0 1
    1 2387   11    0 84.0 90.0 0
    1 2419   36    0 70.0 90.0 1
   37 2770   49   11 64.0 84.0 1
   21 3560   49    0 64.0 90.0 1
