 300  30   1  53
   15 2608   38   38 69.0 69.0 0
   10 2062   78   78 52.0 52.0 1
   11 1918   78   78 52.0 52.0 1
    9 1306   49   49 64.0 64.0 1
    8  678   78   78 52.0 52.0 1
    8  354   62   62 58.0 58.0 1
    6 1474   49   49 64.0 64.0 1
   12 2721   62   62 58.0 58.0 1
    8 2707   62   62 58.0 58.0 1
    6 2419   78   78 52.0 52.0 1
   14 2236   78   78 52.0 52.0 1
    9 1037   78   49 52.0 64.0 1
    6 3390   78   58 52.0 60.0 1
   13 1713   78   58 52.0 60.0 1
   12 2793   78   62 52.0 58.0 1
   13 2115   62   58 58.0 60.0 1
    8  567   58    0 60.0 90.0 1
   12 2094   62    0 58.0 90.0 1
    8  700   78   38 52.0 69.0 1
   12 3384   78   38 52.0 69.0 1
    9 2480   58    0 60.0 90.0 1
    6 1842   78   38 52.0 69.0 1
    8  340   78   62 52.0 58.0 1
    7 2843   58   49 60.0 64.0 1
   14 3159   38    0 69.0 90.0 0
    8 1353   62    0 58.0 90.0 1
   15 3305   62   58 58.0 60.0 1
    9 3136   62   49 58.0 64.0 1
   12 2903   62   49 58.0 64.0 1
   12 1904   78   38 52.0 69.0 1
