 300  30   3  55
   11 2998   21   21 78.0 78.0 1
   14  359   21   21 78.0 78.0 1
    7 3542   21   21 78.0 78.0 1
   15 3134  166  166 31.0 31.0 1
    8 3388  166    0 31.0 90.0 1
   14 1491  166   21 31.0 78.0 1
   10 2781  166   21 31.0 78.0 1
   11 2036   21    0 78.0 90.0 0
    8 1428  166   21 31.0 78.0 1
    8 2786   21    0 78.0 90.0 1
    7 1911   21    0 78.0 90.0 0
   15 2210  166   21 31.0 78.0 1
   10 3432  166    0 31.0 90.0 1
   14  914  166   21 31.0 78.0 1
   13 2142  166    0 31.0 90.0 1
    9 1168   73   58 54.0 60.0 1
   12 2615   73    3 54.0 88.0 1
    6 1542  138   58 36.0 60.0 1
   14 1652   67    2 56.0 89.0 1
    6 3046   73   19 54.0 79.0 1
    7 1387  138   73 36.0 54.0 1
    8 3071   87    0 49.0 90.0 1
    7 1437   25   23 76.0 77.0 1
   13  627   87    0 49.0 90.0 1
    6  799   25   23 76.0 77.0 1
    6 3111   25   23 76.0 77.0 1
    8 1582  100   87 45.0 49.0 1
    9 1031  100   23 45.0 77.0 1
   12 1232   87   25 49.0 76.0 1
   12 1877   23    0 77.0 90.0 1
