 300  26   1  53
   10 1118  119  119 40.0 40.0 1
   11 2569  119    0 40.0 90.0 1
    8 1054  119   34 40.0 71.0 1
   11 2475  119    0 40.0 90.0 1
   13 2767  119   34 40.0 71.0 1
   10 1801   34    0 71.0 90.0 1
    8 3111   34    0 71.0 90.0 1
   11  591   34    0 71.0 90.0 1
   12 1956  119   34 40.0 71.0 0
   12 1834  119   34 40.0 71.0 1
   14 2530  119   34 40.0 71.0 1
    7 1539  119   34 40.0 71.0 1
   11 2344   34    0 71.0 90.0 0
   12 3056   34    0 71.0 90.0 1
   15 1658  119   34 40.0 71.0 1
    9 2449  119    0 40.0 90.0 1
   14 1731  119    0 40.0 90.0 1
   16 3350   34    0 71.0 90.0 1
   15 1207   34    0 71.0 90.0 1
   13 3555  119   34 40.0 71.0 1
   13 2032  119    0 40.0 90.0 1
    8 2402  119    0 40.0 90.0 1
    8 2111  119   34 40.0 71.0 1
   15 1378   34    0 71.0 90.0 1
   13 2513  119    0 40.0 90.0 1
   11 1121  119   34 40.0 71.0 1
