 300  21   1  54
   14  630   34   34 71.0 71.0 1
   12  705  123  123 39.0 39.0 0
   11  454   16   16 81.0 81.0 1
   18  841   47   47 65.0 65.0 1
   16  713   75   75 53.0 53.0 1
   10 3563   47   47 65.0 65.0 1
   19 1465   21   21 78.0 78.0 1
   12  847   16   16 81.0 81.0 1
   18  945  123  123 39.0 39.0 1
   14  884   75   16 53.0 81.0 1
   12  927   60   21 59.0 78.0 1
   17 1666  123   34 39.0 71.0 0
   16  626   21   16 78.0 81.0 1
   13 1108   60   16 59.0 81.0 1
   12 1515  123   34 39.0 71.0 1
   16 1470  123   75 39.0 53.0 1
   17  353   60   47 59.0 65.0 1
    9 1522   60   16 59.0 81.0 1
   16 1141   34   16 71.0 81.0 1
   11  676  123  123 39.0 39.0 1
   17 3079  123   16 39.0 81.0 1
