 300  18   2  56
   20 1195   38   38 69.0 69.0 1
   14  395   32    0 72.0 90.0 1
   16 1594    2    0 89.0 90.0 1
   19  949   38    2 69.0 89.0 0
   19  801    2    0 89.0 90.0 0
   17  574    3    0 88.0 90.0 1
   19 3406   38    2 69.0 89.0 1
   14  312   67    3 56.0 88.0 1
   12 1151   67   11 56.0 84.0 1
   15  837   11    0 84.0 90.0 1
   16  616   67   42 56.0 67.0 0
   13 1622   42   11 67.0 84.0 1
   19 2822  166    0 31.0 90.0 1
   20 1741  166    0 31.0 90.0 1
   21  461   11    0 84.0 90.0 1
   18 2946   67    0 56.0 90.0 1
   16 1568   67   11 56.0 84.0 1
   12 1076  166    3 31.0 88.0 1
