 300  17   1  54
   18  683   34   34 71.0 71.0 1
   17 1310    2    2 89.0 89.0 0
   17 1193    2    2 89.0 89.0 1
   16 1241    2    2 89.0 89.0 1
   20 1320    2    2 89.0 89.0 1
   13 1308   34    0 71.0 90.0 1
   13 1096    2    0 89.0 90.0 0
   23 1415   34    2 71.0 89.0 1
   21 1212   34    0 71.0 90.0 1
   21 1240    2    0 89.0 90.0 1
   13 1208    2    0 89.0 90.0 1
   20 1319   34    2 71.0 89.0 1
   18  356   34    0 71.0 90.0 1
   17  529    2    0 89.0 90.0 1
   15 2982   34    2 71.0 89.0 1
   18 1733   34    2 71.0 89.0 1
   20 1103   34    0 71.0 90.0 1
