 300  23   3  55
   14  404   21   21 78.0 78.0 1
   10 1887    3    3 88.0 88.0 1
   14 2165   21   21 78.0 78.0 1
   16  680    3    3 88.0 88.0 1
   17  361    3    0 88.0 90.0 1
   16 3015   21    0 78.0 90.0 1
   11  574   21    3 78.0 88.0 1
   17 1247   21    3 78.0 88.0 1
   11 3258   21    3 78.0 88.0 1
   11 1352    7    0 86.0 90.0 1
   17 2671    7    0 86.0 90.0 1
   15 1876   42    7 67.0 86.0 1
   10  854  100    0 45.0 90.0 1
    8  485   45   38 66.0 69.0 1
   13 2405   45   38 66.0 69.0 1
   14 2128  100   38 45.0 69.0 1
   12 1036   45    7 66.0 86.0 1
   17 3392  100   32 45.0 72.0 1
   10 2164   27    0 75.0 90.0 1
   11 2238   73   58 54.0 60.0 0
   13 2850  100   73 45.0 54.0 1
   10 1038   73   32 54.0 72.0 1
   13 3196  100    0 45.0 90.0 0
