 300  19   3  55
   18 2800   18   18 80.0 80.0 1
   15 1013   29    0 74.0 90.0 1
   18 1774   18   14 80.0 82.0 1
   13 1420   18   14 80.0 82.0 1
   20  900   18   14 80.0 82.0 0
   12 1406   29   11 74.0 84.0 0
   16 1664   18   11 80.0 84.0 1
   21 1538   47    2 65.0 89.0 1
   18 2444   47    2 65.0 89.0 1
   11 3596   75    0 53.0 90.0 1
   20 2658   75    0 53.0 90.0 1
   17  812   90   19 48.0 79.0 1
   12 2145   75    0 53.0 90.0 1
   18 2760    2    0 89.0 90.0 1
   18  309   47   14 65.0 82.0 1
   14  653   34    9 71.0 85.0 1
   12 2690    9    0 85.0 90.0 1
   14 2629  148   23 34.0 77.0 1
   13  349   23   14 77.0 82.0 1
