 300  26   3  56
   15 1419  107   51 43.0 63.0 1
    8 1697   81    2 51.0 89.0 1
    8  843   51    0 63.0 90.0 1
   13 3051  107   87 43.0 49.0 1
   11  962   87    0 49.0 90.0 1
   12  818   51    0 63.0 90.0 1
   12 1683  115   21 41.0 78.0 1
   17 2494  115    0 41.0 90.0 1
   14  554  115   21 41.0 78.0 1
   12 1262  115   97 41.0 46.0 1
    7 1918  115    0 41.0 90.0 1
   16 3440   21    0 78.0 90.0 1
    9 2019  115  115 41.0 41.0 1
   14 3236   97    0 46.0 90.0 1
   12  970   97   21 46.0 78.0 1
    9 2977   42    0 67.0 90.0 1
   16 1508   42    0 67.0 90.0 1
   15  637   14    5 82.0 87.0 1
   14  504   47   42 65.0 67.0 1
   10 1462   47    0 65.0 90.0 1
   15 1671   47    0 65.0 90.0 1
   12 3073   42   14 67.0 82.0 0
    8 1271   42    0 67.0 90.0 1
    7 1227   42    0 67.0 90.0 1
    7 1552   42   14 67.0 82.0 1
    7 1247   47    5 65.0 87.0 1
