 300  17   1  53
   18 1381  111  111 42.0 42.0 1
   17 3253  173  173 30.0 30.0 1
   16 2197   84   84 50.0 50.0 1
   19 2921  138  138 36.0 36.0 1
   23  945  138  138 36.0 36.0 1
   16 3390   75   75 53.0 53.0 1
   19 3508  138  138 36.0 36.0 1
   14  963   81    0 51.0 90.0 1
   16 2609  111   47 42.0 65.0 1
   24 1530  138   75 36.0 53.0 1
   13  521  173   12 30.0 83.0 1
   16  436  138    0 36.0 90.0 1
   24  725   47    0 65.0 90.0 1
   15 1886   49   47 64.0 65.0 0
   16 2376  111   75 42.0 53.0 1
   19 2460  138   12 36.0 83.0 1
   15 2684  173   81 30.0 51.0 1
