 300  22   1  53
    9 3365  104  104 44.0 44.0 1
   15  629  104  104 44.0 44.0 1
   10 3120   65   65 57.0 57.0 1
   15 2330  100  100 45.0 45.0 1
   14  634  133    0 37.0 90.0 1
   14  409    5    0 87.0 90.0 0
   12 2197  133    5 37.0 87.0 1
   15 3432  133  104 37.0 44.0 1
   16 1103  173   21 30.0 78.0 1
   18 1139  100   65 45.0 57.0 1
   13 3363   21    5 78.0 87.0 1
   17 2445   65   21 57.0 78.0 1
    9  701  100  100 45.0 45.0 1
    9 1870  173    5 30.0 87.0 1
   16 3322  100   65 45.0 57.0 1
   12  966  104  100 44.0 45.0 1
   18  732  173  100 30.0 45.0 1
    9  882  133   21 37.0 78.0 1
   18  458  100   21 45.0 78.0 1
   14  944  100   21 45.0 78.0 1
   13 2462  173    0 30.0 90.0 1
   14  936  173  100 30.0 45.0 1
