 300  18   1  54
   14 3163  115  115 41.0 41.0 1
   20  307   65   65 57.0 57.0 1
   15 1606    5    0 87.0 90.0 1
   14 1582   90    5 48.0 87.0 1
   17  684   90    5 48.0 87.0 1
   17 1691    5    0 87.0 90.0 1
   19  679  115    0 41.0 90.0 1
   19  517  119   90 40.0 48.0 1
   19 1279   90   65 48.0 57.0 1
   12  546  104   65 44.0 57.0 1
   17  711  115    0 41.0 90.0 1
   15  420  115    5 41.0 87.0 1
   12  811  115   90 41.0 48.0 1
   19  443   65    5 57.0 87.0 1
   20 1432   90    0 48.0 90.0 1
   20 1311   65    0 57.0 90.0 1
   16  652  119    0 40.0 90.0 1
   15  744  104    0 44.0 90.0 1
