 300  19   1  54
   19  643   55   55 61.0 61.0 1
   13 1797   29   29 74.0 74.0 1
   18 1699   25   25 76.0 76.0 1
   18 1502   55   55 61.0 61.0 1
   20 1166   55   27 61.0 75.0 1
   11  593   29   27 74.0 75.0 1
   12  586   29   27 74.0 75.0 1
   18  770   55   27 61.0 75.0 1
   14 2756   29   27 74.0 75.0 1
   19 1571   55   27 61.0 75.0 1
   17 1436   27    0 75.0 90.0 1
   18 1227   55   27 61.0 75.0 1
   11 1360   25    0 76.0 90.0 1
   15  555   29   27 74.0 75.0 1
   13 1313   29    0 74.0 90.0 1
   18  612   25    0 76.0 90.0 1
   18 1746   55   27 61.0 75.0 1
   16 3168   55   29 61.0 74.0 1
   12 1043   29   27 74.0 75.0 0
