 300  15   3  56
   18 1264   21   21 78.0 78.0 1
   16 2818   73   73 54.0 54.0 1
   21  974   32    0 72.0 90.0 1
   24 1466   73   32 54.0 72.0 1
   23 1281   73    0 54.0 90.0 1
   18 1024  173    0 30.0 90.0 1
   17 1618  173    0 30.0 90.0 1
   27  723  115    0 41.0 90.0 1
   15  306   58    7 60.0 86.0 1
   24 3466  173    7 30.0 86.0 1
   23 1286   14    0 82.0 90.0 1
   16 1298  173   14 30.0 82.0 1
   18 1642   14    0 82.0 90.0 1
   19 1653  173   14 30.0 82.0 1
   21 3540  173   14 30.0 82.0 1
