 300  23   1  53
   12 1046   87   87 49.0 49.0 1
   14 2331   51   51 63.0 63.0 1
    9  401   87   87 49.0 49.0 1
   11  892   90   90 48.0 48.0 1
   11 2018   97   97 46.0 46.0 0
   18 2805   97   97 46.0 46.0 1
   10  710   90   90 48.0 48.0 1
    8 1534   90   90 48.0 48.0 1
    9 2735   87    0 49.0 90.0 1
   17 1204   51    0 63.0 90.0 1
   16 1487   90   42 48.0 67.0 1
   14 2916   90   42 48.0 67.0 1
   17 3522   87   42 49.0 67.0 1
   12 2548   87   42 49.0 67.0 1
   12 3050   97   42 46.0 67.0 1
   12 3100   87    0 49.0 90.0 0
   16 3415   87   42 49.0 67.0 1
   11 1975   90   51 48.0 63.0 1
   17 2050   97   42 46.0 67.0 1
   16 1695   97    0 46.0 90.0 1
    9 3102   97   42 46.0 67.0 1
   16 2427   97   87 46.0 49.0 1
   13 2042   97   87 46.0 49.0 1
