 300  19   2  55
   18  704   81   81 51.0 51.0 1
   14  813   49   49 64.0 64.0 0
   21 3244   16   16 81.0 81.0 1
   11  353   81   81 51.0 51.0 1
   15 2109   73   73 54.0 54.0 1
   14  653   32    0 72.0 90.0 1
   11 2269   93   73 47.0 54.0 1
   17 1082  133   60 37.0 59.0 1
   18 2558   93   73 47.0 54.0 0
   17 2533  133   49 37.0 64.0 1
   12 2893   81   32 51.0 72.0 1
   13 1240  133   16 37.0 81.0 1
   16 2002   49   12 64.0 83.0 1
   16 1269   73   32 54.0 72.0 0
   12 2533   90   38 48.0 69.0 0
   20 3585  154   38 33.0 69.0 1
   13  418  154    3 33.0 88.0 1
   21 1345    3    0 88.0 90.0 1
   21 1917  119   90 40.0 48.0 1
