 300  25   3  56
   14  652  107  107 43.0 43.0 1
   10 1519    2    2 89.0 89.0 1
   11 1235    2    2 89.0 89.0 0
   12 3154  173    2 30.0 89.0 1
   12 1045  107   47 43.0 65.0 1
   10  841  107   47 43.0 65.0 1
   14  452  107   53 43.0 62.0 1
   13  366   65   53 57.0 62.0 1
   13  708  173   47 30.0 65.0 1
    9 3044  166   53 31.0 62.0 1
   11 1105  166   53 31.0 62.0 1
    8 3307   53    0 62.0 90.0 1
   13 1450  166    3 31.0 88.0 0
   13  329   53    3 62.0 88.0 1
   12  809  166   53 31.0 62.0 1
   12  336   93   62 47.0 58.0 0
   13 1683   84   62 50.0 58.0 1
   15 1494  128   55 38.0 61.0 1
   16 1276   62   55 58.0 61.0 1
    9 2800   93   31 47.0 73.0 1
   14  586  128   62 38.0 58.0 1
   10 1558  138   84 36.0 50.0 1
   14  858  138    0 36.0 90.0 1
   13 2801   55   32 61.0 72.0 1
    9 1185   62   32 58.0 72.0 1
