 300  28   3  55
   13 1914  128  128 38.0 38.0 1
   13  689   75   75 53.0 53.0 1
    7 3590  128  128 38.0 38.0 0
    9 3060   75   75 53.0 53.0 1
   15  987  128   75 38.0 53.0 0
   13 1570  128   75 38.0 53.0 1
   10  819  128   75 38.0 53.0 1
    9 2026  128    0 38.0 90.0 1
   13 1104   75    0 53.0 90.0 1
    8 2465  128   75 38.0 53.0 1
    9 2896   75    0 53.0 90.0 1
   13 1261  128   75 38.0 53.0 1
   14 2991  138    0 36.0 90.0 1
    6 2228   36   32 70.0 72.0 1
   12  990   32   21 72.0 78.0 1
   13 1638   78    0 52.0 90.0 1
   10 2433   65    0 57.0 90.0 1
   12 2125   75   21 53.0 78.0 1
    7  820  138   78 36.0 52.0 0
    8 1080   32    0 72.0 90.0 1
    7 1634  138   32 36.0 72.0 0
   11  791   90   45 48.0 66.0 1
   14 2341  148   21 34.0 78.0 1
   12 1294   21   14 78.0 82.0 1
    7 2064  148   45 34.0 66.0 1
   13  553   45   14 66.0 82.0 1
   14  646   45   21 66.0 78.0 1
    8 2156  148   90 34.0 48.0 1
