 300  24   2  56
   17  405   84   36 50.0 70.0 1
    8 1143   34    5 71.0 87.0 1
    9 1482   65    5 57.0 87.0 1
    9 1503    5    2 87.0 89.0 1
   16 1670   65   47 57.0 65.0 1
   15 1266   32    2 72.0 89.0 0
   12 1546    5    2 87.0 89.0 1
    9 3597   32    5 72.0 87.0 1
   14  467   65   47 57.0 65.0 1
   15 1467   32    5 72.0 87.0 1
   17 1604   36   34 70.0 71.0 0
   10  658   65   36 57.0 70.0 1
    9  700   84    0 50.0 90.0 1
   18 1499   34    0 71.0 90.0 1
    8 1799   47   36 65.0 70.0 1
   15 1044   47   34 65.0 71.0 0
   11  461   47   34 65.0 71.0 1
   12  417   90   73 48.0 54.0 1
   12  430   73    0 54.0 90.0 1
    9  512  138   73 36.0 54.0 0
   17 2981   90   73 48.0 54.0 1
   12 1348   90   73 48.0 54.0 1
   16 1010  138    0 36.0 90.0 0
   10 2982   73    0 54.0 90.0 1
