 300  21   1  54
   13  657   40   40 68.0 68.0 1
   15  749   78   78 52.0 52.0 1
   11 1730   78   40 52.0 68.0 1
   18 1575   40    0 68.0 90.0 1
   11  568   78    0 52.0 90.0 1
   13  616   40    0 68.0 90.0 1
   16 1053   40    0 68.0 90.0 0
   14  664   40    0 68.0 90.0 1
   16 1199   40    0 68.0 90.0 1
   10  598   78   40 52.0 68.0 1
   10  467   40    0 68.0 90.0 1
   17 1403   40    0 68.0 90.0 1
   15 1756   78   40 52.0 68.0 1
   12 3482   78    0 52.0 90.0 1
   18 1332   78   40 52.0 68.0 1
   16  893   40    0 68.0 90.0 1
   19  302   78    0 52.0 90.0 1
   12  370   78   40 52.0 68.0 1
   13  595   78    0 52.0 90.0 1
   16 1358   78   40 52.0 68.0 1
   15  733   78   40 52.0 68.0 1
