 300  28   3  55
    8 2991   60   60 59.0 59.0 1
    9 3553   32   32 72.0 72.0 0
    6 1358  104   38 44.0 69.0 1
   11  923  107    3 43.0 88.0 0
    8  840   38    3 69.0 88.0 1
   11  878   70   14 55.0 82.0 1
   13 1732   70   31 55.0 73.0 1
   10 3206   84   53 50.0 62.0 1
    8 2971   84   14 50.0 82.0 1
   10 3393  100   70 45.0 55.0 1
   11 2880   84   14 50.0 82.0 1
    9  341   84   53 50.0 62.0 1
    8 3417   84   14 50.0 82.0 1
   15 1051   84   14 50.0 82.0 1
    6 2199  100   70 45.0 55.0 1
   15 1813  100    0 45.0 90.0 0
   15 1323   70   14 55.0 82.0 1
    9 1508   84   53 50.0 62.0 1
   11 3162   31    0 73.0 90.0 0
   12 3512   70   53 55.0 62.0 1
   16 1656   31    0 73.0 90.0 1
   11 2579  173   18 30.0 80.0 1
   10 2386   53   25 62.0 76.0 1
   12 1190  133    0 37.0 90.0 1
   14 2349  133    0 37.0 90.0 1
   13 1900  133    0 37.0 90.0 1
   10 2359   53    0 62.0 90.0 1
    9  980  173   18 30.0 80.0 1
