 300  19   1  53
   20  754    5    5 87.0 87.0 1
   12  910   16   16 81.0 81.0 1
   17  337   62   42 58.0 67.0 1
   20 3513   90   62 48.0 58.0 1
   17 3399   23    0 77.0 90.0 1
   19 3076   65   55 57.0 61.0 1
   14  653   55   42 61.0 67.0 1
   12 2291   23    0 77.0 90.0 1
   16  722   23    0 77.0 90.0 1
   18 1506   90   23 48.0 77.0 1
   13  371   65   42 57.0 67.0 1
   18 3000   65   42 57.0 67.0 1
   13 2270   62   42 58.0 67.0 1
   19 1095   62   42 58.0 67.0 1
   13 1040   42    5 67.0 87.0 1
   18 2334   55   42 61.0 67.0 1
   15 3518   90   62 48.0 58.0 1
   15  779   65    0 57.0 90.0 1
   11  336   65   42 57.0 67.0 1
