 300  19   1  53
   18 1000  115  115 41.0 41.0 1
   17 2760   93   93 47.0 47.0 1
   10  452   93   93 47.0 47.0 1
   17 3438   78   23 52.0 77.0 1
   19 2590   78   23 52.0 77.0 1
   19  442   78   23 52.0 77.0 1
   19 2325  115   55 41.0 61.0 1
   14 1370   78   23 52.0 77.0 1
   16 1642   93   55 47.0 61.0 1
   18 3187   23    0 77.0 90.0 1
   11 2132   23    0 77.0 90.0 1
   15 3522  115   23 41.0 77.0 1
   17 1294   93   78 47.0 52.0 1
   18  487   93   55 47.0 61.0 1
   16  527   55   23 61.0 77.0 1
   19 2891  115   25 41.0 76.0 1
   16  602  115   23 41.0 77.0 1
   11 1817  115   23 41.0 77.0 0
   10 2486  115    0 41.0 90.0 1
