 300  22   1  54
   16  693  111  111 42.0 42.0 0
   18 1560  133  133 37.0 37.0 1
   14 1447    3    3 88.0 88.0 1
   13  526    3    3 88.0 88.0 1
   17  505    3    3 88.0 88.0 1
   10 1784    3    3 88.0 88.0 1
   16  377    3    3 88.0 88.0 1
   14  521  111    3 42.0 88.0 1
   10  448  111    0 42.0 90.0 1
    9  597  111    3 42.0 88.0 0
   13  831    3    3 88.0 88.0 1
   11 1754  111    3 42.0 88.0 1
   17  629  133    3 37.0 88.0 1
   18 1417  133  111 37.0 42.0 1
   10  783  111    3 42.0 88.0 1
   15 1401  111    3 42.0 88.0 1
   10 3579  133  111 37.0 42.0 1
   15 1020    3    0 88.0 90.0 1
   13 1524    3    0 88.0 90.0 1
   15 1517  133    3 37.0 88.0 1
   17 1058  111    0 42.0 90.0 1
    9 1135  133    3 37.0 88.0 0
