 300  18   3  56
   15  653   73   73 54.0 54.0 1
   15 1786   73   45 54.0 66.0 1
   18  778   73    0 54.0 90.0 1
   16 1781   73   45 54.0 66.0 1
   15 1527   73   45 54.0 66.0 1
   19 2801   55   45 61.0 66.0 1
   15  486   73    0 54.0 90.0 1
   18 1376   90    5 48.0 87.0 1
   17 3074    5    0 87.0 90.0 1
   15  996   55    0 61.0 90.0 1
   13 3479   55    5 61.0 87.0 0
   14 2369   55    0 61.0 90.0 1
   19 1525   93    0 47.0 90.0 1
   14  355   51    0 63.0 90.0 0
   19  971   81    0 51.0 90.0 1
   19 2873    3    0 88.0 90.0 1
   20 2721   38   12 69.0 83.0 1
   19 1182   12    3 83.0 88.0 1
