 300  15   2  55
   22 1557   29   29 74.0 74.0 1
   17 2005   29   29 74.0 74.0 1
   19 3226   84   84 50.0 50.0 1
   20  440   29    0 74.0 90.0 1
   15 3340   84    0 50.0 90.0 1
   19 1816   29    0 74.0 90.0 1
   19 1342  143   84 35.0 50.0 1
   24 3045   84   29 50.0 74.0 1
   27 2793  143   29 35.0 74.0 1
   18 1580  143   29 35.0 74.0 1
   19 1709  100    5 45.0 87.0 1
   23 1012   31   27 73.0 75.0 0
   16  852   31    0 73.0 90.0 1
   18  778   31   27 73.0 75.0 1
   24 3598  100   27 45.0 75.0 1
