 300  24   1  54
   15 1566   31   31 73.0 73.0 1
    9 1203   12   12 83.0 83.0 1
   11  561   32   32 72.0 72.0 1
   14  351   32   32 72.0 72.0 1
   18  463   12   12 83.0 83.0 1
   11  591   36   36 70.0 70.0 1
   13 2997   31   31 73.0 73.0 1
   17 1608   23   23 77.0 77.0 1
   11  418   12   12 83.0 83.0 1
    9  597  104  104 44.0 44.0 1
   12 1181   32   32 72.0 72.0 1
   11  965   97   97 46.0 46.0 0
   15  393  104   32 44.0 72.0 1
   13 1224   36   32 70.0 72.0 1
   14 1403   32   31 72.0 73.0 0
    9  403   12    0 83.0 90.0 1
   18 1261  104   97 44.0 46.0 1
   12  903   23   12 77.0 83.0 1
   18 1438   23    0 77.0 90.0 1
   10 1608   97    0 46.0 90.0 1
    9 1612   87   12 49.0 83.0 1
   10  749  104   87 44.0 49.0 1
   11 1167   32   23 72.0 77.0 1
   10 1273  104   87 44.0 49.0 1
