 300  21   4  56
   15 3438  148  148 34.0 34.0 1
   13 2927   32   32 72.0 72.0 1
   17  519   53   32 62.0 72.0 1
   15 1223  133   51 37.0 63.0 1
   10  765  148    0 34.0 90.0 0
   15 1057  138    0 36.0 90.0 1
   17 3454  160  138 32.0 36.0 1
   15 1050    5    0 87.0 90.0 1
   17 1681  138    5 36.0 87.0 1
   15 1543  160    5 32.0 87.0 1
   17 3377   73   21 54.0 78.0 1
   11  940   21    0 78.0 90.0 1
   12 1769   73   21 54.0 78.0 1
   12  373   21    0 78.0 90.0 1
   16 2771   21    0 78.0 90.0 1
    9 1358   73   21 54.0 78.0 1
    9 3447   84   60 50.0 59.0 1
   16 1217   60   49 59.0 64.0 1
   17  728  128  123 38.0 39.0 1
   16 3394  166   60 31.0 59.0 1
   16 1146  128   49 38.0 64.0 1
