 300  19   1  53
   20 1893   34   34 71.0 71.0 1
   13 1295   29   29 74.0 74.0 0
   13 3521   34   34 71.0 71.0 1
   13 2782   29   29 74.0 74.0 1
   20  784   34   34 71.0 71.0 0
   14  669   34   29 71.0 74.0 0
   20 3143   34    0 71.0 90.0 1
   12 1030   29    0 74.0 90.0 1
   13 2022   34    0 71.0 90.0 1
   21  406   34   29 71.0 74.0 1
   15 1283   34    0 71.0 90.0 1
   21 2337   34   29 71.0 74.0 0
   14  480   34   29 71.0 74.0 0
   16 1601   34   29 71.0 74.0 1
   12 2424   34   29 71.0 74.0 1
   13 2483   34    0 71.0 90.0 1
   19 2936   34    0 71.0 90.0 1
   20 1762   34   29 71.0 74.0 1
   11 2987   34   29 71.0 74.0 0
