 300  27   4  59
   10 2082   11   11 84.0 84.0 1
   11 2317   11   11 84.0 84.0 1
   12 3281   11    0 84.0 90.0 1
   11 3218   11   11 84.0 84.0 1
   12 3028   11    0 84.0 90.0 1
   13 3133   11    0 84.0 90.0 1
   11 2675  143   65 35.0 57.0 1
   12  523   78    0 52.0 90.0 1
   10 3516  143  115 35.0 41.0 1
    9 3213   78   38 52.0 69.0 1
   10 1168  143   78 35.0 52.0 1
    9  461   78   65 52.0 57.0 1
   10  977  115    0 41.0 90.0 1
   12 2692   62   16 58.0 81.0 1
   13 1483   25    0 76.0 90.0 1
   12 1345   18   16 80.0 81.0 1
   12  544   25   18 76.0 80.0 0
   12 1859   75   62 53.0 58.0 1
   12 2864   75   62 53.0 58.0 1
   10 2584   62   18 58.0 80.0 1
   11  866   18    5 80.0 87.0 1
   10 3365  123    0 39.0 90.0 1
   12 3085  123    0 39.0 90.0 1
   12 3432  123    0 39.0 90.0 1
   12  744  123    0 39.0 90.0 1
   11 1744  123    0 39.0 90.0 1
    9 2986  154    0 33.0 90.0 1
