 300  29   4  60
   12 1060   23   23 77.0 77.0 1
   12 1561   40    3 68.0 88.0 1
   11  337   75   73 53.0 54.0 1
   10  506   73   23 54.0 77.0 0
   11 1396  160    3 32.0 88.0 1
   11 3222   67   40 56.0 68.0 1
   12 1226   23    0 77.0 90.0 1
   11  357   32    0 72.0 90.0 1
   11  522   93   32 47.0 72.0 1
    9 3409   93    0 47.0 90.0 1
    9 1197   93    0 47.0 90.0 1
   11  633   93    0 47.0 90.0 1
   12 2736   65   27 57.0 75.0 1
   10  328   25    0 76.0 90.0 1
    9 1731   65   32 57.0 72.0 1
    9 2370    5    0 87.0 90.0 1
   10 1252    5    0 87.0 90.0 1
    9 3518   55    5 61.0 87.0 1
   10 3037   40    0 68.0 90.0 1
   12 2410   58    0 60.0 90.0 1
   11  492   55    5 61.0 87.0 0
   11 2429  128   34 38.0 71.0 1
    9 2674   75    3 53.0 88.0 1
   10  530  128    3 38.0 88.0 1
    9 2154  115  107 41.0 43.0 1
    9 1760  128   34 38.0 71.0 1
   10 2573    3    3 88.0 88.0 0
   10 1043  115   34 41.0 71.0 1
   10 1359  123   34 39.0 71.0 1
