 300  17   1  58
   20 1255  123  123 39.0 39.0 1
   17  695  133  133 37.0 37.0 1
   18  569  133  133 37.0 37.0 1
   16 1299  160  160 32.0 32.0 1
   19  734  160   90 32.0 48.0 1
   16 1019  154   90 33.0 48.0 1
   16  373   90   42 48.0 67.0 1
   17 1570   90    0 48.0 90.0 1
   19 1273  133   90 37.0 48.0 1
   19  954  160   90 32.0 48.0 1
   16 1198  133   42 37.0 67.0 1
   18 3347  133   42 37.0 67.0 1
   18  407  160    0 32.0 90.0 1
   18  306   42    0 67.0 90.0 1
   18 1006  133   90 37.0 48.0 1
   18  768  133    0 37.0 90.0 1
   17  454  123   42 39.0 67.0 1
