 300  24   1  57
   13  384   65   65 57.0 57.0 1
   11 3431  100  100 45.0 45.0 1
   11  599   53   53 62.0 62.0 1
   12  687   21   21 78.0 78.0 1
   11 1456  160    0 32.0 90.0 1
   14  369   65   47 57.0 65.0 1
   13 1930  160   21 32.0 78.0 1
   14 3174  160   21 32.0 78.0 1
   13 1756  160   53 32.0 62.0 1
   11 1368  100   21 45.0 78.0 1
   13 3369   21   21 78.0 78.0 1
   13 1730  115  100 41.0 45.0 1
   12 2591   21   21 78.0 78.0 1
   10 1612   21    0 78.0 90.0 1
   14  849  160   47 32.0 65.0 1
   13  627  115   21 41.0 78.0 1
   12  770  100   47 45.0 65.0 1
   12 1528   21   21 78.0 78.0 1
   14  933   65   47 57.0 65.0 1
   12 2665   53    0 62.0 90.0 1
   13 1560   53   21 62.0 78.0 0
   12 1203   47   21 65.0 78.0 1
   14 2646   65   21 57.0 78.0 1
   13 1922  100   65 45.0 57.0 1
