 300  17   1  58
   17  548   60   60 59.0 59.0 1
   17 1022   53   53 62.0 62.0 1
   19 1055   53   53 62.0 62.0 1
   19  365   53   53 62.0 62.0 1
   16  706  128  128 38.0 38.0 1
   17  413   70   70 55.0 55.0 1
   18  940  154    0 33.0 90.0 1
   18 1346   70   60 55.0 59.0 1
   17  788  128   70 38.0 55.0 1
   18 1444  154    0 33.0 90.0 1
   17  720  154   70 33.0 55.0 1
   17 1709   70   53 55.0 62.0 1
   18  751  128   60 38.0 59.0 1
   18 1181  128   70 38.0 55.0 1
   17 1336   53    0 62.0 90.0 1
   19  881   53    0 62.0 90.0 1
   18 3274  154  128 33.0 38.0 1
