 300  22   3  59
   15 2138   75   75 53.0 53.0 0
   14 3290  160  160 32.0 32.0 1
   14 2383  160  160 32.0 32.0 1
   12 3578    2    0 89.0 90.0 1
   15 1943  160    2 32.0 89.0 1
   13 1285   18    0 80.0 90.0 1
   13 2838   75    2 53.0 89.0 1
   12 1991   18    2 80.0 89.0 1
   15 2873   51    0 63.0 90.0 1
   15  916   81   51 51.0 63.0 1
   13 3150   81   51 51.0 63.0 1
   14 1533  111    3 42.0 88.0 1
   13 2196  111    3 42.0 88.0 1
   13  746  133   81 37.0 51.0 1
   13 3252  111    0 42.0 90.0 1
   13 2998  111   51 42.0 63.0 1
   12 1930   75    0 53.0 90.0 1
   12 2682  160    0 32.0 90.0 1
   14 3509  160   19 32.0 79.0 1
   15  382   75   11 53.0 84.0 1
   15 2445   75   19 53.0 79.0 1
   15 1224   19   11 79.0 84.0 1
