 300  25   1  57
   11 2143  160  160 32.0 32.0 1
   11  323    9    9 85.0 85.0 1
   11 1117  166  166 31.0 31.0 1
   12  653    9    9 85.0 85.0 1
   11 3315  166    0 31.0 90.0 1
   11 3001  166    0 31.0 90.0 1
   11 3129  166    9 31.0 85.0 1
   12 3257  166    9 31.0 85.0 1
   13 3032  166    0 31.0 90.0 1
   13 1244  166    0 31.0 90.0 1
   14 3137  166  160 31.0 32.0 1
   11 1533  166  160 31.0 32.0 0
   11 1209  166  160 31.0 32.0 0
   12 1728  166  160 31.0 32.0 1
   13 1965  166    0 31.0 90.0 1
   14 2303  160    9 32.0 85.0 1
   11 1202  166  160 31.0 32.0 1
   12  817  166  160 31.0 32.0 1
   13 3388    9    0 85.0 90.0 1
   11 3535  166  160 31.0 32.0 1
   14  864  166    9 31.0 85.0 1
   11 3295  166    0 31.0 90.0 1
   13  891  166    0 31.0 90.0 1
   13 1715  160    9 32.0 85.0 0
   11  791  166    9 31.0 85.0 0
