 300  29   1  58
   10  407   38   38 69.0 69.0 1
   11 1243   38    0 69.0 90.0 1
   10  783   38    0 69.0 90.0 0
   10 1480   38    0 69.0 90.0 1
   11 1336  107    0 43.0 90.0 1
   10  759   38    0 69.0 90.0 1
   10  432  107    0 43.0 90.0 1
   11  614  107    0 43.0 90.0 1
   12  652  107    0 43.0 90.0 1
    9 1613  107    0 43.0 90.0 1
   10 2927  107    0 43.0 90.0 1
   11 1594  107    0 43.0 90.0 0
   11  351  107   38 43.0 69.0 1
   11 1026  107   38 43.0 69.0 1
   11 1100  107   38 43.0 69.0 1
   11 1080   38    0 69.0 90.0 1
   12 1659  107   38 43.0 69.0 1
   11 2855   38    0 69.0 90.0 1
   10  335  107    0 43.0 90.0 1
    9 1572  107    0 43.0 90.0 1
   11  497   38    0 69.0 90.0 1
    9 1109  107    0 43.0 90.0 1
    9 1093  107   38 43.0 69.0 1
    9  625  107    0 43.0 90.0 1
   11  599  107    0 43.0 90.0 1
    9 1385  107    0 43.0 90.0 1
   11 1027  107   38 43.0 69.0 1
    9  461   38    0 69.0 90.0 1
   11 1037  107    0 43.0 90.0 1
