 300  27   1  58
   11  528   36   36 70.0 70.0 1
   13 1573   38   38 69.0 69.0 1
   12  389   38   38 69.0 69.0 1
   10 1284   36    0 70.0 90.0 1
   13  661   38   36 69.0 70.0 1
   11 1304   38   36 69.0 70.0 1
   12 1800   38   36 69.0 70.0 1
   12  704   36    0 70.0 90.0 1
   12  357   36    0 70.0 90.0 1
   10 3435   38   36 69.0 70.0 1
   10  505   36    0 70.0 90.0 1
   12  624   36    0 70.0 90.0 1
   10  381   38    0 69.0 90.0 1
   10 1480   38   36 69.0 70.0 1
   12 1617   38   36 69.0 70.0 1
   10 1793   38    0 69.0 90.0 1
   10  652   36    0 70.0 90.0 1
   10 1160   38   36 69.0 70.0 1
   11 1197   36    0 70.0 90.0 1
   10  388   38    0 69.0 90.0 0
   12 1014   38    0 69.0 90.0 1
   11 1280   36    0 70.0 90.0 0
   11 2836   36    0 70.0 90.0 1
   12  367   36    0 70.0 90.0 1
   12 1798   38   36 69.0 70.0 1
   11  508   38    0 69.0 90.0 1
   10 1770   38   36 69.0 70.0 1
