 300  15   1  57
   19 2317   16   16 81.0 81.0 1
   20 2489   34   34 71.0 71.0 1
   20 3172   34   34 71.0 71.0 1
   20 2495   38   38 69.0 69.0 1
   20 1668   47   47 65.0 65.0 1
   21 1849   38   16 69.0 81.0 1
   19 1387  100   36 45.0 70.0 1
   20 2092   36   34 70.0 71.0 1
   20 1150   36    0 70.0 90.0 0
   21 2073   47   34 65.0 71.0 1
   20 2472   38   36 69.0 70.0 1
   20 2046   38   16 69.0 81.0 1
   20  921   16    0 81.0 90.0 1
   20  846   38   36 69.0 70.0 1
   20 1080   38   36 69.0 70.0 0
