 300  25   5  60
   11 2884  100  100 45.0 45.0 1
   12  503  100  100 45.0 45.0 1
   11  872  115    0 41.0 90.0 0
   13 1548  115  100 41.0 45.0 0
   11  571  115    0 41.0 90.0 1
   13 3128   40    0 68.0 90.0 1
   12 1695   14    0 82.0 90.0 0
   13 2783   73   45 54.0 66.0 1
   13 1102   45   14 66.0 82.0 1
   13  332   60   40 59.0 68.0 0
   13 3085   67    0 56.0 90.0 1
   11 1778   58   51 60.0 63.0 0
   11  994   70   67 55.0 56.0 1
   14  341   90   67 48.0 56.0 1
   13  819   58   29 60.0 74.0 1
   13  804  115   45 41.0 66.0 1
   12  370   45   16 66.0 81.0 1
   12  325   97    0 46.0 90.0 1
   11 2806  173    0 30.0 90.0 1
   11 3177  160   16 32.0 81.0 1
   12  475   32    7 72.0 86.0 1
   13 2849   70    0 55.0 90.0 1
   10 1460   60    7 59.0 86.0 1
   10 1315   58   25 60.0 76.0 1
   12  314   70    7 55.0 86.0 1
