 300  15   1  57
   21 1764  133  133 37.0 37.0 1
   20 2922  166  166 31.0 31.0 1
   21 3024    3    3 88.0 88.0 1
   20 3277   67   67 56.0 56.0 1
   21 1363   67   67 56.0 56.0 1
   18 2573    3    3 88.0 88.0 0
   19  892  133  133 37.0 37.0 1
   18 3280  166   67 31.0 56.0 1
   21 1831  133   73 37.0 54.0 1
   21  304   73    3 54.0 88.0 1
   21  972  133    0 37.0 90.0 1
   20  995   67    0 56.0 90.0 1
   21 2297  166    3 31.0 88.0 1
   18 1203   73    0 54.0 90.0 1
   20  362   73    3 54.0 88.0 1
