 300  25   1  58
   12 1280  128  128 38.0 38.0 1
   12 1499  128  128 38.0 38.0 1
   11  841  128  128 38.0 38.0 0
   13 2708   25   25 76.0 76.0 1
   13 1368  123  123 39.0 39.0 1
   13  646  123  123 39.0 39.0 1
   13  738  138  138 36.0 36.0 1
   13 2800   31   31 73.0 73.0 1
   12 1629  123  123 39.0 39.0 1
   11  431   60   60 59.0 59.0 0
   12  835   25   25 76.0 76.0 1
   13  732  128   31 38.0 73.0 1
   13 1416   31    0 73.0 90.0 0
   10 1524   25    0 76.0 90.0 1
   10 1221   31   25 73.0 76.0 1
   13  973   31    0 73.0 90.0 1
   12  386  138   31 36.0 73.0 1
   12 1699  138   60 36.0 59.0 1
   11  611  128   31 38.0 73.0 1
   13 1076  128   60 38.0 59.0 1
   11 1312   31   25 73.0 76.0 1
   10 1636  128   25 38.0 76.0 1
   13  976   60   31 59.0 73.0 1
   11 1146   60    0 59.0 90.0 1
   13 1106  138  128 36.0 38.0 1
