 300  30   1  58
   10 1696   49   49 64.0 64.0 1
   11 1291  104  104 44.0 44.0 0
    9 1694    7    7 86.0 86.0 1
   12 1477   49   49 64.0 64.0 1
    9  331    7    7 86.0 86.0 1
   11  633    7    0 86.0 90.0 1
    9 1393  104    7 44.0 86.0 1
    9  604  104    0 44.0 90.0 1
    9 1230  104   49 44.0 64.0 1
    9  810   49    7 64.0 86.0 1
    9  680    7    0 86.0 90.0 1
    8 1470  104   49 44.0 64.0 1
   11 1015   49    0 64.0 90.0 1
    9 1462  104    0 44.0 90.0 1
   10  835  104    0 44.0 90.0 1
   10  752   49    7 64.0 86.0 1
    9  923   49    7 64.0 86.0 1
   10 1096  104    0 44.0 90.0 1
    9 1332    7    0 86.0 90.0 1
    9 1095  104    7 44.0 86.0 0
   11 1022  104   49 44.0 64.0 1
   12 2921   49    7 64.0 86.0 1
   10  668   49    0 64.0 90.0 1
   11 1284    7    0 86.0 90.0 1
   11 1781    7    0 86.0 90.0 1
   10 1691   49    7 64.0 86.0 1
   11 1670   49    0 64.0 90.0 1
    9 1313  104    7 44.0 86.0 1
   12 3452  104    0 44.0 90.0 1
   11 1760  104    0 44.0 90.0 1
