 300  22   3  60
   13  958   55   55 61.0 61.0 1
   13 3461   55   55 61.0 61.0 1
   13  826   55   55 61.0 61.0 1
   14 3553   55   16 61.0 81.0 1
   13  797  128   67 38.0 56.0 1
   13  364  128    0 38.0 90.0 1
   12 1400  128   16 38.0 81.0 1
   15 1329  107    0 43.0 90.0 1
   14 2946   29    5 74.0 87.0 1
   14 1049  107   29 43.0 74.0 1
   15  788   73   29 54.0 74.0 0
   13 3552  107   73 43.0 54.0 1
   15 1109  107   73 43.0 54.0 1
   15  962   25    5 76.0 87.0 1
   13 1276   16    5 81.0 87.0 1
   14  463   25   16 76.0 81.0 1
   13  740  115  107 41.0 43.0 0
   13 1457   93   60 47.0 59.0 1
   14 2727  107   60 43.0 59.0 1
   14 1265   14    0 82.0 90.0 1
   12 2985  107    0 43.0 90.0 1
   15  646    9    5 85.0 87.0 1
