 300  15   3  59
   21  393  160    0 32.0 90.0 1
   20 1807  138  138 36.0 36.0 1
   19 2346  138  138 36.0 36.0 1
   20 3363  160  123 32.0 39.0 1
   18 1174  160  138 32.0 36.0 0
   21  734  100   14 45.0 82.0 1
   19 2302  100    9 45.0 85.0 0
   22 1622   14    0 82.0 90.0 1
   21 3363   18    0 80.0 90.0 1
   21 2987  100   14 45.0 82.0 1
   19 1779   84    0 50.0 90.0 1
   20 1444   36    0 70.0 90.0 1
   19  592   84   36 50.0 70.0 1
   21 2350   36    0 70.0 90.0 1
   19  414  104   60 44.0 59.0 1
