 300  21   1  58
   13 1248    2    2 89.0 89.0 1
   13  662   81    0 51.0 90.0 1
   14 1766  154   81 33.0 51.0 1
   14 1549  154    2 33.0 89.0 1
   15 1207  154   36 33.0 70.0 1
   14 1510   81   36 51.0 70.0 1
   16 1511  154    0 33.0 90.0 1
   16 1695   81    2 51.0 89.0 1
   14 1065   81    2 51.0 89.0 1
   15 2984  154    0 33.0 90.0 1
   13 1617  154    0 33.0 90.0 1
   13 1054  154   81 33.0 51.0 1
   15  940   81   36 51.0 70.0 1
   14 1738  154   81 33.0 51.0 1
   14 1103  154    2 33.0 89.0 1
   13 1230  154   81 33.0 51.0 1
   15  575  154    0 33.0 90.0 1
   13  549   81    2 51.0 89.0 1
   16  775  154    2 33.0 89.0 1
   16  932   81    2 51.0 89.0 1
   14 1186  154    0 33.0 90.0 1
