 300  22   3  60
   13 1531   78    7 52.0 86.0 1
   13  946   84    0 50.0 90.0 1
   14  317   70    7 55.0 86.0 1
   14 2820   84   70 50.0 55.0 1
   14  487   70   12 55.0 83.0 0
   15 3433   84    7 50.0 86.0 0
   14  462   84   12 50.0 83.0 1
   15  899   78    0 52.0 90.0 1
   13 1690   70   12 55.0 83.0 1
   12 1024   12    0 83.0 90.0 1
   13 1361   45   29 66.0 74.0 1
   13 1788   14    0 82.0 90.0 1
   14 2705  107   11 43.0 84.0 1
   13 1528   45   12 66.0 83.0 1
   15 1738   38   14 69.0 82.0 1
   15 1385  111    0 42.0 90.0 1
   14 3585  115    0 41.0 90.0 1
   12 1738  115    0 41.0 90.0 1
   15 1573  154   38 33.0 69.0 1
   14 1253  111   14 42.0 82.0 1
   12 1498  154    2 33.0 89.0 1
   13  931  111    0 42.0 90.0 1
