 300  18   1  58
   18  543   65   65 57.0 57.0 1
   18 1737   81   65 51.0 57.0 0
   18  782   67    0 56.0 90.0 1
   16  469   65    0 57.0 90.0 1
   16 1522   81   49 51.0 64.0 1
   15  387   67   34 56.0 71.0 1
   16  848   67   55 56.0 61.0 1
   17 1540   34    0 71.0 90.0 1
   15  440   81   67 51.0 56.0 1
   17  828   67   14 56.0 82.0 1
   18 3508   55   34 61.0 71.0 1
   18 1020   81   65 51.0 57.0 1
   16 1064   49   14 64.0 82.0 1
   15 2774   65   34 57.0 71.0 1
   15  663   65   55 57.0 61.0 1
   18 1159   67   34 56.0 71.0 1
   16 1332   81   65 51.0 57.0 1
   18 1673   49   14 64.0 82.0 1
