 300  21   4  59
   14  416    9    9 85.0 85.0 1
   13 2693   21    3 78.0 88.0 1
   13 1095   21    3 78.0 88.0 0
   15 3307   27    3 75.0 88.0 1
   15  713   47    3 65.0 88.0 1
   14  770   55   47 61.0 65.0 1
   16 2497   97   93 46.0 47.0 1
   14 2113  119    9 40.0 85.0 1
   15  446  123    0 39.0 90.0 1
   14 1981  119   97 40.0 46.0 1
   14 1958  119    0 40.0 90.0 1
   13  487   42    0 67.0 90.0 1
   14 1018   42    0 67.0 90.0 1
   16 2298  154   31 33.0 73.0 1
   16  634  154    0 33.0 90.0 1
   12 3100  154   42 33.0 67.0 1
   15 2711   45   14 66.0 82.0 1
   14 1047   55   14 61.0 82.0 1
   14 1205   97   25 46.0 76.0 1
   15 1184   25   23 76.0 77.0 1
   14 1153  133   45 37.0 66.0 1
