 300  28   3  60
   11  403   55   55 61.0 61.0 1
   12  603   90   40 48.0 68.0 1
   10  328   42   40 67.0 68.0 1
   11 1205   90   40 48.0 68.0 1
   11  487   81   40 51.0 68.0 1
   11 3280   12    0 83.0 90.0 1
   11 1223   62   40 58.0 68.0 0
   11  810   62    3 58.0 88.0 1
   13  747   93   90 47.0 48.0 1
   11 3191   21    5 78.0 87.0 1
    9 1151  111   60 42.0 59.0 1
   12 2901   81   21 51.0 78.0 1
   11 1538  107    5 43.0 87.0 1
   10 1691  111   21 42.0 78.0 1
    9  846  111   81 42.0 51.0 1
   10  596  166   81 31.0 51.0 1
   10 1073   60    0 59.0 90.0 1
   11  511   60   21 59.0 78.0 0
   10 1302  111    0 42.0 90.0 1
   12 1800   70   42 55.0 67.0 0
   11  981   42    0 67.0 90.0 1
   12 1761   42    0 67.0 90.0 1
   10  851  160   70 32.0 55.0 1
   11 1439   70   42 55.0 67.0 1
   11 2986  160   29 32.0 74.0 1
   10 1348   31    0 73.0 90.0 1
   10 2800   31    0 73.0 90.0 1
    9  462  160   70 32.0 55.0 1
