 300  25   4  59
   10 1054  173   21 30.0 78.0 1
   12 2245   58   27 60.0 75.0 1
   11 2884   58   27 60.0 75.0 1
   13 2392  104    7 44.0 86.0 1
   11 3149  173   40 30.0 68.0 1
   11 3272   40   27 68.0 75.0 1
   13 3516   32    0 72.0 90.0 1
   14 1662  143   32 35.0 72.0 0
   11 3448  143    5 35.0 87.0 1
   11 3374   81    0 51.0 90.0 1
   12 1350   32    5 72.0 87.0 1
   12 1625   81   32 51.0 72.0 1
   12 1463   42   16 67.0 81.0 1
   13 2438   42   38 67.0 69.0 1
   13 2740   42   38 67.0 69.0 1
   13 3486   38   16 69.0 81.0 1
   13 1769   42   38 67.0 69.0 1
   12 2529   16    0 81.0 90.0 1
   12 2872   42   16 67.0 81.0 1
   12  603   75   45 53.0 66.0 1
   12 2894  160    0 32.0 90.0 1
   12  900   62    0 58.0 90.0 1
   12 2157   62    0 58.0 90.0 0
   12 1570   42    0 67.0 90.0 1
   11 1222  160   62 32.0 58.0 1
