 300  15   1  58
   20  890   12    0 83.0 90.0 1
   21  654  104   97 44.0 46.0 1
   21 1705   42    0 67.0 90.0 1
   19 1463  128   40 38.0 68.0 1
   19  424  128   42 38.0 67.0 1
   20 1217  104   42 44.0 67.0 1
   19  592  104   12 44.0 83.0 0
   20 1510  128   12 38.0 83.0 1
   20 1629   12    0 83.0 90.0 1
   21  465   42   40 67.0 68.0 1
   20 2780  104   42 44.0 67.0 1
   19 1360  104    0 44.0 90.0 1
   21 1718  104   42 44.0 67.0 1
   19 1631   97    0 46.0 90.0 1
   21 1467   40    0 68.0 90.0 1
