 300  15   2  59
   21 3082  160  160 32.0 32.0 1
   20 2199  123   84 39.0 50.0 1
   19 1131  138  123 36.0 39.0 1
   18 2121  138  123 36.0 39.0 1
   18 2435  123    0 39.0 90.0 1
   20 1781  160  138 32.0 36.0 1
   20 1246   87   42 49.0 67.0 1
   21 2705  148   87 34.0 49.0 1
   20 1430  123   42 39.0 67.0 1
   20 2572  148   42 34.0 67.0 1
   21 1629  148   14 34.0 82.0 1
   20 1946  123   87 39.0 49.0 0
   21 2948   87   38 49.0 69.0 1
   21 1105   14    0 82.0 90.0 1
   20 3378  148    0 34.0 90.0 1
