 300  19   1  57
   14 2373    7    7 86.0 86.0 1
   14 1665   27   27 75.0 75.0 1
   15 1316   73   73 54.0 54.0 1
   16 3503   73   45 54.0 66.0 1
   15 3106   45    0 66.0 90.0 1
   17 2076   45    7 66.0 86.0 1
   16 2126   29    0 74.0 90.0 1
   16 3147  173    7 30.0 86.0 1
   18 2284   27    0 75.0 90.0 1
   16 1159   73   45 54.0 66.0 0
   16 1036  173   27 30.0 75.0 1
   16 3487   58   27 60.0 75.0 1
   17  765   45   27 66.0 75.0 1
   14 1099   27    7 75.0 86.0 1
   16 1579    7    0 86.0 90.0 1
   15 2291   58   45 60.0 66.0 1
   16  680   45   29 66.0 74.0 1
   15 2595   27    0 75.0 90.0 1
   18  625   58    7 60.0 86.0 1
