 300  24   3  60
   11 3442   34   34 71.0 71.0 0
   11 1084   90   47 48.0 65.0 1
   12  551   90   47 48.0 65.0 1
   14 1500  128    0 38.0 90.0 1
   11 1016   34   11 71.0 84.0 1
   13  862   11    0 84.0 90.0 1
   11  857  119   45 40.0 66.0 1
   11 3173  119    0 40.0 90.0 0
   13 1284  166   62 31.0 58.0 1
   14 1432  166  119 31.0 40.0 1
   11  978  173  119 30.0 40.0 1
   12 1778  166   21 31.0 78.0 1
   13  571   62    0 58.0 90.0 1
   14  452   16    0 81.0 90.0 1
   14  867   62    0 58.0 90.0 1
   14 1216   70   16 55.0 81.0 1
   12 1152   70    0 55.0 90.0 1
   12 1902   78   53 52.0 62.0 1
   13 1240   67   55 56.0 61.0 1
   12 3525   55   36 61.0 70.0 1
   12 3293   55    0 61.0 90.0 1
   14  352   67   55 56.0 61.0 1
   14 1748   55    0 61.0 90.0 1
   12 2053   55   36 61.0 70.0 1
