 300  29   2  59
    9 1946  148  148 34.0 34.0 1
    9 2679   18   18 80.0 80.0 1
   10 2615  100  100 45.0 45.0 1
   11 2939   47   47 65.0 65.0 1
   11 2845   97   97 46.0 46.0 1
   10 2745  148    0 34.0 90.0 1
   12 1168   47   31 65.0 73.0 1
   11  586   97   18 46.0 80.0 1
    9 2192   47   18 65.0 80.0 1
    9  998   18    0 80.0 90.0 1
   10 1460   47   18 65.0 80.0 1
   10 2305   42    0 67.0 90.0 1
    9 3071   84   40 50.0 68.0 0
   10 1726  143  123 35.0 39.0 1
   10 1310  143  107 35.0 43.0 1
   11 1380   58   40 60.0 68.0 1
    9 2072   58   32 60.0 72.0 1
   10 1956  107   93 43.0 47.0 1
   12 1658   93   84 47.0 50.0 1
   12 1998  107   40 43.0 68.0 1
   11 3247   93   84 47.0 50.0 1
   12  318   42   40 67.0 68.0 1
   10 1137   42    0 67.0 90.0 1
   10 1374  123  107 39.0 43.0 1
   10 2306   93   40 47.0 68.0 1
   12 2216  107   58 43.0 60.0 1
   10  524   58    0 60.0 90.0 1
   10 2275  123   32 39.0 72.0 1
   11  724  143   93 35.0 47.0 1
