 300  28   4  60
   11  887   75    0 53.0 90.0 1
   11 1206   73   34 54.0 71.0 1
   10 1489   75    9 53.0 85.0 1
   13 3502   34   25 71.0 76.0 1
   12 1524   75   73 53.0 54.0 0
   11  982   73   25 54.0 76.0 1
   10 1001   75    0 53.0 90.0 1
   12 2941   58   53 60.0 62.0 1
    9 1770   58    0 60.0 90.0 1
   10 1131   58   53 60.0 62.0 1
   10  551   58    0 60.0 90.0 1
   10  636   58   53 60.0 62.0 1
   11  576   53    0 62.0 90.0 1
   10 2844   58    0 60.0 90.0 1
   10  581   58   53 60.0 62.0 1
   10 1726   97   32 46.0 72.0 1
   11 1183    9    0 85.0 90.0 1
   11 3070   36    9 70.0 85.0 0
   10 2919  100   36 45.0 70.0 1
   10  320   51    9 63.0 85.0 1
   12 3327   31   25 73.0 76.0 0
    9  404   31   25 73.0 76.0 1
   11 1192   25    0 76.0 90.0 1
   12  402   31   25 73.0 76.0 1
   11 1687   25    0 76.0 90.0 1
   10 3095   31    0 73.0 90.0 1
   13  656   25    0 76.0 90.0 0
   10 1405   25    0 76.0 90.0 1
