 300  30   1  57
   10 2792  166  166 31.0 31.0 1
    9 2833   31   31 73.0 73.0 1
    9 1018  138  138 36.0 36.0 1
    8 1313    9    9 85.0 85.0 1
   12  953  138  138 36.0 36.0 1
    9 2249  111  111 42.0 42.0 1
   11 3566  166  166 31.0 31.0 1
    8  470  111  111 42.0 42.0 1
   11 2471    9    9 85.0 85.0 1
   11 2567  138  138 36.0 36.0 1
   11  740  166  138 31.0 36.0 1
   11 2125  138   31 36.0 73.0 1
    9 2867   31    0 73.0 90.0 1
   10 1113  166  138 31.0 36.0 1
   11  818  166  111 31.0 42.0 1
    8  769   31    0 73.0 90.0 1
    9  867  138    9 36.0 85.0 1
   11 2717  166    0 31.0 90.0 1
   11  332   31    9 73.0 85.0 0
   11  321  111    0 42.0 90.0 1
   10  640   31    9 73.0 85.0 1
   11  848   31    9 73.0 85.0 1
   11 3056  111   31 42.0 73.0 1
    9 2681  111    9 42.0 85.0 1
    9 1865  166  138 31.0 36.0 1
   10 2737  111    9 42.0 85.0 1
   11  539  111    9 42.0 85.0 1
    9 1090    9    0 85.0 90.0 1
    9  444  111    9 42.0 85.0 1
   11 3441  138    0 36.0 90.0 1
