 300  28   1  57
   12 1806  107  107 43.0 43.0 1
   11  692  107  107 43.0 43.0 0
   10 2021    7    0 86.0 90.0 1
   10 2648  166    7 31.0 86.0 1
   10 1511  173  107 30.0 43.0 1
   12 3111  107    7 43.0 86.0 1
   10 1340  107    0 43.0 90.0 1
   11 1579  166  107 31.0 43.0 1
   12 2861  173  166 30.0 31.0 1
   10  766  166  107 31.0 43.0 1
   11 3116  107    7 43.0 86.0 1
   12 3523  173  166 30.0 31.0 1
   11 2847  173  107 30.0 43.0 1
   11 1875  166  107 31.0 43.0 1
   10 2095  166    7 31.0 86.0 0
   11 3525  166    7 31.0 86.0 1
   11  947  107    0 43.0 90.0 1
   11 2841  173  107 30.0 43.0 1
   11 3194  173  166 30.0 31.0 1
    9  871  107    7 43.0 86.0 1
   11 3412  173  107 30.0 43.0 0
   11  307  107    7 43.0 86.0 1
   11  838  166    7 31.0 86.0 1
    9 3535  173    0 30.0 90.0 1
    9 2007  166    0 31.0 90.0 1
   11 1393  173    7 30.0 86.0 0
   11 2173    7    0 86.0 90.0 1
   11 2644  166    0 31.0 90.0 1
