 300  22   3  59
   13 1714   25   25 76.0 76.0 1
   15  433   51    0 63.0 90.0 1
   12 2208   73   25 54.0 76.0 1
   14 1203   73   25 54.0 76.0 1
   14 2941   51    9 63.0 85.0 1
   13 1111   55    0 61.0 90.0 1
   13 3208   73   51 54.0 63.0 1
   15 2310   55   25 61.0 76.0 1
   13 2663   75   65 53.0 57.0 1
   15 1727   58    0 60.0 90.0 1
   13 1319  107   60 43.0 59.0 1
   15 3019   87   58 49.0 60.0 1
   15  991  107   58 43.0 60.0 1
   12 1081   93    0 47.0 90.0 1
   15 2526  123  107 39.0 43.0 1
   13 2594   36    0 70.0 90.0 1
   12 2370   36    0 70.0 90.0 1
   13 3140   67    0 56.0 90.0 1
   12 1084   67   36 56.0 70.0 1
   15 2769   67    0 56.0 90.0 1
   15  474   67    0 56.0 90.0 1
   13  355   36    0 70.0 90.0 1
