 300  22   1  57
   12 1763   78   78 52.0 52.0 1
   14 3283   19   19 79.0 79.0 1
   14 3172   78   78 52.0 52.0 1
   14 2882   31   31 73.0 73.0 1
   13 1528  107  107 43.0 43.0 1
   15 1806   31    0 73.0 90.0 1
   15 2696  166   19 31.0 79.0 1
   12 2782  107    0 43.0 90.0 1
   15 1710   31   19 73.0 79.0 0
   13 3433  166   19 31.0 79.0 1
   14 3119  107   78 43.0 52.0 1
   13 1123   78   31 52.0 73.0 1
   13  793  166  107 31.0 43.0 1
   14 2043   31   19 73.0 79.0 1
   13 3512  107   78 43.0 52.0 0
   14  596  166  107 31.0 43.0 1
   12 1132  107   78 43.0 52.0 1
   14 3197   78   31 52.0 73.0 1
   14 1100   31    0 73.0 90.0 1
   15 2623  107   31 43.0 73.0 1
   13 3343  107   31 43.0 73.0 1
   14 2306  107   19 43.0 79.0 1
