 300  26   2  60
   13  701  173  173 30.0 30.0 1
   12 1752   47   47 65.0 65.0 1
   10 1082   81   81 51.0 51.0 1
   12 1177    2    2 89.0 89.0 1
   12  420    2    0 89.0 90.0 1
   11 1518  173   81 30.0 51.0 1
   12  870  173   93 30.0 47.0 1
   10 1485  173    2 30.0 89.0 1
   11 3225   93   47 47.0 65.0 1
   11 1741  173    2 30.0 89.0 1
   10  829   93   81 47.0 51.0 1
   10  775   93   32 47.0 72.0 1
   12 1798   93    0 47.0 90.0 1
   13  922    2    0 89.0 90.0 1
   12 1420   47    0 65.0 90.0 1
   12 1287   18    0 80.0 90.0 1
   11 3585   90   32 48.0 72.0 0
   10 1435   90    0 48.0 90.0 1
   13 1130  100   67 45.0 56.0 1
   13  600  115   90 41.0 48.0 1
   11 1160  100   67 45.0 56.0 0
   11  812   67   32 56.0 72.0 1
   12 1694   90    0 48.0 90.0 1
   13  880   32    0 72.0 90.0 1
   13 1013   32    0 72.0 90.0 1
   10  698  115   32 41.0 72.0 1
