 300  26   2  63
    5 2904  230  230 41.0 41.0 0
    6 1621  275  230 36.0 41.0 1
    1 3250  275    0 36.0 90.0 1
    5 1722  275  230 36.0 41.0 1
    3 1193  275  230 36.0 41.0 1
   11 3591  275    0 36.0 90.0 1
    3 1010  275  230 36.0 41.0 0
   14 2787  230    0 41.0 90.0 1
   25  800  230    0 41.0 90.0 1
    9 2159  230    0 41.0 90.0 1
   10 2216  230    0 41.0 90.0 1
   21 1132  275  230 36.0 41.0 1
   20  901  230    0 41.0 90.0 1
    3  906  156   21 52.0 84.0 1
    3  737  286    0 35.0 90.0 1
    5 1269  265  230 37.0 41.0 0
   24  365   21    0 84.0 90.0 1
    7  575  230   21 41.0 84.0 1
   19 1140  230   61 41.0 73.0 1
   25 3072  230   61 41.0 73.0 1
   17 3376   61   21 73.0 84.0 0
    4 1868  230  230 41.0 41.0 1
   20 2552  265   61 37.0 73.0 1
    3 1076  230   21 41.0 84.0 1
   24 2750  286   61 35.0 73.0 1
   13 2583  265    0 37.0 90.0 1
