 300  21   1  61
   20 1540  187  187 47.0 47.0 1
   24 2043  187  187 47.0 47.0 1
    9  436   39   39 79.0 79.0 1
   18 2611  275  187 36.0 47.0 1
   17 2924  256   85 38.0 67.0 1
   10 2761  256  125 38.0 58.0 1
   21 1688  275  187 36.0 47.0 0
   16 2805   46    7 77.0 88.0 1
   24  649  256   39 38.0 79.0 1
    2 1782  275    0 36.0 90.0 1
    8 3483  256  187 38.0 47.0 1
   14 2826  125    0 58.0 90.0 0
    8 1378  125    7 58.0 88.0 1
    8 3504  187   46 47.0 77.0 1
   21 1956    7    0 88.0 90.0 1
    8  475   85   46 67.0 77.0 1
   11 2287  275    0 36.0 90.0 0
   19 2886  256    7 38.0 88.0 1
   16 2043  256  187 38.0 47.0 1
   17 1306  256    0 38.0 90.0 1
    9  469   39    7 79.0 88.0 1
