 300  26   1  61
   22 2219  156  156 52.0 52.0 1
   11  575   32   32 81.0 81.0 1
    5 2044  156  156 52.0 52.0 1
    1  775   32   32 81.0 81.0 1
    1 3037   89   89 66.0 66.0 1
   13 2567   89   89 66.0 66.0 0
   19 3136  156  156 52.0 52.0 1
   13 2556  156  156 52.0 52.0 1
    1  451   73   73 70.0 70.0 1
    7 1856  256  256 38.0 38.0 1
   14 1127  156   32 52.0 81.0 1
   17 1886  256   32 38.0 81.0 1
   21  613  156   32 52.0 81.0 0
   20 3286  156    0 52.0 90.0 1
   16  512  156   73 52.0 70.0 1
    6 2744  156   32 52.0 81.0 1
    2  478   73   32 70.0 81.0 1
   17 1066  256  156 38.0 52.0 1
   14 3115  256   73 38.0 70.0 1
   11 2017  256   32 38.0 81.0 1
    9 1617  256   89 38.0 66.0 1
    9 2154   73    0 70.0 90.0 1
    2 2744  156    0 52.0 90.0 1
   11 1829  256  156 38.0 52.0 1
   20 2799  256    0 38.0 90.0 1
   18 1463  156   89 52.0 66.0 1
