 300  23   4  63
    3 3284  187  187 47.0 47.0 1
   20 2564  275   50 36.0 76.0 1
   16 2651  256  222 38.0 42.0 0
    7 2660  346  106 30.0 62.0 1
    4 1295  346  187 30.0 47.0 1
   17 2487  230   25 41.0 83.0 1
   19 2759  135   77 56.0 69.0 0
    3 2817  162  156 51.0 52.0 1
   19  969   77   17 69.0 85.0 0
   16 1952  162  156 51.0 52.0 0
   18 1741  156  135 52.0 56.0 1
   21 1576   17    0 85.0 90.0 1
   12 1177   81    0 68.0 90.0 0
    5 1947  256    0 38.0 90.0 1
   18 1570  256   81 38.0 68.0 1
    1 1422  256   81 38.0 68.0 1
   22 2263  256    0 38.0 90.0 1
   11 2077  256   81 38.0 68.0 1
   12 2072  187   46 47.0 77.0 1
   15 1924  115    0 60.0 90.0 1
   20 3110  135   61 56.0 73.0 1
    2 3563   46    0 77.0 90.0 1
   19 1372  187   46 47.0 77.0 1
