 300  18   1  61
   25 1112  256  256 38.0 38.0 1
   20  552   65   65 72.0 72.0 1
   21  598   65   65 72.0 72.0 1
   12  682   54   54 75.0 75.0 1
   14  886   89   89 66.0 66.0 1
   13  754   35   35 80.0 80.0 1
   29 2843  256  256 38.0 38.0 1
   28 2342   89   89 66.0 66.0 1
    1  595   65   35 72.0 80.0 1
   17 1163   89   54 66.0 75.0 1
   26 2651   54    0 75.0 90.0 1
    5 2353   65   54 72.0 75.0 1
    6  879  256   35 38.0 80.0 1
   21 2026   89   54 66.0 75.0 1
   16 1784   65   54 72.0 75.0 1
   22 2591   89   65 66.0 72.0 1
   23 2851  256    0 38.0 90.0 1
    1  577   65   54 72.0 75.0 1
