 300  28   1  62
   19 1707   73   73 70.0 70.0 1
   19 1420  333  333 31.0 31.0 1
    5 1608   73   73 70.0 70.0 1
    5  781   89    0 66.0 90.0 1
   19 1702  333    0 31.0 90.0 1
   19 1400  333  265 31.0 37.0 1
    5 2936  265   73 37.0 70.0 1
    9  435   73    0 70.0 90.0 1
    3 1369   89   73 66.0 70.0 1
   12  809  265   73 37.0 70.0 0
   12 1219  333    0 31.0 90.0 1
    4  951  333   89 31.0 66.0 1
    5  345   73    0 70.0 90.0 1
    2  785  333    0 31.0 90.0 1
   14  860  333   73 31.0 70.0 1
    4  598   89    0 66.0 90.0 1
   14  694  265    0 37.0 90.0 1
    5  480   89    0 66.0 90.0 1
   15 3466  333   89 31.0 66.0 1
   13  422   89    0 66.0 90.0 0
    6 1094  333   73 31.0 70.0 1
   13  427   73    0 70.0 90.0 1
   14 1210  333    0 31.0 90.0 1
   18  495   89    0 66.0 90.0 1
   11  575   73    0 70.0 90.0 1
   13  898  333    0 31.0 90.0 1
   18  794   89    0 66.0 90.0 1
    4  630   89    0 66.0 90.0 1
