 300  16   1  62
    8 1351  275  275 36.0 36.0 1
   34 1578  275    0 36.0 90.0 0
    5  806  275    0 36.0 90.0 1
   14 1741  275  275 36.0 36.0 1
   12 1634  275    0 36.0 90.0 1
   36 2733  275    0 36.0 90.0 1
   11 1278  275    0 36.0 90.0 1
    3  864  275    0 36.0 90.0 0
   32 1548  275  275 36.0 36.0 0
   30 1100  275  275 36.0 36.0 1
   27  679  275    0 36.0 90.0 0
    7 1664  275    0 36.0 90.0 1
   26 3068  275  275 36.0 36.0 1
    1 1483  275  275 36.0 36.0 1
   21  949  275    0 36.0 90.0 1
   33  744  275    0 36.0 90.0 1
