 300  22   2  63
   17  824  115  115 60.0 60.0 1
   15  809   98   98 64.0 64.0 1
    8  701   85   57 67.0 74.0 1
   12 2983  238  130 40.0 57.0 1
   18 2656   98    0 64.0 90.0 1
    6 2464  346    0 30.0 90.0 1
   20 1835  346  115 30.0 60.0 0
   20 3157  130   98 57.0 64.0 1
   14 3409  346  346 30.0 30.0 1
    8  898   57    0 74.0 90.0 1
   12 1903  346  238 30.0 40.0 1
    8 2039   98   57 64.0 74.0 1
    4 2986  346   73 30.0 70.0 0
   11  378   69   43 71.0 78.0 1
    6 3592  174    0 49.0 90.0 1
   18  597  174    0 49.0 90.0 1
   17 3106   77    0 69.0 90.0 1
   16 1703  193  174 46.0 49.0 1
   21 2391  238  125 40.0 58.0 1
   20  969   43    0 78.0 90.0 1
   14  998   77    0 69.0 90.0 1
   15 2211   77   69 69.0 71.0 1
