 300  28   5  64
    2 2843  115  115 60.0 60.0 1
    3 1239  115  115 60.0 60.0 1
    7 1335  135  135 56.0 56.0 1
   15 1644  115    0 60.0 90.0 1
    8 1555  115    0 60.0 90.0 1
    4 1196  135  115 56.0 60.0 1
    5 1004  238   77 40.0 69.0 1
    6 2690  111   77 61.0 69.0 1
    7 2836  187  111 47.0 61.0 1
   12 1012  174  106 49.0 62.0 1
   20 1674  174   77 49.0 69.0 1
   25 3135  275   81 36.0 68.0 1
    3  713   81    0 68.0 90.0 1
   14  589   98   81 64.0 68.0 1
    1 1701   98   81 64.0 68.0 1
   10 1745   98   81 64.0 68.0 0
   23  395   81    0 68.0 90.0 1
   14  877   21    0 84.0 90.0 1
   22 1388  207   21 44.0 84.0 1
    3 2748  207   21 44.0 84.0 1
   19  315   21    0 84.0 90.0 1
    7 3064  333    0 31.0 90.0 1
   10  711  180    0 48.0 90.0 1
   16  988  180    0 48.0 90.0 1
    5  797   57    0 74.0 90.0 1
   17 3445  180    0 48.0 90.0 1
   14  599  180    0 48.0 90.0 1
    8 3518  180   57 48.0 74.0 1
