 300  17   1  61
   16  541   93   93 65.0 65.0 1
   18 2994  265  265 37.0 37.0 1
   22 2540  111  111 61.0 61.0 1
   19 2914  265  125 37.0 58.0 1
   30  595  115  111 60.0 61.0 0
   30 3142  111   93 61.0 65.0 1
    2 3488  125    0 58.0 90.0 1
    7 1858  115   93 60.0 65.0 1
   11 2696  125    0 58.0 90.0 1
   29 3346  265  115 37.0 60.0 1
   23  756  111   93 61.0 65.0 1
   11  776  115  111 60.0 61.0 1
   25 3557  265   93 37.0 65.0 1
    3 1358  265  111 37.0 61.0 1
   15  901  265    0 37.0 90.0 1
   13 2296  265  125 37.0 58.0 1
   26  317  115    0 60.0 90.0 1
