 300  22   1  62
    4 1779  102  102 63.0 63.0 1
   29 1456  238  238 40.0 40.0 0
    6 1761  297  297 34.0 34.0 1
    3  799   21   21 84.0 84.0 1
   16 2750  286  286 35.0 35.0 1
    4  476  102  102 63.0 63.0 1
    5  610  238   21 40.0 84.0 1
    8  836  102   21 63.0 84.0 1
   19 3366  320  102 32.0 63.0 0
    1 1316  320  297 32.0 34.0 1
   21 1058  238    0 40.0 90.0 1
    6  753  320    0 32.0 90.0 1
   14 1481  297    0 34.0 90.0 1
   17 1441  238   21 40.0 84.0 1
   21 1015  238  102 40.0 63.0 1
   25  979  286    0 35.0 90.0 1
   27  556  238   21 40.0 84.0 1
   14  683  320   21 32.0 84.0 1
   15  391  102    0 63.0 90.0 1
    8  616  238   21 40.0 84.0 1
   26 1125  297   21 34.0 84.0 1
   11  821  297  102 34.0 63.0 1
