 300  22   2  64
   23 1126  207  207 44.0 44.0 1
    5  654   25   25 83.0 83.0 1
   18 1035  174   25 49.0 83.0 0
   20 1488  168   25 50.0 83.0 0
    4  572  174   65 49.0 72.0 0
    8 2768  174   65 49.0 72.0 1
   23 2835  168    0 50.0 90.0 1
    4 1420  168    0 50.0 90.0 1
   19 1011  174    0 49.0 90.0 1
    8 2999  140   93 55.0 65.0 1
    2  968  140    0 55.0 90.0 1
   26 1332  140    0 55.0 90.0 1
   11  402  140    0 55.0 90.0 1
   31  320   93    0 65.0 90.0 1
    1 1622  140    0 55.0 90.0 1
    4 1509  140   77 55.0 69.0 1
    2  352   93   77 65.0 69.0 1
   27 1578  140   77 55.0 69.0 1
   20 1546  140   77 55.0 69.0 1
   25  909   77    0 69.0 90.0 1
   10  729   77    0 69.0 90.0 1
    9 3498   77    0 69.0 90.0 1
