 300  30   1  61
    9 1107  106  106 62.0 62.0 1
    7 1957  156  156 52.0 52.0 1
    1 2589   89   89 66.0 66.0 1
    5 1629  156    0 52.0 90.0 1
    1 1356  120    7 59.0 88.0 1
   18 1300  120  106 59.0 62.0 1
   10  550  106   89 62.0 66.0 1
   11 3289  120    0 59.0 90.0 1
   17 1168   89    7 66.0 88.0 1
   10 2997  120  106 59.0 62.0 1
   17 1791  174   77 49.0 69.0 1
   14 3473    7    0 88.0 90.0 1
   14 3047  174   77 49.0 69.0 1
    3 3071  174    0 49.0 90.0 1
   16 1791  174   89 49.0 66.0 1
   15 1987  156   77 52.0 69.0 1
    5  907  174    7 49.0 88.0 1
   16 2683  156  106 52.0 62.0 1
   14 2205  174  120 49.0 59.0 0
    1 2291  174    7 49.0 88.0 1
    3 1987  156   77 52.0 69.0 1
   10 3191   89    7 66.0 88.0 1
    1 1484  106   77 62.0 69.0 1
    1 1686  174  106 49.0 62.0 1
   10 1796  120    7 59.0 88.0 1
   18  996  174    0 49.0 90.0 1
   17 1352   89   77 66.0 69.0 1
   16 2442  106    7 62.0 88.0 1
    4 1798  174    7 49.0 88.0 1
   16 2773   77    0 69.0 90.0 1
