 300  26   1  62
    5 1160  125  125 58.0 58.0 1
   24 1138  193  193 46.0 46.0 1
   16  899  230  156 41.0 52.0 1
    8  862   28    0 82.0 90.0 1
   23 2834  156    0 52.0 90.0 1
    1 1485  230  135 41.0 56.0 1
   16  998  135  125 56.0 58.0 1
   18 1046  135    0 56.0 90.0 1
   26  559  156    0 52.0 90.0 1
   18 1721  135  125 56.0 58.0 1
    1  311  125   28 58.0 82.0 1
   14 1017  193  130 46.0 57.0 1
    5 1307  193  135 46.0 56.0 1
   13  450  135    0 56.0 90.0 1
    2 1140  230  125 41.0 58.0 1
    2  911  125   28 58.0 82.0 1
   14 1353   28    0 82.0 90.0 1
   11  929  193   28 46.0 82.0 1
    1  928  230  125 41.0 58.0 0
   25 1267  193  156 46.0 52.0 0
    8  646  156   28 52.0 82.0 1
    6  430  130    0 57.0 90.0 1
    8 1615  130    0 57.0 90.0 1
   11  304  130    0 57.0 90.0 1
   13  427  125    0 58.0 90.0 1
   11 1009  156    0 52.0 90.0 1
