 300  20   1  62
   17  736   77   77 69.0 69.0 1
   10 1760    7    7 88.0 88.0 1
   19 1224    7    7 88.0 88.0 1
   12 1524   17   17 85.0 85.0 1
   19 1019   93   93 65.0 65.0 1
    7 1052   17   17 85.0 85.0 1
    6  801   17   17 85.0 85.0 1
    1  673    7    7 88.0 88.0 1
    8 3442  125  125 58.0 58.0 1
   16 1481    3    3 89.0 89.0 1
   23  465  145    3 54.0 89.0 0
   21 1649   77    3 69.0 89.0 1
   14  866   93    3 65.0 89.0 1
   17  512  125    7 58.0 88.0 1
   19  884  308    3 33.0 89.0 1
   13 1343  145   93 54.0 65.0 1
   12  576  125    7 58.0 88.0 1
   23  533   93    0 65.0 90.0 1
   23  531   77    0 69.0 90.0 1
   20 1147  308   93 33.0 65.0 1
