 300  21   1  61
   22 3197   54   54 75.0 75.0 1
   18 1762   54   54 75.0 75.0 1
    4 3025   81   81 68.0 68.0 1
   22 2508   54   54 75.0 75.0 1
   18 2846   54    0 75.0 90.0 0
    4  652   54   54 75.0 75.0 1
   10 2183   54    0 75.0 90.0 1
    7  850   81   54 68.0 75.0 1
    5 3336   54    0 75.0 90.0 1
    8 3198   81    0 68.0 90.0 1
   19 1441  297   81 34.0 68.0 1
   20 1102   81   54 68.0 75.0 1
   18 1915  297    0 34.0 90.0 0
   19 2322   81   54 68.0 75.0 1
    8 2628  297   54 34.0 75.0 1
   19 2383   54   54 75.0 75.0 0
   13 1137   81   54 68.0 75.0 1
   21  798  297   54 34.0 75.0 0
   21 2361   54   54 75.0 75.0 1
    3 1122  297   54 34.0 75.0 1
   21 2827   54    0 75.0 90.0 0
