 300  27   5  64
    8 3279   17   17 85.0 85.0 1
   16  315   69   69 71.0 71.0 1
   11 3398  106   69 62.0 71.0 1
   15  982   69   17 71.0 85.0 1
    7 1053  106   17 62.0 85.0 1
    7 2794   43   39 78.0 79.0 1
   10 3395   85   43 67.0 78.0 1
   14  341   43   39 78.0 79.0 1
    8  436   43    0 78.0 90.0 1
    9  633  214   39 43.0 79.0 1
   12  590   35   32 80.0 81.0 1
   15 2973   35    7 80.0 88.0 0
   16 1079   35    0 80.0 90.0 1
    8  304  102   46 63.0 77.0 1
   17  502   73   32 70.0 81.0 1
   10 1739  346  102 30.0 63.0 1
   17  937  111   35 61.0 80.0 1
   14 3195  297    0 34.0 90.0 1
    9 3208   35    0 80.0 90.0 0
   13 2173  297    0 34.0 90.0 1
    8 2276  111    0 61.0 90.0 1
   10 1442  320    0 32.0 90.0 1
    6 1622  320  174 32.0 49.0 1
   16  528  174   81 49.0 68.0 1
    1  365  174    0 49.0 90.0 1
   17 3268   81    0 68.0 90.0 1
    6  436  174    0 49.0 90.0 0
