 300  20   1  61
   26 2139   73   73 70.0 70.0 1
    8 1768  222  222 42.0 42.0 1
    2  762   73   73 70.0 70.0 1
   19 2413  320  320 32.0 32.0 1
    1 3076  222  222 42.0 42.0 1
   15 1616   43   43 78.0 78.0 1
   11  648   61   61 73.0 73.0 1
    8  500   73   73 70.0 70.0 0
   23 1817   43   43 78.0 78.0 1
    2 1753   43    0 78.0 90.0 1
   12 2152   73    0 70.0 90.0 1
    8 1487  207    0 44.0 90.0 1
   16 2939  308   73 33.0 70.0 1
   24 3303   43    0 78.0 90.0 1
   22 2059   61   43 73.0 78.0 1
   18 2137  222  207 42.0 44.0 1
   14 2974   73   61 70.0 73.0 1
   28 2830  320   73 32.0 70.0 1
   28  419   61    0 73.0 90.0 1
   15 2170  320  308 32.0 33.0 0
