 300  16   2  63
    1 3313  214  214 43.0 43.0 1
   16 2536  168    0 50.0 90.0 0
    3 1759  168   57 50.0 74.0 1
    4 2529   57    7 74.0 88.0 1
   31  983  168    7 50.0 88.0 0
   32 2757  214    3 43.0 89.0 1
    7  856  214    0 43.0 90.0 1
   22 1222    7    3 88.0 89.0 1
   30 3599  106   54 62.0 75.0 1
   32 1348  106    0 62.0 90.0 1
   15 2047  125    0 58.0 90.0 1
   15 2498  125    0 58.0 90.0 1
   14  481  193   21 46.0 84.0 1
   18 3510  193  106 46.0 62.0 1
   33 2533  125    3 58.0 89.0 0
   27 1237  193   54 46.0 75.0 1
