 300  28   4  64
   10 1276  193  193 46.0 46.0 1
   21  871  200  200 45.0 45.0 1
   21 2700  200   43 45.0 78.0 1
   21  762  200   57 45.0 74.0 1
    3  979  102   57 63.0 74.0 1
    1  611  238   43 40.0 78.0 1
    3 1339   57   28 74.0 82.0 1
    5 3267  162   57 51.0 74.0 1
   11  313   14    0 86.0 90.0 1
   15  826  106   14 62.0 86.0 1
    8 2984   14    0 86.0 90.0 1
    9 2841  106   14 62.0 86.0 1
    2 1335  106    0 62.0 90.0 1
   10 1322  106    0 62.0 90.0 1
    2  308  106    0 62.0 90.0 1
   21 1407  115    0 60.0 90.0 1
   14 1679  115    0 60.0 90.0 1
   19 3210  115   89 60.0 66.0 1
    4 1353  115   89 60.0 66.0 1
   18  832  115   89 60.0 66.0 1
   11 3525   89    0 66.0 90.0 1
    1  843   89    0 66.0 90.0 0
   20  399   77    0 69.0 90.0 1
    2  960  238    0 40.0 90.0 0
   10 1509  297  214 34.0 43.0 1
   14 2978  297   85 34.0 67.0 1
    8 3396  297  135 34.0 56.0 1
   16 1179  297   85 34.0 67.0 1
