 300  25   4  63
   18 3259  145  145 54.0 54.0 1
    7 2555    3    3 89.0 89.0 1
   10 2679  140    0 55.0 90.0 0
    2 2744  145    7 54.0 88.0 1
   15 1120  145    7 54.0 88.0 1
   13 1948  140    0 55.0 90.0 1
   20 2584  222  140 42.0 55.0 1
   15 2658   50    0 76.0 90.0 1
    6 2899  222   10 42.0 87.0 0
   15 1010   50   10 76.0 87.0 1
    4 2158  140   50 55.0 76.0 1
    4 3216  247   39 39.0 79.0 0
   12 2544  168   46 50.0 77.0 1
   13 1428  247   35 39.0 80.0 1
    2  949  247   35 39.0 80.0 1
    8  993  247   89 39.0 66.0 1
   19 1638   35    0 80.0 90.0 1
   10  774  168   39 50.0 79.0 1
   17 1392  247  168 39.0 50.0 1
   15 2311   54    7 75.0 88.0 1
   10 3431   28    7 82.0 88.0 1
   15  556    7    0 88.0 90.0 1
   21 2574  187   54 47.0 75.0 1
   17 1269  187   54 47.0 75.0 1
   12  863  187   28 47.0 82.0 1
