 300  28   1  61
   17 1130   35    0 80.0 90.0 1
   14 1892  102    0 63.0 90.0 1
    2  514   46    0 77.0 90.0 1
    1  561  102    0 63.0 90.0 1
    9 2739  102   43 63.0 78.0 1
    9  967  102    0 63.0 90.0 0
   18 2419   43    0 78.0 90.0 1
   12 1468  207  102 44.0 63.0 0
   14 2092  102    0 63.0 90.0 1
   15 2190  207    0 44.0 90.0 1
    7 2580   43    0 78.0 90.0 1
    6 3188  102    0 63.0 90.0 1
   15 1122  207    0 44.0 90.0 1
   18 1531   43   35 78.0 80.0 1
   14  803  102   43 63.0 78.0 1
   17  526  102   35 63.0 80.0 1
    4 1558   35    0 80.0 90.0 1
   17 2873   43   35 78.0 80.0 1
    5 2320  102   46 63.0 77.0 1
    8 1560   46   35 77.0 80.0 1
   15  445  102   35 63.0 80.0 1
    4 2460   43   35 78.0 80.0 1
    7 1058   43    0 78.0 90.0 1
    8 3421   46   35 77.0 80.0 1
    4 2312  207  102 44.0 63.0 1
   14 1917  207   43 44.0 78.0 1
   13  824  207  102 44.0 63.0 1
   13 2637  207    0 44.0 90.0 1
