 300  17   3  64
   10 3283   17   17 85.0 85.0 1
   19 1493  286   17 35.0 85.0 1
   25 1450  286   17 35.0 85.0 1
   12 3486  286   17 35.0 85.0 1
    7 1516  180    0 48.0 90.0 1
   21 2232  256    0 38.0 90.0 1
    5 3206  156    0 52.0 90.0 1
    7 3479  256  156 38.0 52.0 1
    7 1261  256  156 38.0 52.0 1
   24  901  256    0 38.0 90.0 1
   38 1011  156    0 52.0 90.0 1
   38 1030  265    0 37.0 90.0 1
   14  893  230    0 41.0 90.0 1
   36  756  230    0 41.0 90.0 1
   15 3221  230    0 41.0 90.0 1
   13 3118  230  207 41.0 44.0 1
    9 1779  230    0 41.0 90.0 1
