 300  28   4  63
    9 2503   14   14 86.0 86.0 1
   13 2759   50   50 76.0 76.0 1
   10 3488   50    0 76.0 90.0 1
   10 2817   50    0 76.0 90.0 1
   15 2649   50   14 76.0 86.0 1
   11 2868  140    0 55.0 90.0 1
    7 3395  140   50 55.0 76.0 1
   15  988  333  106 31.0 62.0 0
   16 2536   14    0 86.0 90.0 1
   16 2259   57    0 74.0 90.0 1
   11 3281  111  106 61.0 62.0 1
    2 3360   57   14 74.0 86.0 1
    3  493  106   57 62.0 74.0 1
   16 2638  333  111 31.0 61.0 1
    5 2259  180    0 48.0 90.0 1
   13 3358  265  102 37.0 63.0 1
    9 1465   61   57 73.0 74.0 1
    7  688  256   81 38.0 68.0 1
   15 2972  174   57 49.0 74.0 1
    8  709   61   57 73.0 74.0 1
   14  325   81   57 68.0 74.0 1
    3 3086  180   57 48.0 74.0 1
   15 1690  308   65 33.0 72.0 1
    4 1117  308   10 33.0 87.0 1
   12 1698   10    0 87.0 90.0 1
   17 3512   10    0 87.0 90.0 1
    9 3414  308   10 33.0 87.0 1
   15 1898   10    0 87.0 90.0 0
