 300  22   1  61
    7 1548  256  256 38.0 38.0 1
   20 2778  214  214 43.0 43.0 1
   21 3167  256  256 38.0 38.0 1
   25 3281  214    0 43.0 90.0 1
   20 1665  214    0 43.0 90.0 1
   12  940  256  214 38.0 43.0 1
    8 2553  214    0 43.0 90.0 1
   19 2764  214    0 43.0 90.0 1
    3 2532  256  214 38.0 43.0 1
   10 3209  256  214 38.0 43.0 1
   19  661  256    0 38.0 90.0 1
   23 2709  256    0 38.0 90.0 1
   12 1453  256    0 38.0 90.0 0
    6  860  256    0 38.0 90.0 1
    4 2504  256  214 38.0 43.0 1
    1 1319  256    0 38.0 90.0 1
    9 1365  256  214 38.0 43.0 1
    3 1970  214    0 43.0 90.0 1
   21 2326  256  214 38.0 43.0 1
   23 1495  256    0 38.0 90.0 1
   19 2067  214    0 43.0 90.0 1
   15 2238  214    0 43.0 90.0 1
