 300  22   3  64
   20  764  145  145 54.0 54.0 1
   22 1074  145  145 54.0 54.0 1
   13  846  156   98 52.0 64.0 1
    9 2970  286   28 35.0 82.0 1
   18  680  286   28 35.0 82.0 1
   25  713  286   28 35.0 82.0 0
   17 3081   98    0 64.0 90.0 1
   18  944  286   98 35.0 64.0 1
    1 2884   98    0 64.0 90.0 1
   13  581   98    0 64.0 90.0 1
   25 2909   21    0 84.0 90.0 1
   12 1899   21    0 84.0 90.0 1
    3 1896   98   21 64.0 84.0 1
   19 1746  265   61 37.0 73.0 0
    1 3031  265   39 37.0 79.0 1
   12  679  265   61 37.0 73.0 1
   15 1072   61    0 73.0 90.0 1
    1 1387   61    0 73.0 90.0 1
   24 1614   61    0 73.0 90.0 1
   10 3124  265   61 37.0 73.0 1
   15  544   61   39 73.0 79.0 1
    7  588   61    0 73.0 90.0 1
