 300  20   1  61
   18 1879   43   43 78.0 78.0 1
   17 2456  111  111 61.0 61.0 1
    2 3124  111  111 61.0 61.0 1
   12 1541  111  111 61.0 61.0 0
   11 1130  111  111 61.0 61.0 1
   30  912   43   43 78.0 78.0 1
    5  766   43   43 78.0 78.0 1
    1  696  111  111 61.0 61.0 1
   13 2693   43   43 78.0 78.0 1
   15 1077   54   43 75.0 78.0 1
   15  319   43    0 78.0 90.0 1
   23 2606   54   43 75.0 78.0 1
   25  754  111   43 61.0 78.0 1
   14 3322  111    0 61.0 90.0 1
    3 2218  111   54 61.0 75.0 0
    6 2876   54   43 75.0 78.0 1
    1 3251  111   43 61.0 78.0 1
   31  531   43    0 78.0 90.0 1
   25 1482   54    0 75.0 90.0 1
   33 2010   54   43 75.0 78.0 1
