 300  30   2  63
    3  341   50   50 76.0 76.0 1
   16 1553   77   77 69.0 69.0 1
   12 2066  346  346 30.0 30.0 1
    9 3185  238   50 40.0 76.0 1
   10  654   77    0 69.0 90.0 1
   16 3211  265   77 37.0 69.0 1
   11 1026  265  238 37.0 40.0 1
    1 1119  265    0 37.0 90.0 1
   14 3521   77    0 69.0 90.0 1
    1 1588  265   77 37.0 69.0 1
   12 1508   77    0 69.0 90.0 1
   18 3379  265    0 37.0 90.0 1
   11 1371  238   77 40.0 69.0 1
   12 2324  346   50 30.0 76.0 1
    4 1488  115   85 60.0 67.0 1
    3 2779  207   85 44.0 67.0 1
    7 3195  247  168 39.0 50.0 1
   17 2680  168   85 50.0 67.0 1
   21 1720  168   85 50.0 67.0 1
    8  950  115    0 60.0 90.0 0
    9  677  207  115 44.0 60.0 1
    6  321   85    7 67.0 88.0 1
    5 2595   50    0 76.0 90.0 1
   14 3193   85    7 67.0 88.0 1
   14 2718   85    0 67.0 90.0 1
   18 2664  168    7 50.0 88.0 1
    5 2486  168    0 50.0 90.0 1
   10  332  115    0 60.0 90.0 1
    8 3060  207    0 44.0 90.0 1
    5 2545  168  115 50.0 60.0 1
