 300  15   1  62
   22 1740  162  162 51.0 51.0 1
   33  863   77   77 69.0 69.0 1
   19 3480   77   77 69.0 69.0 1
   13 1740  162    0 51.0 90.0 1
    1 1073  275  162 36.0 51.0 1
   20 1157   77    0 69.0 90.0 1
    1 1567  275    0 36.0 90.0 1
   43  621  162   77 51.0 69.0 1
    1 1670   77    0 69.0 90.0 1
   16 1112  275    0 36.0 90.0 0
   41 3473  275  162 36.0 51.0 1
    3 1009  162    0 51.0 90.0 1
   39 1525  275  162 36.0 51.0 1
   39  721   77    0 69.0 90.0 1
    9  863  275    0 36.0 90.0 1
