 300  26   4  68
    9 1680   39   39 79.0 79.0 0
   13 1568   77   77 69.0 69.0 1
   13 1527  320  265 32.0 37.0 1
   15 3334  106    0 62.0 90.0 1
   15  676   77    0 69.0 90.0 1
    7 1306  265  106 37.0 62.0 1
    9 1421  151  145 53.0 54.0 1
   16 3065  265  106 37.0 62.0 0
    8 2028  180    0 48.0 90.0 0
    9 2680  180    0 48.0 90.0 1
    9 1941  286    0 35.0 90.0 1
   10  952  286  180 35.0 48.0 1
   11 1871  286  180 35.0 48.0 1
   10  744  180    0 48.0 90.0 1
   16  762  286    0 35.0 90.0 0
   12 2038   77   28 69.0 82.0 1
   12 1576   28    0 82.0 90.0 1
   12  544  111    0 61.0 90.0 1
   12 2269   28    0 82.0 90.0 1
   11 1723  135   28 56.0 82.0 1
   10 1308  111   28 61.0 82.0 1
   17 1132  187    0 47.0 90.0 1
   10  901   81    0 68.0 90.0 1
    9 2779  187   81 47.0 68.0 1
   13  735   39    0 79.0 90.0 1
   12  835   81   39 68.0 79.0 1
