 300  20   3  67
   20 2417  275  275 36.0 36.0 1
   16 2633  275  140 36.0 55.0 1
   17 1267  162   69 51.0 71.0 1
   18 2139  275   93 36.0 65.0 1
   15 3483  156   93 52.0 65.0 1
   11 2114  156   93 52.0 65.0 1
   16 3594  346   93 30.0 65.0 1
   18 2331  346  102 30.0 63.0 1
   16 2889   14    0 86.0 90.0 1
   11 3210  286  120 35.0 59.0 1
   10  687  168    0 50.0 90.0 1
   13 1744  238  102 40.0 63.0 1
   10 3163  238  168 40.0 50.0 1
   16  459  120   14 59.0 86.0 1
   15 1289  140   93 55.0 65.0 1
   18 1051   21    0 84.0 90.0 1
   16 3516   93   32 65.0 81.0 1
   10 2369  207  140 44.0 55.0 1
   14 1175  207  140 44.0 55.0 1
   20 1577  140    0 55.0 90.0 1
