 300  28   1  66
   13  732  168  168 50.0 50.0 1
   15  414   89   89 66.0 66.0 0
    8  570   93   93 65.0 65.0 1
   16 1315  297  297 34.0 34.0 1
    8  470    3    3 89.0 89.0 1
   14 1161   28    3 82.0 89.0 1
   14 1231  168   93 50.0 65.0 1
   16  592  168   93 50.0 65.0 1
   11  927  168   28 50.0 82.0 1
   13 1257  168   28 50.0 82.0 1
    8  542  168    3 50.0 89.0 1
    6  352   93    3 65.0 89.0 1
    9  910   28    3 82.0 89.0 1
   10  626   89    0 66.0 90.0 1
    7 1642   93    0 65.0 90.0 1
   14 3529   89   28 66.0 82.0 1
   10 1097  297   28 34.0 82.0 1
    8  357   93    3 65.0 89.0 1
   12  993  265   89 37.0 66.0 0
    9  945  265    0 37.0 90.0 1
   11  397   93    3 65.0 89.0 1
   13 1536  265    0 37.0 90.0 1
   13 1479  168   28 50.0 82.0 1
   10  397    3    0 89.0 90.0 1
    9  763   28    0 82.0 90.0 0
    7 1503  168   89 50.0 66.0 1
    8 1736  265   93 37.0 65.0 1
    8 1093   93   28 65.0 82.0 1
