 300  22   2  68
   15  995    3    3 89.0 89.0 1
   12  913   69   69 71.0 71.0 0
   17  599   85   69 67.0 71.0 1
   12  562   69   14 71.0 86.0 1
   17 3419  174    0 49.0 90.0 1
   18  566   14    0 86.0 90.0 1
   16 1597  265   69 37.0 71.0 1
   20  671   10    0 87.0 90.0 1
   13 1569  265    3 37.0 89.0 1
    9  986   14   10 86.0 87.0 1
   12 1186  265   14 37.0 86.0 1
   14 1614  265  174 37.0 49.0 1
   14 1776   69   17 71.0 85.0 1
   20 3304  135    0 56.0 90.0 1
   12  584   77   69 69.0 71.0 1
   11 1705   69   17 71.0 85.0 1
   11 1637   77   69 69.0 71.0 1
    9  999  135   69 56.0 71.0 1
   11 1363   77   69 69.0 71.0 1
   15  990   69    0 71.0 90.0 1
   13  623  135   77 56.0 69.0 1
    9 1778  125    0 58.0 90.0 1
