 300  21   2  68
   17  796   69   69 71.0 71.0 1
   10 1088   69    0 71.0 90.0 1
   14 1160   50    0 76.0 90.0 0
   13 1057   69   50 71.0 76.0 1
   10 3047   69    0 71.0 90.0 1
   13  933  151   50 53.0 76.0 1
   16 1757  151  106 53.0 62.0 1
   13 1217  151    0 53.0 90.0 0
   18  701   69   50 71.0 76.0 0
   13 1375  238   93 40.0 65.0 1
   16 1553  238  238 40.0 40.0 1
   20 1051  238   93 40.0 65.0 1
   13 3332  162   93 51.0 65.0 1
   18 1721  187   17 47.0 85.0 1
   14 1722  238   93 40.0 65.0 1
   12 1212  238   17 40.0 85.0 1
   11 1743   10   10 87.0 87.0 1
   13 1196  187  162 47.0 51.0 0
   12  576   17    0 85.0 90.0 1
   19  509   93   17 65.0 85.0 1
   15 1628   93   10 65.0 87.0 1
