 300  26   1  66
   11  641  151  151 53.0 53.0 1
    7 1026  180  180 48.0 48.0 1
    8  719  180  151 48.0 53.0 0
   14  410   43   21 78.0 84.0 1
    8  437   21    0 84.0 90.0 1
   12 1764  130    0 57.0 90.0 1
   15  862  193  130 46.0 57.0 1
    8 3575  265  180 37.0 48.0 1
    9  667  180  130 48.0 57.0 1
    8 1423   43   21 78.0 84.0 1
   10  619   43   21 78.0 84.0 1
   14  776  130   21 57.0 84.0 1
   15  719  180   43 48.0 78.0 1
    8  747  193   43 46.0 78.0 1
   12 3508  180  151 48.0 53.0 1
   16  567  130   21 57.0 84.0 1
   14  679  265    0 37.0 90.0 1
   17  358   43   21 78.0 84.0 1
   14  317  130   21 57.0 84.0 1
   11 1001  193  130 46.0 57.0 1
   17 1471  265  193 37.0 46.0 1
    9 1183  130   43 57.0 78.0 1
   15 1141  193   21 46.0 84.0 1
   12 1252  180   21 48.0 84.0 1
    7 1505  151  130 53.0 57.0 1
    9 1003  193  180 46.0 48.0 0
