 300  19   3  67
   15 2666  102    0 63.0 90.0 1
   12 2324  200   28 45.0 82.0 1
   19 3216  200   28 45.0 82.0 1
   15 2471  200    0 45.0 90.0 1
   14 2077   28    0 82.0 90.0 1
   11 1590  102    0 63.0 90.0 1
   19  352  102   28 63.0 82.0 1
   11 2053  156   57 52.0 74.0 1
   16  904  207   54 44.0 75.0 1
   20 3142  125   17 58.0 85.0 0
   18  781   17    0 85.0 90.0 1
   16 2966  156   57 52.0 74.0 0
   20 3109  207  125 44.0 58.0 1
   17 2864  156   28 52.0 82.0 1
   22 2397  156   28 52.0 82.0 1
   20 1376  156    0 52.0 90.0 1
   11 1295  156   28 52.0 82.0 0
   13 1879  156    0 52.0 90.0 1
   11 1820  156   28 52.0 82.0 1
