 300  16   1  66
   18 1102  120  120 59.0 59.0 1
   18 1167  120  120 59.0 59.0 1
   19  381  120   54 59.0 75.0 1
   18  651  120   54 59.0 75.0 1
   16 3596  120    0 59.0 90.0 0
   24  843  120    0 59.0 90.0 1
   21 1516  120    0 59.0 90.0 1
   17  789  120   54 59.0 75.0 1
   18  971  120   54 59.0 75.0 1
   23 1388  120   54 59.0 75.0 0
   22 1664  120   54 59.0 75.0 1
   14 1642  120    0 59.0 90.0 1
   19 1398  120    0 59.0 90.0 0
   18  789  120   54 59.0 75.0 1
   19  584   54    0 75.0 90.0 1
   16  656  120    0 59.0 90.0 1
