 300  19   2  68
   12  750   10   10 87.0 87.0 1
   18 1161  111  111 61.0 61.0 0
   19 1518  135  135 56.0 56.0 1
   16 2755  162  162 51.0 51.0 1
   10 1314  135   85 56.0 67.0 0
   18 3098  187  135 47.0 56.0 1
   13  470  135   10 56.0 87.0 1
   20  637  200   85 45.0 67.0 1
   16 1127  120    0 59.0 90.0 1
   18 1463  297  247 34.0 39.0 1
   19 1400  247    0 39.0 90.0 1
   14 1016  247    0 39.0 90.0 1
   20  570   85    0 67.0 90.0 1
   12 1725  247    0 39.0 90.0 1
   19 1471  297   85 34.0 67.0 1
   15 1679  297  247 34.0 39.0 1
   14 3247  297    0 34.0 90.0 1
   15  583   85    0 67.0 90.0 1
   12 1633  297    0 34.0 90.0 1
