 300  23   1  65
   15 3374  286  286 35.0 35.0 1
   16  774  286    0 35.0 90.0 1
   17 1031  200  200 45.0 45.0 1
   13 2013  200    0 45.0 90.0 1
    8 1734  286  200 35.0 45.0 1
    8 1003  286  200 35.0 45.0 0
   17 1897  286  200 35.0 45.0 1
   16 1065  286  200 35.0 45.0 1
   16 2394  200    0 45.0 90.0 1
    8  578  286    0 35.0 90.0 0
   15 1625  286  200 35.0 45.0 1
   17  879  200    0 45.0 90.0 1
   11 3024  286    0 35.0 90.0 0
   14 1294  286  200 35.0 45.0 1
    9 2362  200    0 45.0 90.0 1
   16  658  286    0 35.0 90.0 1
   10  599  200    0 45.0 90.0 1
    9  972  286  200 35.0 45.0 1
   17 1075  286    0 35.0 90.0 0
   13 1644  286    0 35.0 90.0 1
   15 3259  286    0 35.0 90.0 1
    8 1966  286    0 35.0 90.0 1
   12 1436  286  200 35.0 45.0 1
