 300  22   1  66
   17  972  102  102 63.0 63.0 1
   14  616  102    0 63.0 90.0 1
   17 2704  265    0 37.0 90.0 1
   18  840  125  102 58.0 63.0 0
   15  384  125    0 58.0 90.0 1
   12  932  265  125 37.0 58.0 1
   18 1392  265  187 37.0 47.0 1
   12 1463  187  102 47.0 63.0 1
   14  726  187  125 47.0 58.0 1
   18 1240  187  125 47.0 58.0 1
   12 1292  102    0 63.0 90.0 1
    9 1756  187    0 47.0 90.0 1
   16 1245  265    0 37.0 90.0 1
   16 1103  265  125 37.0 58.0 1
   10  850  187  102 47.0 63.0 1
    9 1422  125  102 58.0 63.0 1
   17 2978  265  125 37.0 58.0 1
    9  869  265    0 37.0 90.0 1
   12  334  125    0 58.0 90.0 0
    8 1459  125    0 58.0 90.0 1
   10  314  102    0 63.0 90.0 1
   17 1598  265  125 37.0 58.0 1
