 300  23   3  67
   13 3493  222  222 42.0 42.0 1
   18 1403  286    0 35.0 90.0 1
    8 3357  286    0 35.0 90.0 1
    9 2514  222   21 42.0 84.0 1
   12  404   21    0 84.0 90.0 1
   18  645  286    0 35.0 90.0 1
    9 3329  297   21 34.0 84.0 1
    9 1594  222   21 42.0 84.0 1
   16  850  140   39 55.0 79.0 1
   12 3118  265   35 37.0 80.0 1
   11 2372  140   14 55.0 86.0 1
   14 2530  140   39 55.0 79.0 1
    9  460   35    0 80.0 90.0 1
   18 1778  265    0 37.0 90.0 1
   12  791  140  115 55.0 60.0 1
   16 1597  247  156 39.0 52.0 0
   10  467  162    0 51.0 90.0 1
   14 3084  346  247 30.0 39.0 0
   15  833  247  102 39.0 63.0 1
   17 2468  156  125 52.0 58.0 1
   14  986  162  156 51.0 52.0 1
   11 1418  162   57 51.0 74.0 1
   15  527  102    0 63.0 90.0 1
