 300  28   4  68
    9 3600  174  174 49.0 49.0 1
   11 1053  174   65 49.0 72.0 1
    8  599  174    0 49.0 90.0 1
   13 1679  174    0 49.0 90.0 1
   11 3404   65    0 72.0 90.0 0
    9 2978  115    0 60.0 90.0 1
   10 1673  145   61 54.0 73.0 1
   14 1920  145  115 54.0 60.0 1
    8 3442  256  115 38.0 60.0 1
   11 2314  115   61 60.0 73.0 0
   12 3160  256  145 38.0 54.0 1
    6 3328  145  115 54.0 60.0 1
   10 1692  115   10 60.0 87.0 1
   12 2479  256  145 38.0 54.0 1
   10 2471   50    0 76.0 90.0 1
    8 3043   50    0 76.0 90.0 0
    6  585  120    0 59.0 90.0 1
    8 2542  120   50 59.0 76.0 1
   14 1559  168   50 50.0 76.0 1
    8 2726  115   50 60.0 76.0 1
   13 2229  297    0 34.0 90.0 1
   14  387   35    3 80.0 89.0 0
   15 1310  297    3 34.0 89.0 1
   10  394  156    3 52.0 89.0 1
    8 3567  297  156 34.0 52.0 1
   14 1962  297    0 34.0 90.0 0
   14 2875  297  156 34.0 52.0 1
   14 1392  156    0 52.0 90.0 1
