 300  24   2  67
    9  728  265    0 37.0 90.0 1
   17 3035  265  174 37.0 49.0 1
   12 3380  265    0 37.0 90.0 1
   10 2697  265    0 37.0 90.0 1
    9  565  174    0 49.0 90.0 1
   16 3275  265  174 37.0 49.0 1
   13 3283  265    0 37.0 90.0 1
   10 1107  238    0 40.0 90.0 1
   14 2922  180    0 48.0 90.0 1
    9 3226  275    0 36.0 90.0 1
   11  659  174    0 49.0 90.0 1
   16 2431  275    0 36.0 90.0 1
    9 2267  275  214 36.0 43.0 1
   15 1651  214    0 43.0 90.0 1
    8 1770  320  180 32.0 48.0 1
   13 2153  320  180 32.0 48.0 1
   12 2122  275  174 36.0 49.0 1
   15 2423  180    0 48.0 90.0 1
   15 1528  275  214 36.0 43.0 1
   10  822  214  180 43.0 48.0 0
   16 2620  238  180 40.0 48.0 1
   11 3262  275    0 36.0 90.0 1
   15 2584  275    0 36.0 90.0 1
   15  961  275  174 36.0 49.0 1
