 300  21   1  66
   16  999  174  174 49.0 49.0 1
   16 1046  120  120 59.0 59.0 1
   11 1563   46   46 77.0 77.0 1
   16  780   46   46 77.0 77.0 1
   12 1625  320  187 32.0 47.0 1
   16 1303  320  162 32.0 51.0 1
   20 1445  320   43 32.0 78.0 1
   16  804  174  120 49.0 59.0 1
   14 3197   46   43 77.0 78.0 1
   17 1270  297   46 34.0 77.0 1
   12  762  187  162 47.0 51.0 1
   14 1540  320  174 32.0 49.0 1
   18 1364  297  174 34.0 49.0 1
   15 1605   43    0 78.0 90.0 1
   15  930  174   43 49.0 78.0 1
   14 1092  120   43 59.0 78.0 1
   12 1388  320   39 32.0 79.0 1
   12 1212  320  174 32.0 49.0 0
   11 1388  320  174 32.0 49.0 1
   11 1286  297  187 34.0 47.0 0
   12  900   43    0 78.0 90.0 1
