 300  18   1  66
   18  763  135  135 56.0 56.0 1
   15  701   14   14 86.0 86.0 1
   11  785  308   57 33.0 74.0 0
   20 3286   93   25 65.0 83.0 1
   17  788  125    0 58.0 90.0 1
   20 1538  135   14 56.0 86.0 1
   21 1310   25   14 83.0 86.0 1
   19  905   98   57 64.0 74.0 1
   14  368   93    0 65.0 90.0 1
   17  939  135   25 56.0 83.0 1
   12  812  125   14 58.0 86.0 1
   16 1766  125   14 58.0 86.0 1
   13 1504  308  125 33.0 58.0 0
   16 1600   98   57 64.0 74.0 1
   19 1603   93   14 65.0 86.0 1
   20  326   98    0 64.0 90.0 1
   21 3531  125   93 58.0 65.0 1
   11 1711   98    0 64.0 90.0 1
