 300  27   4  67
   10 1932    7    7 88.0 88.0 1
   10 1770   25   25 83.0 83.0 1
   11 1812   25    7 83.0 88.0 1
   10  884   25    0 83.0 90.0 1
   10 3496   50   25 76.0 83.0 0
    7 2191  238    7 40.0 88.0 1
   13  374   10    0 87.0 90.0 1
   11 3342  238  207 40.0 44.0 1
   14  733  207    0 44.0 90.0 1
   14 3454  308  238 33.0 40.0 1
   11 2869  308   10 33.0 87.0 1
   11 1566  207   10 44.0 87.0 1
   12  861   10    0 87.0 90.0 1
   11 1312  286   10 35.0 87.0 1
   13 1873  214   57 43.0 74.0 1
   14  553  265    0 37.0 90.0 1
   13  931  214    0 43.0 90.0 1
    6 1378  265   57 37.0 74.0 1
    9  551  265    0 37.0 90.0 1
    9 1812  214   57 43.0 74.0 1
   13  651   57    0 74.0 90.0 1
   12 3300  275    0 36.0 90.0 1
   13 1083  275   89 36.0 66.0 1
   11 2283  275   89 36.0 66.0 1
    7 3458   89   10 66.0 87.0 1
   14 3333  275    0 36.0 90.0 1
   11 2421   89   10 66.0 87.0 1
