 300  29   3  68
   11 3102   85   85 67.0 67.0 1
   10  697   89    0 66.0 90.0 1
    9  405   89   85 66.0 67.0 1
   11 1138  247   35 39.0 80.0 1
    9 1742   39    0 79.0 90.0 1
   11  617   93   89 65.0 66.0 0
   10  549   93   89 65.0 66.0 1
    8  996   85    0 67.0 90.0 1
   13  577   93   85 65.0 67.0 1
    6 1443   85   39 67.0 79.0 1
    8 1473   39   35 79.0 80.0 1
   12  946  247   93 39.0 65.0 1
   15 1373  247   93 39.0 65.0 1
   10  554  130   89 57.0 66.0 1
    7 1522  130   21 57.0 84.0 1
   12  946  145   21 54.0 84.0 0
   10  610   89   21 66.0 84.0 1
   13 3374   98   21 64.0 84.0 1
   12  632   89    0 66.0 90.0 1
   11 1470  130    0 57.0 90.0 1
   13 2716  145   89 54.0 66.0 1
    8 1272  145  130 54.0 57.0 1
   10  332   21    0 84.0 90.0 1
    6  570  151   25 53.0 83.0 1
   12 3064  140    0 55.0 90.0 1
   12  317  151    0 53.0 90.0 1
   12 3135  333   21 31.0 84.0 1
    6 1924  151    0 53.0 90.0 1
   13  675   21    0 84.0 90.0 1
