 300  17   1  65
   21  814   81    0 68.0 90.0 1
   14 3435  238   65 40.0 72.0 0
   17 3489  174   69 49.0 71.0 1
   16 1632  174   65 49.0 72.0 1
   18  563  174   81 49.0 68.0 1
   22 1618   65    0 72.0 90.0 1
   15 1069  174    0 49.0 90.0 1
   13 2302  238   69 40.0 71.0 1
   13 2806   69   65 71.0 72.0 1
   20 2998   81   69 68.0 71.0 1
   19 2711  180   81 48.0 68.0 1
   19 3501  238  180 40.0 48.0 0
   18 3397   81   65 68.0 72.0 0
   18 2103  174   65 49.0 72.0 1
   18  367  180    0 48.0 90.0 1
   16 2822  180  174 48.0 49.0 1
   23  969  238    0 40.0 90.0 1
