 300  25   5  68
    8  607   54   54 75.0 75.0 0
   13 1466   14   14 86.0 86.0 0
   14 1398  265   14 37.0 86.0 0
   17 3052  265  174 37.0 49.0 1
   13 2915   81    0 68.0 90.0 1
   10 3482  222  135 42.0 56.0 1
   15  672  222    0 42.0 90.0 1
   14 2869  222  135 42.0 56.0 1
   16  964  151    0 53.0 90.0 1
   11 1169  135   73 56.0 70.0 0
   12 1362  256  140 38.0 55.0 1
   15  935  275   10 36.0 87.0 1
   15 1288   46    0 77.0 90.0 1
   10 2860  256  140 38.0 55.0 1
   13  449  140   46 55.0 77.0 0
   10  960  256   17 38.0 85.0 1
   11 1627  333    0 31.0 90.0 1
   16 1710  256  151 38.0 53.0 0
    7  533  174    3 49.0 89.0 1
    9 2715  333  151 31.0 53.0 1
    9  362   39    0 79.0 90.0 1
   11  893  308   39 33.0 79.0 1
   12 3491  308   39 33.0 79.0 1
    7  443  193    0 46.0 90.0 1
   12 1452  308  193 33.0 46.0 1
