 300  21   4  68
   10 3478    3    3 89.0 89.0 1
   16  645    3    3 89.0 89.0 1
   12 3364  151   81 53.0 68.0 1
   14 1171  111   81 61.0 68.0 1
   19  853  151  135 53.0 56.0 1
   18  698  120   25 59.0 83.0 1
   17 3154  174   32 49.0 81.0 1
   14 2125  275  120 36.0 59.0 0
   18 1835  140    0 55.0 90.0 1
   11 1684  120    0 59.0 90.0 1
   18 2847  346  238 30.0 40.0 1
   13 1617  346  187 30.0 47.0 1
   13 3221  187  111 47.0 61.0 1
    9 3504  238  140 40.0 55.0 1
   15  497  238    0 40.0 90.0 1
   13 2507  140  111 55.0 61.0 1
   14 2205  238    0 40.0 90.0 1
   14 3314  256  151 38.0 53.0 1
   14 2784  256  151 38.0 53.0 1
   13 1994  247  230 39.0 41.0 1
   15 1799  256   50 38.0 76.0 1
