 300  27   4  68
    8 2996  207  207 44.0 44.0 1
    7 1156  286  286 35.0 35.0 1
   10  394  168   28 50.0 82.0 1
    7 1283  168   65 50.0 72.0 1
   16  784   28    0 82.0 90.0 1
   13 3072   46   28 77.0 82.0 1
    9 1323  200   35 45.0 80.0 1
   12  543  200    0 45.0 90.0 1
    7 1701  130   35 57.0 80.0 1
   15 1692  308  180 33.0 48.0 1
   11 3072  130    0 57.0 90.0 1
   11  580  180   35 48.0 80.0 1
   12 1104  214  180 43.0 48.0 1
   14 1683  230  130 41.0 57.0 1
   11 3007  230  130 41.0 57.0 1
    9 3000  230    0 41.0 90.0 0
    8 1675  214  180 43.0 48.0 1
   12  755  214    0 43.0 90.0 1
    9  898  230  214 41.0 43.0 1
   12 1657  256  222 38.0 42.0 0
   14  373   85    0 67.0 90.0 1
   14 1450  222   32 42.0 81.0 1
   16  562  256    0 38.0 90.0 1
    8 1059  247   85 39.0 67.0 1
    9 3522  222  125 42.0 58.0 1
   14 1758  247  222 39.0 42.0 1
   12  993  256   50 38.0 76.0 1
