 300  21   1  65
   18 2340  222  222 42.0 42.0 1
    9 1091   10   10 87.0 87.0 1
   15  492   77   77 69.0 69.0 1
   12 1182  230   77 41.0 69.0 1
   11  475   77   10 69.0 87.0 1
   18 3322  168   10 50.0 87.0 1
   16 2647  222   10 42.0 87.0 1
   13 1843  230  168 41.0 50.0 1
   13 1258   10   10 87.0 87.0 1
   19 2647  180    0 48.0 90.0 1
   18  743   10   10 87.0 87.0 1
   12 1977  180   77 48.0 69.0 1
   10  697  222  106 42.0 62.0 1
   12 2472  230   10 41.0 87.0 1
   17 2337   77    0 69.0 90.0 1
    9 1773  168   77 50.0 69.0 1
   18 2366   77   10 69.0 87.0 1
   13 3480   77   10 69.0 87.0 1
   19  405   10    0 87.0 90.0 1
   19 2470  180  168 48.0 50.0 1
    9 2879  230   10 41.0 87.0 1
