 300  18   2  67
   22  806   85   85 67.0 67.0 1
   12 2628   85   85 67.0 67.0 1
   16 3195  297   17 34.0 85.0 1
   16 1801  297   85 34.0 67.0 1
   14 1586  297  297 34.0 34.0 1
   14 2118  297    0 34.0 90.0 1
   19 1111   85    0 67.0 90.0 1
   12  450   85   17 67.0 85.0 1
   13  420   17    0 85.0 90.0 1
   14  652   17    0 85.0 90.0 0
   22 2484  102    0 63.0 90.0 0
   23 2633  238   10 40.0 87.0 1
   15 1946  308   65 33.0 72.0 1
   15 1254  265  145 37.0 54.0 1
   16 2365  238   65 40.0 72.0 1
   20 2851  265  102 37.0 63.0 1
   16 1927  238   10 40.0 87.0 1
   21  720  145  102 54.0 63.0 1
