 300  18   1  65
   19  664   81   81 68.0 68.0 1
   14 3174  214    0 43.0 90.0 1
   12  380  102   54 63.0 75.0 1
   21 1560  115  102 60.0 63.0 1
   15  666  102   85 63.0 67.0 1
   21  412   85    0 67.0 90.0 1
   18 3310   81   54 68.0 75.0 1
   13 1852  102   54 63.0 75.0 1
   13 2054  214   81 43.0 68.0 1
   21  710   85    0 67.0 90.0 1
   19 2385  214   85 43.0 67.0 0
   13 1285  162   81 51.0 68.0 0
   22 3297   85   81 67.0 68.0 1
   15  309   54    0 75.0 90.0 1
   16 2776   81   54 68.0 75.0 1
   17 1279  102    0 63.0 90.0 1
   15 2351   81    0 68.0 90.0 1
   16 2924  102   81 63.0 68.0 1
