 300  20   4  67
   12 3424  102  102 63.0 63.0 1
   18 3455    3    3 89.0 89.0 1
   14 2838  102    0 63.0 90.0 1
   15 2493  102    3 63.0 89.0 1
   16 2967  102   65 63.0 72.0 0
   11 1108   69   17 71.0 85.0 1
   18  947  200   43 45.0 78.0 1
   14 2979  256  256 38.0 38.0 1
   16  321   69   43 71.0 78.0 1
   17 2132  200   69 45.0 71.0 1
   15  318   54    7 75.0 88.0 1
   15 2078  247    7 39.0 88.0 1
   15 3465  247   14 39.0 86.0 1
   16  812  168   14 50.0 86.0 1
   14 2544  247   54 39.0 75.0 0
   17  708  230   65 41.0 72.0 1
   11 3095  230  125 41.0 58.0 1
   17 2231  230    0 41.0 90.0 1
   15 1436  230    0 41.0 90.0 1
   14  461  125   65 58.0 72.0 1
