 300  26   5  71
   13 2302  174  174 49.0 49.0 1
   13  575   50   50 76.0 76.0 1
   10 2279  174  125 49.0 58.0 1
   11 2574  180   50 48.0 76.0 1
   11 3412  180    0 48.0 90.0 1
   10 1939  275   77 36.0 69.0 0
   10  595   77    0 69.0 90.0 1
   13 1072  275   77 36.0 69.0 1
   11 3121  275   77 36.0 69.0 1
   11  964   89   77 66.0 69.0 1
   11 2742  333   28 31.0 82.0 1
   13 3431   81   28 68.0 82.0 1
   10 2914  187   81 47.0 68.0 1
   12  924   81    0 68.0 90.0 1
   13  391   73   28 70.0 82.0 1
   12 2023  320    0 32.0 90.0 1
   10 3039  265    0 37.0 90.0 1
   10 3197  265  151 37.0 53.0 1
   12 2627  265  151 37.0 53.0 0
   13 3381  151    0 53.0 90.0 1
   13 1819  265  102 37.0 63.0 1
   11 2225  286  256 35.0 38.0 1
   10 1096  286  102 35.0 63.0 1
   12 2143  286  111 35.0 61.0 1
   12  524   89   50 66.0 76.0 1
   13 2809  102   50 63.0 76.0 1
