 300  30   5  72
    9 1577  265  265 37.0 37.0 1
   10 3391  265  247 37.0 39.0 1
   11 3565  320  140 32.0 55.0 1
    9 1604  265  247 37.0 39.0 1
    9  713  200  140 45.0 55.0 0
   10 1686  130   46 57.0 77.0 1
   10  678  130    0 57.0 90.0 1
   11 1757  115   46 60.0 77.0 1
   10 1032  130   46 57.0 77.0 1
   11  631  130    0 57.0 90.0 0
    9 3308  130    0 57.0 90.0 1
   10  867  256   46 38.0 77.0 1
   11  862   65    0 72.0 90.0 1
   11 3092  320   65 32.0 72.0 1
   11 3486  247    3 39.0 89.0 1
   11 2404  130    3 57.0 89.0 1
   11 1828  320    3 32.0 89.0 1
    9 1218  247    0 39.0 90.0 0
   10  328   54    0 75.0 90.0 1
    9 1877   54    0 75.0 90.0 1
    9 3244   54    0 75.0 90.0 1
    9  937   46    0 77.0 90.0 0
   10 1391   54    0 75.0 90.0 1
   10 1295   54   46 75.0 77.0 1
   10 3314   57   50 74.0 76.0 1
   11 1216  102   50 63.0 76.0 1
    9 1693   69   65 71.0 72.0 1
   11  723   69   57 71.0 74.0 1
   11 1116  162   57 51.0 74.0 0
    8 3351  102   50 63.0 76.0 1
