 300  17   1  69
   19  403   25   25 83.0 83.0 1
   19  570  106  106 62.0 62.0 0
   18 3075  297  297 34.0 34.0 1
   17 1278  106  106 62.0 62.0 1
   19  433  106  106 62.0 62.0 1
   17 1152  106  106 62.0 62.0 1
   17 1692  180  120 48.0 59.0 1
   18 1787  180  106 48.0 62.0 1
   16 1244  180  120 48.0 59.0 0
   19 1312  180  120 48.0 59.0 1
   19 1907  174   25 49.0 83.0 1
   18 1651  297   25 34.0 83.0 1
   16 1462  106   25 62.0 83.0 1
   17 1264  180  174 48.0 49.0 1
   16  777  297    0 34.0 90.0 1
   16 2815  180   25 48.0 83.0 1
   19 3100  180  120 48.0 59.0 1
