 300  22   2  71
   14 1790  297  297 34.0 34.0 1
   14 2088  297  297 34.0 34.0 1
   15 1793  200  200 45.0 45.0 1
   12 1205  297  297 34.0 34.0 1
   14  938  297    0 34.0 90.0 1
   13 1916  200  174 45.0 49.0 1
   12 2122  297  200 34.0 45.0 0
   12  766  200  174 45.0 49.0 1
   13  841  200    0 45.0 90.0 1
   15  806  200    0 45.0 90.0 1
   13  799  297    0 34.0 90.0 1
   14 2530  174    0 49.0 90.0 1
   13 2999  200    0 45.0 90.0 1
   13 2770  297    0 34.0 90.0 1
   11 2114  297  200 34.0 45.0 1
   15 2727  200  174 45.0 49.0 1
   14 1380  200  174 45.0 49.0 1
   14  882  200   57 45.0 74.0 1
   15 2410   85   14 67.0 86.0 1
   14 1667  200   57 45.0 74.0 0
   15 1680  145    0 54.0 90.0 0
   15 3482  200   14 45.0 86.0 1
