 300  15   1  69
   21 2258  120  120 59.0 59.0 1
   21 3000  125  125 58.0 58.0 1
   18 1827  120  120 59.0 59.0 1
   21 1084  120  120 59.0 59.0 1
   22 3183  125  125 58.0 58.0 1
   21 1150  102  102 63.0 63.0 1
   20 2447   85   85 67.0 67.0 1
   18 1186  125   93 58.0 65.0 1
   21 1593  102    0 63.0 90.0 1
   19 1404   93   89 65.0 66.0 1
   18 2280  120   85 59.0 67.0 1
   19  938  120    0 59.0 90.0 1
   21 1870  125   89 58.0 66.0 1
   20 3099  120   85 59.0 67.0 0
   20 1882  125   93 58.0 65.0 1
