 300  27   4  72
   13 3271   81   81 68.0 68.0 1
   12  755   81   81 68.0 68.0 1
   12  900  275    0 36.0 90.0 1
   10  910  320  111 32.0 61.0 1
   10 3035  207  111 44.0 61.0 1
   12  825  207   81 44.0 68.0 1
   11 1295   73    0 70.0 90.0 1
   12 1017    3    0 89.0 90.0 1
   11 1152  247    3 39.0 89.0 0
   12 3383    3    0 89.0 90.0 1
   12  662  247    0 39.0 90.0 1
   12  674   73    0 70.0 90.0 0
   11 1719  247    0 39.0 90.0 1
   11  940    3    0 89.0 90.0 1
   12  454   73    3 70.0 89.0 1
   10 1791  200    0 45.0 90.0 0
   12 3379  200    0 45.0 90.0 1
   13 3129   77    0 69.0 90.0 1
   11 1243   65    0 72.0 90.0 1
    9  855  200    0 45.0 90.0 0
   11  531  111   10 61.0 87.0 1
   10 1999   85    0 67.0 90.0 1
   10 1341   85    0 67.0 90.0 0
   11 1873  346   85 30.0 67.0 1
   11 2534  162   85 51.0 67.0 1
   10  949  247   85 39.0 67.0 1
    9 3237  145    0 54.0 90.0 1
