 300  15   1  70
   22  484  120  120 59.0 59.0 1
   20  440   46   46 77.0 77.0 1
   20 1600  230  230 41.0 41.0 1
   21 1538  111   46 61.0 77.0 1
   20  986  247    0 39.0 90.0 1
   18  369  111   46 61.0 77.0 0
   19 1505  247  151 39.0 53.0 1
   19 1375  180  120 48.0 59.0 1
   20 1227  230  111 41.0 61.0 1
   21 1718  230  180 41.0 48.0 1
   19 1542  256  180 38.0 48.0 1
   21 3250  256  151 38.0 53.0 1
   20  491  111   46 61.0 77.0 1
   21 1449  180  120 48.0 59.0 1
   19  953  180   46 48.0 77.0 1
