 300  18   3  72
   18 3444   73   73 70.0 70.0 1
   16 1799  193   32 46.0 81.0 1
   15  468  130    0 57.0 90.0 1
   16 1029  286  193 35.0 46.0 1
   15 1020  286   73 35.0 70.0 1
   15  825   69   10 71.0 87.0 1
   18 2909  168  156 50.0 52.0 1
   16 2090  168   73 50.0 70.0 0
   18 2084  256    0 38.0 90.0 1
   15 1369  156    0 52.0 90.0 1
   16 2082  156  115 52.0 60.0 1
   17 2966   73    0 70.0 90.0 1
   18 1178    7    0 88.0 90.0 1
   18  910  222   32 42.0 81.0 1
   19 2828   17    7 85.0 88.0 1
   16 1892  222    0 42.0 90.0 1
   18 2574  222   17 42.0 85.0 1
   16  702   32    7 81.0 88.0 1
