 300  20   1  70
   15 1483   25   25 83.0 83.0 1
   15 1525  286  286 35.0 35.0 0
   16 1505  346  346 30.0 30.0 1
   15 1121  168   81 50.0 68.0 1
   14 1046  308  168 33.0 50.0 1
   16 2890  308  297 33.0 34.0 1
   15 1372  346   81 30.0 68.0 1
   15  646  286   25 35.0 83.0 1
   15 1266  308  286 33.0 35.0 1
   15 1303  168   81 50.0 68.0 1
   15 1184  286  286 35.0 35.0 1
   13 1585  286  168 35.0 50.0 1
   15 1118  297  168 34.0 50.0 1
   16 3107  286  168 35.0 50.0 1
   15  622  308    0 33.0 90.0 1
   15 1724  297  286 34.0 35.0 1
   15 1465  286    0 35.0 90.0 1
   16 1680  297  102 34.0 63.0 1
   16 1301  308  286 33.0 35.0 1
   13 1729  297   81 34.0 68.0 1
