 300  24   1  69
   14  971   28   28 82.0 82.0 1
   13 2090  286  286 35.0 35.0 1
   11 1963  320  320 32.0 32.0 1
   11 3358  256  256 38.0 38.0 1
   13 2169   28   28 82.0 82.0 1
   12 2386  320  320 32.0 32.0 1
   12 3534  256  256 38.0 38.0 1
   11 2666   28   28 82.0 82.0 1
   12 2512   28   28 82.0 82.0 1
   12 3557   28   28 82.0 82.0 1
   13 2501  286  286 35.0 35.0 1
   13 1696  286  286 35.0 35.0 1
   13 3451  286  256 35.0 38.0 1
   12 3180   28    0 82.0 90.0 1
   12 1939  256   28 38.0 82.0 1
   14 2290   28    0 82.0 90.0 1
   12  637   28    0 82.0 90.0 1
   13 1683  256    0 38.0 90.0 1
   12 3433  320   28 32.0 82.0 1
   14 2577  320  286 32.0 35.0 1
   11  621  286    0 35.0 90.0 1
   13 1368  256    0 38.0 90.0 1
   14 1843  320  286 32.0 35.0 1
   13 2141  256   28 38.0 82.0 0
