 300  28   3  71
   10 1498  162  162 51.0 51.0 1
   11 1017  102  102 63.0 63.0 0
   12  535   98   98 64.0 64.0 1
   12 1679  162  162 51.0 51.0 1
   10 3436  102   89 63.0 66.0 1
   10 2827  102   98 63.0 64.0 0
   10  889  207    0 44.0 90.0 1
   10 2636  207   98 44.0 64.0 1
   13 1799  207  102 44.0 63.0 0
   11 3134   89    0 66.0 90.0 1
   13 2162  151    0 53.0 90.0 1
    9 2326  265   85 37.0 67.0 0
   10  762  168    0 50.0 90.0 1
   10  695  168    0 50.0 90.0 1
   10 2608  222  168 42.0 50.0 1
    9  376    3    0 89.0 90.0 1
   12 2368  256   85 38.0 67.0 1
   10  552  265    3 37.0 89.0 1
   11 3582  265   85 37.0 67.0 1
   11 2459   85    3 67.0 89.0 1
    9  895  222   85 42.0 67.0 1
   10 1157  207   65 44.0 72.0 1
   10 1560  207   65 44.0 72.0 0
   11 1294   39    0 79.0 90.0 1
   11 2938   65    0 72.0 90.0 0
   12 1498  207    0 44.0 90.0 1
   10 3496   65   39 72.0 79.0 1
   13  996  207   39 44.0 79.0 1
