 300  18   1  69
   18 1482   21   21 84.0 84.0 1
   17 3479  145  145 54.0 54.0 1
   15 3079  200  200 45.0 45.0 1
   16 3090    7    7 88.0 88.0 1
   16 1522  111  111 61.0 61.0 1
   16 2933  230  230 41.0 41.0 1
   17 3285  200  200 45.0 45.0 1
   16  576    7    7 88.0 88.0 1
   15 2073  200  200 45.0 45.0 1
   17 2565  145    7 54.0 88.0 1
   17 1639  200  145 45.0 54.0 1
   18 1797  111   21 61.0 84.0 1
   17 3590    7    0 88.0 90.0 1
   16  467  230    0 41.0 90.0 1
   18 2724  111   21 61.0 84.0 1
   16 3427  111    0 61.0 90.0 1
   17 2820    7    0 88.0 90.0 1
   18 2322  168    7 50.0 88.0 1
