 300  26   1  70
   11  435   54   54 75.0 75.0 1
   12 1146  156  156 52.0 52.0 1
   10  315   54   54 75.0 75.0 1
   12  911   21   21 84.0 84.0 1
   13 1352   21    0 84.0 90.0 1
   13  656  156    0 52.0 90.0 1
   11  711  125   54 58.0 75.0 1
   13  702  320   21 32.0 84.0 1
   13  719  125    0 58.0 90.0 1
   12 1155  230   54 41.0 75.0 1
   10 1022  230  151 41.0 53.0 1
   12 1663  230  151 41.0 53.0 1
   11  314   54   21 75.0 84.0 1
   12  332  151    0 53.0 90.0 1
   10 1228  151  125 53.0 58.0 1
   11 1334  151   54 53.0 75.0 1
   11 1766  230    0 41.0 90.0 1
   12 1566   21    0 84.0 90.0 1
   10  522  156   54 52.0 75.0 1
   10 1251   54    0 75.0 90.0 1
   12 3578   54    0 75.0 90.0 1
   11 1213  156    0 52.0 90.0 1
   11 1776  230  125 41.0 58.0 1
   13 1258  320    0 32.0 90.0 1
   12 2935  230  125 41.0 58.0 1
   12  450   21    0 84.0 90.0 1
