 300  24   1  70
   14 1214  130  130 57.0 57.0 1
   14  806  156  156 52.0 52.0 1
   12 1008  174  174 49.0 49.0 1
   13  584  102  102 63.0 63.0 1
   12  679   17   17 85.0 85.0 1
   12 2979  102  102 63.0 63.0 1
   13 1104  174   17 49.0 85.0 1
   13  936  140  102 55.0 63.0 1
   13 1123  156  130 52.0 57.0 0
   12 1217  333  140 31.0 55.0 0
   13 1393  333   17 31.0 85.0 1
   12 1606  130    0 57.0 90.0 1
   11  983  140    0 55.0 90.0 1
   12  702  130   17 57.0 85.0 1
   12  858  130  102 57.0 63.0 1
   12 1104  130    0 57.0 90.0 1
   13  458  140    0 55.0 90.0 1
   12 1361  130   17 57.0 85.0 1
   11 3299  102   17 63.0 85.0 1
   12 1757  333  140 31.0 55.0 1
   14 1589  174  156 49.0 52.0 1
   12 1279  174    0 49.0 90.0 1
   14  635   17    0 85.0 90.0 1
   12  362  130    0 57.0 90.0 1
