 300  22   4  72
   15  691  140    0 55.0 90.0 1
   13 1661  162  140 51.0 55.0 1
   14 3187  238    0 40.0 90.0 1
   14  495  162    0 51.0 90.0 1
   14 3255  162    0 51.0 90.0 1
   14 1474  162  140 51.0 55.0 1
   13 1396  286  275 35.0 36.0 1
   13 3233  286  135 35.0 56.0 1
   13  908  286  140 35.0 55.0 1
   15  523  140   77 55.0 69.0 1
   13 1028   77    0 69.0 90.0 1
   14  759  193    0 46.0 90.0 1
   12 1699  102    0 63.0 90.0 1
   14 1687  193    0 46.0 90.0 1
   13 3348  193    0 46.0 90.0 0
   15 3141  193  102 46.0 63.0 0
   15 1521  180   35 48.0 80.0 1
   13 1766  180   43 48.0 78.0 1
   13 1466  180   35 48.0 80.0 1
   14 3157   35    0 80.0 90.0 1
   12 1422   43   35 78.0 80.0 1
   14 3507   98   43 64.0 78.0 1
