 300  27   5  72
   11  397  174    7 49.0 88.0 1
   10 1661  297  174 34.0 49.0 1
   12 3243  297    7 34.0 88.0 1
   12 1588  275  174 36.0 49.0 1
   11  419  174    0 49.0 90.0 1
   12 1300  265   43 37.0 78.0 1
   11 3333   25    0 83.0 90.0 1
   11  340   21    0 84.0 90.0 1
   10 1026   50   21 76.0 84.0 0
   11 2959   21    0 84.0 90.0 1
   11  923  140  130 55.0 57.0 1
   11 3331  238  140 40.0 55.0 1
   11 1276  238  180 40.0 48.0 1
   12 1364  180  140 48.0 55.0 1
   12  820  140  140 55.0 55.0 1
   11 1464  238  130 40.0 57.0 1
   11 3273  135   57 56.0 74.0 1
   11 3599   57   35 74.0 80.0 1
   12 2092   57   57 74.0 74.0 1
   12 3572  207  135 44.0 56.0 0
   10 2289  145   35 54.0 80.0 1
   11 1354  135   57 56.0 74.0 1
   10 1048  308  168 33.0 50.0 1
   10  778   54    0 75.0 90.0 1
   11 3004  308   69 33.0 71.0 1
   12 1355  308  168 33.0 50.0 1
   11 1234  308    0 33.0 90.0 1
