 300  15   1  69
   20 1585   73   73 70.0 70.0 1
   18  317   73   73 70.0 70.0 1
   20 2631   89   89 66.0 66.0 1
   20 3553  200  200 45.0 45.0 1
   19 1646  174  174 49.0 49.0 1
   20 2881   89   89 66.0 66.0 1
   20  481   73   73 70.0 70.0 1
   18 2412  320  200 32.0 45.0 1
   21 2307  320   89 32.0 66.0 1
   21 2809  207   89 44.0 66.0 1
   20 1913  200   73 45.0 70.0 1
   19 3438  320  247 32.0 39.0 1
   22 2976  200   73 45.0 70.0 1
   20  441  207    0 44.0 90.0 1
   22 3252  320  200 32.0 45.0 1
