 300  27   1  70
   11 3283  214  214 43.0 43.0 1
   13  371    3    3 89.0 89.0 1
   10  820    3    3 89.0 89.0 0
   10 1599  214  214 43.0 43.0 1
   11 3579  162  162 51.0 51.0 1
   10 1539  162  162 51.0 51.0 1
   10  977    3    3 89.0 89.0 1
   10  771    3    3 89.0 89.0 1
   12 1442  256  256 38.0 38.0 1
   12 1309  256  162 38.0 51.0 1
   13  317    3    0 89.0 90.0 1
   10 1173  256  162 38.0 51.0 1
   12  385  162    0 51.0 90.0 1
   12 1508  256  214 38.0 43.0 1
   11  366  162    0 51.0 90.0 1
   11  307    3    0 89.0 90.0 1
   10  342    3    0 89.0 90.0 1
   10  851  256    3 38.0 89.0 1
   10  521  256    3 38.0 89.0 1
   11 1455  256  162 38.0 51.0 1
   13 1154  214  162 43.0 51.0 1
   10 1370  214    3 43.0 89.0 1
   10  366    3    0 89.0 90.0 1
   12  473  214    3 43.0 89.0 0
   12  724    3    0 89.0 90.0 1
   12 1342  256    3 38.0 89.0 1
   12 1544  162    0 51.0 90.0 1
