 300  23   4  72
   12 2842   17   17 85.0 85.0 1
   13 1293   17   17 85.0 85.0 1
   15  462   17   17 85.0 85.0 1
   14  745  156    0 52.0 90.0 1
   12 1156  256    0 38.0 90.0 1
   14  489   46    0 77.0 90.0 1
   13  638  140   93 55.0 65.0 1
   11 1178  140    7 55.0 88.0 1
   12 1063  320    7 32.0 88.0 0
   12 2994  320  162 32.0 51.0 1
   13 3548  140   89 55.0 66.0 1
   12  563  140   93 55.0 65.0 1
   14 2040  145   43 54.0 78.0 1
   13 1551  140   39 55.0 79.0 1
   13 1730  140    0 55.0 90.0 1
   13 3331  145    0 54.0 90.0 1
   13  830  145    0 54.0 90.0 1
   15 1213  140   46 55.0 77.0 1
   15  407   46   28 77.0 82.0 1
   13 3421  120   28 59.0 82.0 1
   12  957  120   28 59.0 82.0 1
   12 1201  120   46 59.0 77.0 1
   14 1090  140  120 55.0 59.0 1
