 300  23   3  72
   13 3159   28   28 82.0 82.0 1
   14 3100   89   89 66.0 66.0 1
   15 1518  135  135 56.0 56.0 1
   13 1224   69    0 71.0 90.0 1
   14 1702  151  135 53.0 56.0 1
   13  367  135   28 56.0 82.0 1
   12 1242   98   89 64.0 66.0 1
   13 1014  156   73 52.0 70.0 1
   12  912   73    0 70.0 90.0 1
   13 2880  187   32 47.0 81.0 1
   12  720   17    0 85.0 90.0 0
   12 3065  156   32 52.0 81.0 1
   12 2023  275    0 36.0 90.0 1
   15 1711  275   65 36.0 72.0 1
   12 1074   57    0 74.0 90.0 0
   13 2772  111   65 61.0 72.0 0
   13 3513   65   57 72.0 74.0 1
   14 3364   65    0 72.0 90.0 1
   13 2456  275    0 36.0 90.0 1
   13 1827  111   35 61.0 80.0 1
   13 1601   65   57 72.0 74.0 1
   14 1425   93    0 65.0 90.0 1
   12 1663  187   93 47.0 65.0 1
