 300  20   1  69
   14 2396  135  135 56.0 56.0 1
   15 2978  286  286 35.0 35.0 1
   14 3449  286  135 35.0 56.0 1
   14 1060  286    0 35.0 90.0 1
   17 1333  286  135 35.0 56.0 1
   16 1617  135    0 56.0 90.0 1
   14 3126  286  135 35.0 56.0 1
   15 1356  135    0 56.0 90.0 1
   14 2371  286    0 35.0 90.0 1
   14 3133  286    0 35.0 90.0 0
   14  454  135    0 56.0 90.0 1
   17 2076  135    0 56.0 90.0 1
   15 1206  135    0 56.0 90.0 1
   17 3508  135    0 56.0 90.0 1
   16 3048  286    0 35.0 90.0 1
   15 1279  135    0 56.0 90.0 1
   14 1997  135    0 56.0 90.0 1
   16  369  135    0 56.0 90.0 0
   14 1460  286  135 35.0 56.0 1
   15 1579  286    0 35.0 90.0 1
