 300  25   1  69
   10 1730  193  193 46.0 46.0 1
   12 2191  247  247 39.0 39.0 0
   10 3275  247  247 39.0 39.0 1
   12 1297   46   46 77.0 77.0 1
   13 1945   65   65 72.0 72.0 1
   12 3108   46   46 77.0 77.0 1
   13 3082  193  193 46.0 46.0 1
   13 1055   65   65 72.0 72.0 1
   13 2957  193  193 46.0 46.0 1
   13 1262  106   65 62.0 72.0 1
   13 1008  193   77 46.0 69.0 1
   12 3546   77   65 69.0 72.0 1
   13 3029  193   77 46.0 69.0 1
   10 1935  193   46 46.0 77.0 1
   11  370   77   65 69.0 72.0 1
   14 1871   65    0 72.0 90.0 1
   12 2597   77   46 69.0 77.0 1
   12 1747  193   65 46.0 72.0 1
   11 1721   65   46 72.0 77.0 1
   13 1000   77    0 69.0 90.0 1
   12 1051   65    0 72.0 90.0 1
   11 1837  247   77 39.0 69.0 1
   12 2261  193   46 46.0 77.0 1
   11 1269   65    0 72.0 90.0 1
   12 1623  247    0 39.0 90.0 1
