 300  16   2  72
   19 3066   32   32 81.0 81.0 1
   19 1795  168  168 50.0 50.0 1
   19  408   32   32 81.0 81.0 1
   18 1413  168    0 50.0 90.0 1
   21 1068   32    0 81.0 90.0 1
   21 2794  168    0 50.0 90.0 1
   19 1017   32    0 81.0 90.0 1
   17  971  140  120 55.0 59.0 1
   18 1198  120    0 59.0 90.0 1
   18  344  140    0 55.0 90.0 0
   18 1603  120    0 59.0 90.0 0
   17  899  140  120 55.0 59.0 1
   19  745  120    0 59.0 90.0 1
   19 1114  140  120 55.0 59.0 1
   19  467  140   57 55.0 74.0 1
   19 3337  140   57 55.0 74.0 1
