 300  24   3  71
   12 2315   89   57 66.0 74.0 1
   13 1824   89   39 66.0 79.0 0
   13 1502   39    0 79.0 90.0 1
   12 2607  156   57 52.0 74.0 1
   12 3342   57   14 74.0 86.0 1
   13  986   57   14 74.0 86.0 1
   13 3503  156   57 52.0 74.0 1
   14 1202  200    0 45.0 90.0 1
   11  345  140    0 55.0 90.0 1
   12 3351  200  140 45.0 55.0 1
   12  337  140    0 55.0 90.0 1
   14 1086  140   89 55.0 66.0 1
   12 2136   89    0 66.0 90.0 1
   13 2804  140   89 55.0 66.0 1
   12 2966  308  156 33.0 52.0 1
   12 1981  308  174 33.0 49.0 1
   11 2014  308   35 33.0 80.0 1
   13 1094  156  130 52.0 57.0 1
   11 2117  130   35 57.0 80.0 1
   13 3257  174  111 49.0 61.0 1
   13 1891  130    0 57.0 90.0 1
   14 1775  111   35 61.0 80.0 1
   12 3021  308  174 33.0 49.0 1
   13  691  156   35 52.0 80.0 1
