 300  29   1  70
   11 1493   57   57 74.0 74.0 1
   10 1789   69   69 71.0 71.0 1
   10  715   25    0 83.0 90.0 1
   11 1626   69   57 71.0 74.0 1
   11 1715   57   25 74.0 83.0 1
   12 1169   57   25 74.0 83.0 1
   10  765   57    0 74.0 90.0 1
    9  388   25    0 83.0 90.0 1
   12 1301   57   25 74.0 83.0 1
   11 1028   69   25 71.0 83.0 1
    9 1048   57    0 74.0 90.0 1
   12  550   69   57 71.0 74.0 1
   10 1331   69   57 71.0 74.0 1
    9 1724   57   25 74.0 83.0 1
   11 1645   69   57 71.0 74.0 1
   10 3193   57   25 74.0 83.0 1
   12 1513   25    0 83.0 90.0 0
   11 1090   57   25 74.0 83.0 1
   12 1022   25    0 83.0 90.0 1
    9 1113   57   25 74.0 83.0 1
   10  440   69   57 71.0 74.0 1
    9  990   57    0 74.0 90.0 1
   11 1465   69   25 71.0 83.0 1
    8  713   57   25 74.0 83.0 1
    9  533   69   25 71.0 83.0 1
   10 1234   57    0 74.0 90.0 1
   11 1011   25    0 83.0 90.0 0
   10  655   25    0 83.0 90.0 1
   10 1386   69   57 71.0 74.0 0
