 300  19   2  71
   14 2615  115    0 60.0 90.0 1
   17 3246  115    0 60.0 90.0 1
   18 3527  187  106 47.0 62.0 1
   14 2028  187    0 47.0 90.0 0
   16 2736  187    0 47.0 90.0 1
   17 1075  187    0 47.0 90.0 1
   15  371  115    0 60.0 90.0 1
   15 2159  115  106 60.0 62.0 1
   16 3206  120    0 59.0 90.0 1
   17 2109   89   25 66.0 83.0 1
   17 2411  120   25 59.0 83.0 1
   17 1493   89   46 66.0 77.0 1
   15  323   39   25 79.0 83.0 1
   17 2876  120    0 59.0 90.0 1
   15 2100  120   89 59.0 66.0 1
   15  930   89   85 66.0 67.0 1
   14 2759   85   39 67.0 79.0 1
   16 3141  120   25 59.0 83.0 1
   15 3040  120   85 59.0 67.0 1
