 300  27   1  70
   10 1763  120  120 59.0 59.0 1
   10 1537  120  120 59.0 59.0 1
   12  386   43   43 78.0 78.0 0
   10 1165  120    0 59.0 90.0 1
   11  410  120   43 59.0 78.0 1
   10  985   43    0 78.0 90.0 1
   12 1418  120    0 59.0 90.0 1
   11  940  120    0 59.0 90.0 1
   11 2786  120    0 59.0 90.0 1
   11 1153  120   43 59.0 78.0 1
   11  857   43    0 78.0 90.0 1
   12 1438   43    0 78.0 90.0 1
   11 1270  120    0 59.0 90.0 1
   12  731  120   43 59.0 78.0 1
   12  362  120    0 59.0 90.0 0
   12 1688  120    0 59.0 90.0 1
   10  792  120    0 59.0 90.0 1
   12  823  120   43 59.0 78.0 1
   11 1323   43    0 78.0 90.0 1
   11  814  120    0 59.0 90.0 0
   11 1049  120   43 59.0 78.0 1
   12 1560   43    0 78.0 90.0 1
   10  846  120   43 59.0 78.0 1
   11 1776  120    0 59.0 90.0 1
   12  910   43    0 78.0 90.0 1
   12 1637   43    0 78.0 90.0 1
   10  494  120   43 59.0 78.0 1
