 300  22   2  72
   13  573  214    3 43.0 89.0 1
   13 2833  214    0 43.0 90.0 1
   14  303    3    0 89.0 90.0 0
   14 3237  214    3 43.0 89.0 0
   14  966  214    3 43.0 89.0 0
   15  687    3    0 89.0 90.0 0
   15 1321  214    0 43.0 90.0 1
   15 1114  151   14 53.0 86.0 1
   14 1250  102   10 63.0 87.0 1
   15 2976   14   10 86.0 87.0 1
   12 1765  151    0 53.0 90.0 1
   14 2022  151   14 53.0 86.0 0
   13 3013  180  151 48.0 53.0 1
   12 1523   10    0 87.0 90.0 1
   15 3554  102   10 63.0 87.0 1
   14 1086   10    0 87.0 90.0 1
   13 2605  180   14 48.0 86.0 1
   13 3282  180  102 48.0 63.0 1
   13 1780  180    0 48.0 90.0 1
   13 1355  180  102 48.0 63.0 1
   12 2597  151    0 53.0 90.0 1
   14  744  102   14 63.0 86.0 1
