 300  30   5  71
   11 2243  140  140 55.0 55.0 1
   10 2247  180  180 48.0 48.0 1
    9 3527  320  180 32.0 48.0 1
   11 1395  320   98 32.0 64.0 1
   10 2234  256  106 38.0 62.0 1
   11  408  106    0 62.0 90.0 1
   11  835   61    0 73.0 90.0 1
   11  332   61   32 73.0 81.0 1
    9  532  106   32 62.0 81.0 1
   11  497  106   65 62.0 72.0 1
   11 2460  106    0 62.0 90.0 1
   11 3590   61    3 73.0 89.0 1
   10  454   10   10 87.0 87.0 1
   10 3210  265    0 37.0 90.0 1
   10 2986  168   69 50.0 71.0 1
    8  608  265   10 37.0 87.0 1
   11  772   50   10 76.0 87.0 1
   10  617   10   10 87.0 87.0 1
   10  493  207    3 44.0 89.0 1
   11 2083   73    3 70.0 89.0 1
    8 3056  286  111 35.0 61.0 1
   10 3180  286    3 35.0 89.0 0
   10 3576  111    3 61.0 89.0 1
    9  781   73   35 70.0 80.0 0
   10  779  140    0 55.0 90.0 1
   10 1703  140    0 55.0 90.0 1
   11 2740  106    0 62.0 90.0 1
    8 3437  140  106 55.0 62.0 1
    9 3346  140    0 55.0 90.0 1
    9  798  106    0 62.0 90.0 1
