 300  19   1  69
   17 3151   10   10 87.0 87.0 1
   16 3512  145  145 54.0 54.0 0
   16 2551  193  193 46.0 46.0 1
   16 2714  145  145 54.0 54.0 1
   16 1013   77   77 69.0 69.0 1
   14 2787   10   10 87.0 87.0 1
   16  418   77   77 69.0 69.0 1
   17 3524   77   10 69.0 87.0 1
   15 3406  346  140 30.0 55.0 1
   15 3391   77   10 69.0 87.0 1
   16 3441  286  145 35.0 54.0 1
   16 1324  346   10 30.0 87.0 1
   16  736   77    0 69.0 90.0 1
   15 2045  286  145 35.0 54.0 1
   14 3130  193    0 46.0 90.0 1
   17 1824  286  145 35.0 54.0 1
   15 1012  193  145 46.0 54.0 1
   17  824  193    0 46.0 90.0 1
   16 3138  140   25 55.0 83.0 1
