 400  19   1  73
   19 3069   75   75 53.0 53.0 1
   11  403   21   21 78.0 78.0 1
   16  438   75   75 53.0 53.0 1
   28 2568  148  148 34.0 34.0 1
   35  348   21   21 78.0 78.0 1
   15 2831   67   67 56.0 56.0 1
   28 1390  123   67 39.0 56.0 1
   18 1485  123   67 39.0 56.0 1
   18 1903   67    0 56.0 90.0 0
   32 1455   75   67 53.0 56.0 0
   26  576  123   21 39.0 78.0 1
   26  675  123   75 39.0 53.0 1
   29  854  123   21 39.0 78.0 1
    8 2424  148   21 34.0 78.0 1
   31 1397  148   67 34.0 56.0 1
    1 3539  148   75 34.0 53.0 1
   32 2290  123   21 39.0 78.0 1
    9 1744  148   75 34.0 53.0 0
   18 2841  123   75 39.0 53.0 1
