 400  17   1  74
   45 1312  123  123 39.0 39.0 1
   18 1473   34   34 71.0 71.0 1
   30 1389   70   70 55.0 55.0 1
   22 1705   70   34 55.0 71.0 1
   29 1227   11    0 84.0 90.0 1
   28  301   73    0 54.0 90.0 1
   28 1158   73    0 54.0 90.0 1
   38 3362   34    0 71.0 90.0 1
    7 1539  123   11 39.0 84.0 1
    1  492   11    0 84.0 90.0 1
   39  742  123    0 39.0 90.0 1
   38 1350   70    0 55.0 90.0 1
    4  812  123   73 39.0 54.0 1
   32 1184   73   11 54.0 84.0 1
    2 3531  123   11 39.0 84.0 1
   34 1644  123   34 39.0 71.0 1
    5 1693   70    0 55.0 90.0 1
