 400  30   6  75
   17 3170   90   90 48.0 48.0 1
   25  861   14   14 82.0 82.0 1
   13  449   40   14 68.0 82.0 1
   16 2772   67    0 56.0 90.0 1
    5 3060   90    0 48.0 90.0 1
   13  377   58   45 60.0 66.0 1
   29 1932   53   25 62.0 76.0 1
   11 1718   45   25 66.0 76.0 1
    4 1306   53   45 62.0 66.0 1
    8 1409   84   45 50.0 66.0 1
   12 2485    3    0 88.0 90.0 1
   24  716    3    0 88.0 90.0 1
   29 1818   12    3 83.0 88.0 1
    2  899   12    2 83.0 89.0 1
   16 1214    3    2 88.0 89.0 1
    7 2919   78    2 52.0 89.0 1
   16 2027   78   47 52.0 65.0 1
    7  912    2    0 89.0 90.0 1
   22 1852  143   47 35.0 65.0 1
    5 2316  143  104 35.0 44.0 1
   19 2471   16   12 81.0 83.0 1
    3 2337   16   12 81.0 83.0 1
    6 3137  160    0 32.0 90.0 1
   16 3265   12    0 83.0 90.0 1
   25 1908  160    0 32.0 90.0 1
    8  831   27    0 75.0 90.0 1
    2 2556   27   19 75.0 79.0 1
   14  457  111   97 42.0 46.0 1
   13 2278   19    9 79.0 85.0 0
   13 3312   97   27 46.0 75.0 1
