 400  29   4  75
   19 2449   70   70 55.0 55.0 0
    6 2235   87    0 49.0 90.0 1
   21 2409   93    0 47.0 90.0 1
   12 1767   93    0 47.0 90.0 1
   24 3565   93   62 47.0 58.0 1
   18 3053    7    0 86.0 90.0 1
    3 3277   93   70 47.0 55.0 1
   22  550    7    0 86.0 90.0 1
   16 1850   23    0 77.0 90.0 0
   22  630   23    9 77.0 85.0 0
   22 2382    9    0 85.0 90.0 1
   17 2601   23    9 77.0 85.0 1
   15 1293    9    0 85.0 90.0 1
    6 3137    9    0 85.0 90.0 1
   18 2775   23    9 77.0 85.0 1
   17 1603   23    9 77.0 85.0 1
    5 3571   11    2 84.0 89.0 1
   20  640  138    0 36.0 90.0 0
    9  647  138   47 36.0 65.0 1
    1 2757   11    0 84.0 90.0 1
   21 3401   31    2 73.0 89.0 0
   10 1784  138    2 36.0 89.0 1
    6 1648   53    0 62.0 90.0 1
    5  480  104   53 44.0 62.0 1
   22 1359   53    0 62.0 90.0 1
    7 1998  148    0 34.0 90.0 1
    6 2321  104    0 44.0 90.0 1
   13  952  104   53 44.0 62.0 1
   17  330   53    0 62.0 90.0 1
