 400  24   1  73
   16 1337   84   84 50.0 50.0 1
   28 1805   84   84 50.0 50.0 1
   28  847   25   25 76.0 76.0 0
   21 2801   62   25 58.0 76.0 0
   11 1240   25    0 76.0 90.0 1
   13  720  107   60 43.0 59.0 1
   29 3320   90    0 48.0 90.0 1
   21 3172   84   62 50.0 58.0 1
    4 1764   19    3 79.0 88.0 1
   28 2550   90    3 48.0 88.0 1
    3 2670   60   25 59.0 76.0 1
    4 3243   19    0 79.0 90.0 1
    3  390   90   84 48.0 50.0 1
    7 2833  107    0 43.0 90.0 1
   28 2910   93   25 47.0 76.0 1
    4 2292  107   62 43.0 58.0 0
   27 1180   62    3 58.0 88.0 1
   11 1401   62   60 58.0 59.0 1
    6  510   84   60 50.0 59.0 1
   18  737  107    3 43.0 88.0 1
   10 3306   84   60 50.0 59.0 1
   31 1642   93   84 47.0 50.0 1
   21 3492   93   25 47.0 76.0 1
   28  422  107   19 43.0 79.0 1
