 400  19   2  75
   22  385   51   51 63.0 63.0 1
   12  584   31   31 73.0 73.0 1
   35 2029   31   31 73.0 73.0 1
   23 1237   11   11 84.0 84.0 1
   12 1267   84   55 50.0 61.0 0
   25 3101  100    0 45.0 90.0 1
   32 2993  100   11 45.0 84.0 1
    3  579   47   11 65.0 84.0 0
   34  695  100   55 45.0 61.0 1
   25 2116   84    0 50.0 90.0 1
   24 2587    9    0 85.0 90.0 1
   18 3232   51    0 63.0 90.0 1
   14 1790   84    0 50.0 90.0 1
    2 1941   51    0 63.0 90.0 0
   41  863   84    0 50.0 90.0 1
   12 3498   51    0 63.0 90.0 1
   29 3280   51    0 63.0 90.0 0
   28 1820   84    9 50.0 85.0 1
    9 3038   84   51 50.0 63.0 1
