 400  23   1  74
   18  911   38   38 69.0 69.0 1
   13 1067   62   62 58.0 58.0 1
   22  692    5    5 87.0 87.0 1
   33 1333   45   45 66.0 66.0 1
   32 1320    2    2 89.0 89.0 1
    7 1484    5    5 87.0 87.0 1
   13  879   62   62 58.0 58.0 1
    1  738    5    5 87.0 87.0 0
   14  711   55   55 61.0 61.0 1
   29 1200   38   38 69.0 69.0 1
    4 1505   38   38 69.0 69.0 1
    9 1424   38    2 69.0 89.0 1
   30  443   62    2 58.0 89.0 1
    5 2900   45    0 66.0 90.0 1
   30 1567   55    2 61.0 89.0 0
   11 1433   55    2 61.0 89.0 0
   18  541   45    2 66.0 89.0 1
   31 1391   62   38 58.0 69.0 1
   22 1798    2    0 89.0 90.0 1
   25 1724    5    2 87.0 89.0 1
    7 1215   45   38 66.0 69.0 1
    2  508   62    2 58.0 89.0 0
   24 1707   55    5 61.0 87.0 1
