 400  23   1  73
   32  948   75   75 53.0 53.0 1
   17 1653   75   75 53.0 53.0 1
   30 1350   75   75 53.0 53.0 1
   17 2348   67   67 56.0 56.0 1
   24 1458   75   75 53.0 53.0 1
    7 1475   67   67 56.0 56.0 1
   16 1819   75   75 53.0 53.0 1
   14 3532   67   67 56.0 56.0 1
   16 1453   75   75 53.0 53.0 1
   26 3152   75    0 53.0 90.0 1
    2 1921   75    0 53.0 90.0 1
    6 1247   75   67 53.0 56.0 1
   19 1270   67    0 56.0 90.0 1
   32 2316   75    0 53.0 90.0 1
   13 3259   75    0 53.0 90.0 0
    1  917   67    0 56.0 90.0 1
   29 1006   75    0 53.0 90.0 1
    2  799   67    0 56.0 90.0 1
   30 3561   75    0 53.0 90.0 1
   15 1312   75   67 53.0 56.0 1
   31 2850   75   67 53.0 56.0 1
   17 1658   67    0 56.0 90.0 1
    4 3033   75   67 53.0 56.0 1
