 400  21   2  75
    1  704  111  111 42.0 42.0 1
   39 2812   27   27 75.0 75.0 1
   16 1060   97   97 46.0 46.0 1
   11 2168   27   27 75.0 75.0 1
   13 3179  100   55 45.0 61.0 1
   31 1016  100   55 45.0 61.0 1
   24  499   97    0 46.0 90.0 1
   32 2038  100    0 45.0 90.0 1
    6  336  100    0 45.0 90.0 1
   13 2900   97   55 46.0 61.0 1
   21 1633  111   97 42.0 46.0 1
   21 2838   27    0 75.0 90.0 1
   22 2949  100   55 45.0 61.0 1
    1  366   36    0 70.0 90.0 1
   16 1586   78   65 52.0 57.0 1
   30  775   78   65 52.0 57.0 1
   21 1321  123   25 39.0 76.0 1
   13  385   25    0 76.0 90.0 1
   16 1175   36   25 70.0 76.0 1
   23 2349   65    0 57.0 90.0 1
   30 1319   78   36 52.0 70.0 1
