 400  23   3  75
   26 1478    9    9 85.0 85.0 1
   40 2294   16   16 81.0 81.0 1
   11 1278  133   19 37.0 79.0 1
    5  796  173   19 30.0 79.0 1
   13 2480   14    9 82.0 85.0 1
   28  890  128  111 38.0 42.0 1
   22 2630  111   67 42.0 56.0 1
   29  825   67   19 56.0 79.0 1
   14 1435   34    3 71.0 88.0 1
   17  942  111   34 42.0 71.0 1
    5 2398   34   19 71.0 79.0 1
   20  694  111   34 42.0 71.0 1
   36  955   34   19 71.0 79.0 1
    3  942   32   27 72.0 75.0 1
   17 1856   27    0 75.0 90.0 1
   16 2993  111    3 42.0 88.0 1
    2 1821  148   12 34.0 83.0 1
   42 3366  160   12 32.0 83.0 1
   19 3114    3    0 88.0 90.0 1
    8 2056  148   93 34.0 47.0 1
   12 3258  160   12 32.0 83.0 1
    3 1939  160   12 32.0 83.0 0
   12 2345  160    0 32.0 90.0 0
