 400  15   1  74
   37 2954   38   38 69.0 69.0 1
   16  546   38   38 69.0 69.0 1
   65  747   38   38 69.0 69.0 1
   33  555   60   60 59.0 59.0 0
   22  976  154  143 33.0 35.0 1
    1 3126  154   60 33.0 59.0 1
   32  517    7    0 86.0 90.0 1
   10 1448  154    0 33.0 90.0 1
   54 1270  148    7 34.0 86.0 0
   24 1173  154  148 33.0 34.0 1
   55  447  143    0 35.0 90.0 1
    1 1313  154   34 33.0 71.0 1
    3  853   38    7 69.0 86.0 1
   17  563  148    0 34.0 90.0 1
   30 1227   34    0 71.0 90.0 1
