 400  30   1  74
   19 1522   23   23 77.0 77.0 1
   26  823    7    7 86.0 86.0 1
    2  790   42   42 67.0 67.0 1
   19 1341  128  128 38.0 38.0 1
   18  859   42   42 67.0 67.0 1
   13  638  128  128 38.0 38.0 1
   13 1230  128  128 38.0 38.0 1
    1 1250    7    7 86.0 86.0 1
   24 1340   67   67 56.0 56.0 1
   15  598  128  128 38.0 38.0 1
    1 1678   23   23 77.0 77.0 1
   17 1213  128  128 38.0 38.0 1
    1  344   23   23 77.0 77.0 1
   17 1252  128    0 38.0 90.0 1
    2 1212   38   23 69.0 77.0 1
   24  359   42   23 67.0 77.0 1
    3 1654  128   23 38.0 77.0 1
   23 1253   67    7 56.0 86.0 1
   28 1318  128   67 38.0 56.0 1
    2 1346   42    7 67.0 86.0 1
   28 1632   38    0 69.0 90.0 1
   22 3533   38   23 69.0 77.0 1
    6 1403   67    0 56.0 90.0 1
    5  800  128   23 38.0 77.0 0
   26  636    7    0 86.0 90.0 1
    5  368   42   38 67.0 69.0 1
   19  581   38    7 69.0 86.0 1
    2 1182   38    7 69.0 86.0 1
   18  725   38    0 69.0 90.0 1
    1  574  128   42 38.0 67.0 1
