 400  25   1  74
   10  784   18   18 80.0 80.0 1
    8 1038  123  123 39.0 39.0 1
   23 1554  123  123 39.0 39.0 1
    7  837  123  123 39.0 39.0 1
   13 1081    9    9 85.0 85.0 1
    4 1411   70   70 55.0 55.0 1
   30 1343  123    9 39.0 85.0 1
    5  554   18   11 80.0 84.0 1
   41 1533  123   11 39.0 84.0 1
    8  757   11    0 84.0 90.0 1
   30  890   18   11 80.0 84.0 1
   31 1119  123    0 39.0 90.0 1
    5 1655   18    9 80.0 85.0 1
    2 1360   18    0 80.0 90.0 1
   23 2885  123    9 39.0 85.0 1
   39 1191   70    0 55.0 90.0 1
    6 1557   70    9 55.0 85.0 1
    9  521   70   11 55.0 84.0 1
    1  564  123    0 39.0 90.0 1
   10 1664  123    9 39.0 85.0 1
   38  360  123   18 39.0 80.0 1
    2 2861   18    9 80.0 85.0 1
   15 1237   70    9 55.0 85.0 1
   17 1704   70    9 55.0 85.0 1
   23 1011   11    9 84.0 85.0 1
