 400  30   1  74
    6  822  166  166 31.0 31.0 1
   21  787   67   67 56.0 56.0 1
   21  557   14    0 82.0 90.0 1
   18 1744   67   14 56.0 82.0 0
    5 1580   67   14 56.0 82.0 1
   21 1145  148    5 34.0 87.0 1
    6 1145   62    5 58.0 87.0 1
   16  550  166   67 31.0 56.0 1
    9 1501    5    0 87.0 90.0 1
   19  807  166   67 31.0 56.0 1
   14 1788   67    5 56.0 87.0 1
    7  342   62    5 58.0 87.0 0
   22 1603  148   62 34.0 58.0 1
    7 1495   62   14 58.0 82.0 1
    8 1593  138   14 36.0 82.0 1
   12  945  148   67 34.0 56.0 1
    9  464  166   14 31.0 82.0 1
    5  830   67   62 56.0 58.0 1
   20 1785  148  138 34.0 36.0 1
   13 1694  148    5 34.0 87.0 1
   17  554   67    5 56.0 87.0 1
    2 1673  166    5 31.0 87.0 1
   23 1768  166   62 31.0 58.0 1
   24  839  166    5 31.0 87.0 1
    6 1484  138    5 36.0 87.0 1
   21 1583  166   14 31.0 82.0 1
   17 1406  138   62 36.0 58.0 0
    9  877  138    0 36.0 90.0 1
   11  839  148   62 34.0 58.0 1
   11 2945  138    0 36.0 90.0 1
