 400  25   4  76
   20 2966   73   73 54.0 54.0 1
    8 1582   81   45 51.0 66.0 1
    8 3355   81    7 51.0 86.0 1
   30 1133   45   42 66.0 67.0 1
    3  636   45   42 66.0 67.0 0
   12  731   42    0 67.0 90.0 1
   32 1229   67    0 56.0 90.0 0
    2 3393   38   23 69.0 77.0 0
   20 3125   23    0 77.0 90.0 1
    3 1207  115   67 41.0 56.0 1
    2 1625  143   23 35.0 77.0 0
   29 1034   38   23 69.0 77.0 0
    1 1608    7    0 86.0 90.0 1
   22 3451    7    0 86.0 90.0 1
    4 1368  111    7 42.0 86.0 1
   28 1107  111    7 42.0 86.0 1
   16  859  111    0 42.0 90.0 1
    4  719  111    0 42.0 90.0 0
   26 1267    7    0 86.0 90.0 1
    4 1168   18    0 80.0 90.0 1
   28  530   97   38 46.0 69.0 1
   34 2941   38    9 69.0 85.0 1
   22 3009   18    0 80.0 90.0 1
   26  324   97   38 46.0 69.0 1
   16 1529   18    0 80.0 90.0 1
