 400  23   3  75
   12 2317  111  111 42.0 42.0 1
   30  540   14   14 82.0 82.0 1
   33 2603   14   14 82.0 82.0 1
   20 3500  111    0 42.0 90.0 1
   16 3053  111    0 42.0 90.0 1
   17 2714   14    0 82.0 90.0 1
   30 2114  111    0 42.0 90.0 1
   16 2465  104   19 44.0 79.0 1
   24 1869   90   65 48.0 57.0 1
   29 1190   40   19 68.0 79.0 1
   16 1477   40   18 68.0 80.0 1
   28 2659  104   19 44.0 79.0 1
    8 3280   65   19 57.0 79.0 1
    8 3135  104   65 44.0 57.0 1
    1 2842  107   90 43.0 48.0 1
   36 3051   18    0 80.0 90.0 1
   10 3467  111   18 42.0 80.0 0
   20 2069  173    0 30.0 90.0 1
    3 1128  173   18 30.0 80.0 1
    8 1184  111    0 42.0 90.0 0
    4 2231  173    0 30.0 90.0 1
    1 2215  173  111 30.0 42.0 1
   30  306  111    0 42.0 90.0 1
