 400  19   1  73
   26 1321  115  115 41.0 41.0 1
   32  851  115  115 41.0 41.0 1
   36  487   16   16 81.0 81.0 1
   35 1821   84   84 50.0 50.0 1
    4 1418   12   12 83.0 83.0 1
   35 2176   84   29 50.0 74.0 1
    2 1050  115   32 41.0 72.0 1
   32 2863   16    9 81.0 85.0 1
   28 1812  115   16 41.0 81.0 1
   11 2510  115   32 41.0 72.0 1
   35  609  115   16 41.0 81.0 1
   21 1050   70   16 55.0 81.0 1
   13 1386   12    9 83.0 85.0 1
   18 2105   29   12 74.0 83.0 1
    5 2787   29   12 74.0 83.0 1
   35 1798   18    0 80.0 90.0 1
    4 1252   84   29 50.0 74.0 1
   17 3216   84   29 50.0 74.0 1
   11 1535   70    0 55.0 90.0 1
