 400  16   2  76
   25  581   25   25 76.0 76.0 1
    8  820   25   25 76.0 76.0 1
   34 3043  160   25 32.0 76.0 1
   44  938  160    0 32.0 90.0 1
   43 2861  173    0 30.0 90.0 1
   46 1404   25    0 76.0 90.0 1
    2  592  173   25 30.0 76.0 1
   27 1345  173   25 30.0 76.0 1
   40  591  123    3 39.0 88.0 1
   27  802   62    0 58.0 90.0 1
   11 2710  123    3 39.0 88.0 1
   16 3244  143    3 35.0 88.0 1
   14 2931  123   23 39.0 77.0 1
   41 2306  123    3 39.0 88.0 1
   17 1122   23    0 77.0 90.0 1
    5 1330  143   21 35.0 78.0 1
