 400  23   2  76
   29 3544   40   40 68.0 68.0 1
   13 3275   51   51 63.0 63.0 1
    9  521   40   40 68.0 68.0 1
   23 1597   51    0 63.0 90.0 1
    1  931   40    0 68.0 90.0 1
   12 1651   51   40 63.0 68.0 0
   26 1294   40    0 68.0 90.0 1
   23 2930  111    7 42.0 86.0 1
   27  853   25    0 76.0 90.0 1
    8 1731   25    0 76.0 90.0 1
   23 1028    7    0 86.0 90.0 1
    1 1134    7    0 86.0 90.0 1
    4  677  111    7 42.0 86.0 1
   29 2949   25    7 76.0 86.0 1
    6  680   25    7 76.0 86.0 1
   25  736  111   25 42.0 76.0 1
   32  469   25    0 76.0 90.0 1
    8  355   25    7 76.0 86.0 1
   22 1407  111    7 42.0 86.0 1
    5 1184   25    0 76.0 90.0 1
   11 1492  111   25 42.0 76.0 1
   31 1551   25    0 76.0 90.0 1
   32  542  111    7 42.0 86.0 1
