 400  17   2  76
   36 1494  128  128 38.0 38.0 1
   20  931    9    9 85.0 85.0 1
    2 3514  128  100 38.0 45.0 1
   26 2864  128    0 38.0 90.0 1
   14  821  128   75 38.0 53.0 1
   26 1511   40   34 68.0 71.0 1
   49  765  154   29 33.0 74.0 0
   26 1113   29    7 74.0 86.0 1
   19 1707  138   84 36.0 50.0 1
   41  621   84   29 50.0 74.0 1
    5  772  154   40 33.0 68.0 1
   20 1378    7    3 86.0 88.0 1
    2  886  138   84 36.0 50.0 1
   38 3329    7    0 86.0 90.0 1
   14 1260    7    3 86.0 88.0 1
   42 1071   84   40 50.0 68.0 1
   20 2847  154    3 33.0 88.0 1
