 400  29   2  75
   25 1366   75   16 53.0 81.0 1
    2 2641   65    0 57.0 90.0 1
   26 3186   65    3 57.0 88.0 0
   24 1414  166   65 31.0 57.0 1
   26  324   90    0 48.0 90.0 1
   10 2224  166   65 31.0 57.0 1
   14 1891   90   65 48.0 57.0 1
    6  794   90   90 48.0 48.0 1
   22 1420   75   65 53.0 57.0 1
   19 1751  166   75 31.0 53.0 1
   10 1664   90   65 48.0 57.0 1
   16 1496   90    0 48.0 90.0 1
   27 3111   90   16 48.0 81.0 1
    6 1757   75   65 53.0 57.0 1
   22 1273   62    0 58.0 90.0 1
    2 1454    9    0 85.0 90.0 1
    3 1296    9    0 85.0 90.0 1
   29 2189    9    0 85.0 90.0 1
    8 1108   62    9 58.0 85.0 0
   10  984   62    9 58.0 85.0 0
    9 2645    9    0 85.0 90.0 1
   12 1436   62    9 58.0 85.0 1
    6 1270   62    9 58.0 85.0 1
   21 1463    9    0 85.0 90.0 1
   10 3484   62    0 58.0 90.0 1
    2 1617   62    9 58.0 85.0 0
    1 2165   62    0 58.0 90.0 1
   30 1499   62    9 58.0 85.0 0
    2  614   62    0 58.0 90.0 1
