 400  22   1  73
   33 2848   38   38 69.0 69.0 1
   19  865  123  123 39.0 39.0 1
   37 2602   75   75 53.0 53.0 1
    5 1614  107  107 43.0 43.0 1
   34  569   75   75 53.0 53.0 1
    3 2365   73   73 54.0 54.0 1
    4 2617  104  104 44.0 44.0 1
    6 2060   73   73 54.0 54.0 0
   31 3029   25   25 76.0 76.0 1
   25 1232  115  104 41.0 44.0 1
   31 3399   75   73 53.0 54.0 1
   26 2000  115    0 41.0 90.0 1
    5 2603  123   25 39.0 76.0 1
   31 3314  107  104 43.0 44.0 1
   13 2163  123    0 39.0 90.0 1
    1 2506  123   73 39.0 54.0 1
   12  655  115   73 41.0 54.0 1
    3 1723   73   38 54.0 69.0 1
   36 2852  115   25 41.0 76.0 1
   15 2543  115   73 41.0 54.0 1
   23 3066  115    0 41.0 90.0 1
    7 2285  115   73 41.0 54.0 1
