 400  22   2  76
   15 1487   62   62 58.0 58.0 1
   28 3454  166    9 31.0 85.0 1
   15  747  166   29 31.0 74.0 1
   23 1166   62    0 58.0 90.0 1
    7  310  143    0 35.0 90.0 1
    5 1327  143   62 35.0 58.0 1
    2 3306  143   29 35.0 74.0 1
   24  977   62   29 58.0 74.0 1
   24  938  143   62 35.0 58.0 1
   26 1137   29    0 74.0 90.0 1
   25 1785  128   84 38.0 50.0 1
   28  348  128    0 38.0 90.0 1
   11  304  128    0 38.0 90.0 1
    5 3376   84    0 50.0 90.0 1
   23 1039  128    0 38.0 90.0 1
   25 1799  128   84 38.0 50.0 1
   12 1354  128   84 38.0 50.0 1
   32 3431  128   84 38.0 50.0 1
   11 1100  128   84 38.0 50.0 1
    6  779  128    0 38.0 90.0 1
   24 1102   84    0 50.0 90.0 1
   29 1784   84    0 50.0 90.0 1
