 400  20   1  73
   14 1402  138    0 36.0 90.0 1
    1 1654  138   25 36.0 76.0 1
   24  867   49   12 64.0 83.0 1
   28 3458  138   25 36.0 76.0 1
   11  656  160   49 32.0 64.0 1
   22  569  160   12 32.0 83.0 1
   28  524  160   12 32.0 83.0 1
   13  366  138    0 36.0 90.0 1
   23  808  138   49 36.0 64.0 1
   33 2601  160   25 32.0 76.0 1
    2 3448   49   12 64.0 83.0 1
    4 3276  138  138 36.0 36.0 1
   27 1038  160   12 32.0 83.0 0
   32 1179   12    0 83.0 90.0 1
   29  495   12    0 83.0 90.0 1
   18 2720  160  138 32.0 36.0 1
   16 1136  138    0 36.0 90.0 1
   31 1559   49   12 64.0 83.0 1
   20 1278   12    0 83.0 90.0 1
   24 2518  138  138 36.0 36.0 1
