 400  25   1  73
   28 3264   42   42 67.0 67.0 1
    8  412   42   42 67.0 67.0 1
   20 2663   36   36 70.0 70.0 1
    6  377   36   36 70.0 70.0 1
   29 1063   42   42 67.0 67.0 0
   15 3239   42   42 67.0 67.0 1
    4  422   36   36 70.0 70.0 1
   29 2181  107  107 43.0 43.0 1
   10  861  107  107 43.0 43.0 1
   25 1443  107  107 43.0 43.0 1
   11 2802   36   36 70.0 70.0 1
    7 1040   42   42 67.0 67.0 1
    7 2407  107    0 43.0 90.0 1
    5 1049   36    0 70.0 90.0 1
   23 3362  107    0 43.0 90.0 1
   24 3185  107   42 43.0 67.0 1
    7 3416  107    0 43.0 90.0 1
   20 3493   36    0 70.0 90.0 1
    3 2781  107   36 43.0 70.0 1
   29 2950  107    0 43.0 90.0 1
   12  780  107   36 43.0 70.0 1
   23 2235  107   36 43.0 70.0 1
   19  656  107   36 43.0 70.0 1
   12 2464  107   36 43.0 70.0 1
   24 2310  107   36 43.0 70.0 0
