 400  25   4  75
   24 2528   42   42 67.0 67.0 1
   20 1555   73   73 54.0 54.0 1
   23 2538  111  111 42.0 42.0 1
    5 2457   45    0 66.0 90.0 1
   28  569   75   42 53.0 67.0 1
    9 3066  111   75 42.0 53.0 1
    6  960   75   42 53.0 67.0 1
    6  422  111   45 42.0 66.0 1
    7 1844  100   62 45.0 58.0 1
    9  487   93   27 47.0 75.0 0
   20 3411   62    0 58.0 90.0 1
   11 2179  128    9 38.0 85.0 1
   17 2979  128  115 38.0 41.0 1
   16 2792    7    0 86.0 90.0 1
    5  457   93    7 47.0 86.0 1
   12 1017   93    0 47.0 90.0 1
   25 1382    7    0 86.0 90.0 1
   26 1821   93    7 47.0 86.0 1
   18 3364   73   23 54.0 77.0 1
   21  779  115   23 41.0 77.0 1
   25 3114  115   73 41.0 54.0 1
   13 2193  115  115 41.0 41.0 1
   14 3459  115   73 41.0 54.0 1
   16 3338  115    0 41.0 90.0 1
   24 2490   73   23 54.0 77.0 1
