 400  24   1  73
   24 2149   25   25 76.0 76.0 1
   22 1418   23   23 77.0 77.0 1
    6 1036    2    2 89.0 89.0 1
    5 3293   25   25 76.0 76.0 1
   11  433   25   25 76.0 76.0 1
   21 2999  115  115 41.0 41.0 1
   14  776   25   25 76.0 76.0 1
   12 2966  173    2 30.0 89.0 1
    4 2693   25    0 76.0 90.0 1
   21  713  173   23 30.0 77.0 1
   23 3543  115    0 41.0 90.0 1
    8 3466  173    2 30.0 89.0 1
   27  658   23    0 77.0 90.0 1
    6 1283  115    2 41.0 89.0 1
   13  927  115   25 41.0 76.0 1
    2 1123   23    2 77.0 89.0 1
   20 1306   81   25 51.0 76.0 1
    2 2363  173    0 30.0 90.0 1
   18 2899   23    2 77.0 89.0 0
   24  339   81   25 51.0 76.0 1
   29 1901  115    2 41.0 89.0 1
   30  685   81    0 51.0 90.0 1
   30 3087    2    0 89.0 90.0 1
   28 2367  173   81 30.0 51.0 1
