 400  16   1  74
   21 1180   14    0 82.0 90.0 0
   30  626   14   11 82.0 84.0 1
    6 1437   36   14 70.0 82.0 1
   45  904   49   11 64.0 84.0 1
   13  410   49   11 64.0 84.0 1
   10 3078   49    2 64.0 89.0 1
   29 1247   11    2 84.0 89.0 1
   36  370   36    2 70.0 89.0 1
   12  701   49   11 64.0 84.0 1
   18 1384   49   36 64.0 70.0 1
   17  917   36   32 70.0 72.0 1
   29  317   14    2 82.0 89.0 1
   29 1086   32   14 72.0 82.0 0
   44 1044   49   14 64.0 82.0 1
   43  312   11    2 84.0 89.0 1
   18 3150   36   11 70.0 84.0 1
