 400  21   1  73
   24 2492  154   38 33.0 69.0 1
    1 1021   18    0 80.0 90.0 1
   24 2043  154   18 33.0 80.0 1
    6 3266   65   38 57.0 69.0 1
   29 2667   38   18 69.0 80.0 1
    7 2973  154   65 33.0 57.0 0
   26 3477   65   38 57.0 69.0 1
    8 2658   65   18 57.0 80.0 1
   39 3494   38   18 69.0 80.0 1
   20 2285   38    0 69.0 90.0 1
   18 1940   65   38 57.0 69.0 1
   12 1084  154   65 33.0 57.0 1
   45 3149  154    0 33.0 90.0 1
   22 1302   38    0 69.0 90.0 1
   21 2855   65   38 57.0 69.0 1
   43 2780  154   38 33.0 69.0 1
    5 3190  154   18 33.0 80.0 1
   18 3178   18    0 80.0 90.0 1
    5 2463  154   38 33.0 69.0 1
    4 1937  154   38 33.0 69.0 1
   23 3348  154   38 33.0 69.0 1
