 400  28   3  80
   18 1202   84   84 50.0 50.0 1
    9 1079   84   84 50.0 50.0 1
   18 3002   84   84 50.0 50.0 0
   15 1548   84   84 50.0 50.0 1
   18  302   84    0 50.0 90.0 1
   14 1101   84    0 50.0 90.0 1
   13 1298   84    0 50.0 90.0 0
   12 3350   84    0 50.0 90.0 1
   12 1367   14    0 82.0 90.0 0
   14  628  160    9 32.0 85.0 1
   17 1176  160   12 32.0 83.0 1
   11 1385  160   12 32.0 83.0 1
   10 1342  160    9 32.0 85.0 0
    9  688    9    0 85.0 90.0 0
   18  394   12    9 83.0 85.0 1
   11 1689  160   12 32.0 83.0 1
   13  323   12    9 83.0 85.0 1
   18 3413  160   14 32.0 82.0 0
   13 1398   14   12 82.0 83.0 1
   13 1413  160    0 32.0 90.0 1
   13 2974   14    9 82.0 85.0 1
   18  386  160    0 32.0 90.0 1
   14 1573   18    0 80.0 90.0 1
   10  765  148   14 34.0 82.0 1
   16 1480  148   14 34.0 82.0 1
   18 1401  148   14 34.0 82.0 1
   20  383   19   18 79.0 80.0 1
   15 3575   14    0 82.0 90.0 1
