 400  28   2  80
   18  311   21   21 78.0 78.0 1
   13  560   21   21 78.0 78.0 1
   19  684   75   75 53.0 53.0 1
   12  404   21   21 78.0 78.0 1
   18  437   27   27 75.0 75.0 1
   10  964   21   21 78.0 78.0 1
   17 1701   21   21 78.0 78.0 1
   19 1765   21   21 78.0 78.0 0
   14 2760   27   27 75.0 75.0 1
   18 1057   75   27 53.0 75.0 1
   14  372   75   27 53.0 75.0 1
   12 1168   27    0 75.0 90.0 1
   15  496   21    0 78.0 90.0 1
   11 1203   84   27 50.0 75.0 1
   10 1021   75    0 53.0 90.0 1
   15 1314   84   75 50.0 53.0 1
    9  611   21   21 78.0 78.0 1
   10  346   84   75 50.0 53.0 0
   16  674   84   27 50.0 75.0 1
   18 1308   84   21 50.0 78.0 1
   18 1124   27    0 75.0 90.0 1
   16  924  154    0 33.0 90.0 1
    9  334   25    0 76.0 90.0 1
   14 3395   25    0 76.0 90.0 1
   11  992  154   25 33.0 76.0 1
   17 1233   25    0 76.0 90.0 0
   13  622  154    0 33.0 90.0 1
   14 1513   25    0 76.0 90.0 1
