 400  25   2  80
   11  847    5    5 87.0 87.0 1
   16 1644    5    5 87.0 87.0 1
   20 2868   47   47 65.0 65.0 1
   13 3487    5    5 87.0 87.0 1
   14 1685   47   47 65.0 65.0 1
   16 1662   62   27 58.0 75.0 1
   15 1321   70   42 55.0 67.0 1
   17  317   70   14 55.0 82.0 1
   16  625  107   14 43.0 82.0 1
   18 1719   62    5 58.0 87.0 1
   12 1506   70    0 55.0 90.0 1
   18 1409   70   47 55.0 65.0 0
   20  665   51   49 63.0 64.0 1
   21  530   49    0 64.0 90.0 1
   18 1423   62   51 58.0 63.0 1
   20  785   97   62 46.0 58.0 1
   13  657   97    9 46.0 85.0 1
   20  428   49    9 64.0 85.0 0
   17 1199   97    9 46.0 85.0 1
   12 1630   49   34 64.0 71.0 1
   11 1146   97    9 46.0 85.0 1
   13 1583    9    0 85.0 90.0 1
   20  720   62    0 58.0 90.0 1
   13 3205   34    0 71.0 90.0 1
   16  910   34    0 71.0 90.0 1
