 400  29   2  79
   11  512   12   12 83.0 83.0 1
   14 1022   21   21 78.0 78.0 1
   15 1236   67   67 56.0 56.0 1
   11 2899   21   21 78.0 78.0 1
   18  494   67   67 56.0 56.0 1
   14  520   12   12 83.0 83.0 1
   18 3364   12   12 83.0 83.0 1
   10 1756   21    0 78.0 90.0 1
   17 2521   21    0 78.0 90.0 1
   18 3508   67   12 56.0 83.0 1
   11 1802   21    0 78.0 90.0 1
   15  889   12    0 83.0 90.0 1
   12 2853   21   12 78.0 83.0 1
   16  347   21   12 78.0 83.0 1
   11  918   21   12 78.0 83.0 1
   19 3584   70    0 55.0 90.0 1
   10 1904   25    0 76.0 90.0 1
   10 3329  115    0 41.0 90.0 1
   19 2741   25    0 76.0 90.0 1
   12  699   70   25 55.0 76.0 1
   10  339   70   25 55.0 76.0 1
   17 2190  115    0 41.0 90.0 1
   10 3004   70    0 55.0 90.0 1
   16 2337   25    0 76.0 90.0 1
   10  304   70    0 55.0 90.0 0
   10 1148  115   70 41.0 55.0 1
   17 1776  115   70 41.0 55.0 1
   10 2598  115   25 41.0 76.0 1
   19  607  115   70 41.0 55.0 0
