 400  15   2  80
   23  516  104  104 44.0 44.0 1
   24 1341  173  173 30.0 30.0 1
   31 2921   62    0 58.0 90.0 1
   29  727  133   40 37.0 68.0 1
   28 3446   78   62 52.0 58.0 1
   29  952  133   78 37.0 52.0 1
   23 1684   32   12 72.0 83.0 0
   27 3555  123   11 39.0 84.0 1
   27 1423   60    0 59.0 90.0 1
   28  974  123   11 39.0 84.0 1
   23 1390  133   60 37.0 59.0 1
   31 1024  133   32 37.0 72.0 1
   23 1662   11    0 84.0 90.0 1
   22  964  133    0 37.0 90.0 1
   32 1163   32   12 72.0 83.0 1
