 400  24   4  79
   17 1882   93   93 47.0 47.0 1
   19  824   62   51 58.0 63.0 0
   14 2092   62    0 58.0 90.0 1
   19  883   93   62 47.0 58.0 0
   18  392   29    0 74.0 90.0 1
   16 3302   93   51 47.0 63.0 1
   17  314   36    0 70.0 90.0 1
   20 3536   36    0 70.0 90.0 1
   13 2131  143    0 35.0 90.0 1
   12 1521  143   12 35.0 83.0 1
   12 2343  143   12 35.0 83.0 1
   12  664  143   40 35.0 68.0 1
   17 2555   18    0 80.0 90.0 1
   14 2497   58   23 60.0 77.0 1
   17  950   81   62 51.0 58.0 1
   21  547   62   58 58.0 60.0 1
   16 1328   23   18 77.0 80.0 1
   19  554   62   58 58.0 60.0 1
   21 3560   84   42 50.0 67.0 1
   20  484   84    0 50.0 90.0 1
   15 2025   84   42 50.0 67.0 1
   16  337   84    0 50.0 90.0 0
   18  702   84    0 50.0 90.0 1
   17 3022   84    0 50.0 90.0 1
