 400  22   1  78
   17 1382   14   14 82.0 82.0 1
   14 1511   81   81 51.0 51.0 1
   23 1147   58   58 60.0 60.0 0
   20 3276   14   14 82.0 82.0 1
   19  694   14   14 82.0 82.0 1
   22 1273   58   58 60.0 60.0 1
   13  668   58   58 60.0 60.0 1
   19  863   75   75 53.0 53.0 0
   22 1453   75   75 53.0 53.0 1
   15 1096   58   58 60.0 60.0 1
   20 1651   58   14 60.0 82.0 1
   14 1228   81   34 51.0 71.0 1
   21  433   93   73 47.0 54.0 1
   18  621   58   14 60.0 82.0 1
   15 1022   58    0 60.0 90.0 1
   14  503   81   14 51.0 82.0 1
   17 1538   58    0 60.0 90.0 1
   15 1645   93   58 47.0 60.0 1
   19 3447   81   34 51.0 71.0 1
   18 1308   75   58 53.0 60.0 1
   23 1453   75   34 53.0 71.0 1
   22 1404   73   14 54.0 82.0 1
