 400  29   2  79
   16 3179  115  115 41.0 41.0 1
   16  642  115  115 41.0 41.0 0
   15 2981  133  133 37.0 37.0 1
   20 1729  133    9 37.0 85.0 1
   11 2363  133   34 37.0 71.0 1
   17 1254    9    0 85.0 90.0 0
   10 1770  133  115 37.0 41.0 1
   11 2037   34    9 71.0 85.0 1
   12 2322   34    9 71.0 85.0 1
   11 1277  133    9 37.0 85.0 0
   10 2957  115   34 41.0 71.0 1
   12  374  115   34 41.0 71.0 1
   13 1023  133    0 37.0 90.0 0
   10  305  115    0 41.0 90.0 1
   11 1450  133   34 37.0 71.0 1
   16 2824  133    0 37.0 90.0 1
   19  354  166    0 31.0 90.0 1
   10 2389  166   53 31.0 62.0 1
   10 1515   55   53 61.0 62.0 1
   16 1726  166   55 31.0 61.0 1
   20  803   55   53 61.0 62.0 1
   17 2913   53    0 62.0 90.0 1
   15  641  166    0 31.0 90.0 1
   10 1403   55    0 61.0 90.0 1
   17  588   58   53 60.0 62.0 1
   10 2488   55   53 61.0 62.0 1
   18 1449   55    0 61.0 90.0 1
   11 3446   58    0 60.0 90.0 0
   16  805   55    0 61.0 90.0 1
