 400  27   2  80
   11  460   70   70 55.0 55.0 1
   13  446   32   32 72.0 72.0 1
   13  712  100  100 45.0 45.0 1
   18  817   70   70 55.0 55.0 1
   16 1010   75   62 53.0 58.0 1
   17  950   62   14 58.0 82.0 1
   18 1359   65   62 57.0 58.0 1
   17 1693   75   14 53.0 82.0 1
   10 1218   21   14 78.0 82.0 1
   14 2914   70   14 55.0 82.0 1
   15  809   45    0 66.0 90.0 1
   10  381   34    0 71.0 90.0 1
   14  907   45   34 66.0 71.0 1
   15  369   45   34 66.0 71.0 0
   14 1527   34    0 71.0 90.0 1
   12 1783   34    0 71.0 90.0 1
   14 1619   38    0 69.0 90.0 0
   17  934   53   38 62.0 69.0 1
   20 1645   53   45 62.0 66.0 1
   17  682   45   34 66.0 71.0 1
   10 1546   53   53 62.0 62.0 1
   12 1321   38   34 69.0 71.0 1
   11  383   53    0 62.0 90.0 0
   16  583   34   34 71.0 71.0 1
   19 3568   53   45 62.0 66.0 1
   19  575   53   53 62.0 62.0 1
   18  806   53   38 62.0 69.0 1
