 400  15   1  78
   23 1542   29   29 74.0 74.0 1
   24  831   36   23 70.0 77.0 1
   30 1048   51   25 63.0 76.0 0
   24 1242   36    0 70.0 90.0 1
   29  558   62   25 58.0 76.0 1
   24  642   73   36 54.0 70.0 1
   28  429   36   25 70.0 76.0 1
   22  692   23    0 77.0 90.0 1
   27 3192   62    0 58.0 90.0 1
   31 1053   73   51 54.0 63.0 1
   22 1167   23    0 77.0 90.0 1
   23 2738   29    0 74.0 90.0 1
   33 1421   73   51 54.0 63.0 1
   30  484   73   51 54.0 63.0 1
   30  611   62   36 58.0 70.0 1
