 400  22   1  78
   24 1404   62   62 58.0 58.0 1
   15 1514   62   62 58.0 58.0 1
   19 1574   84   84 50.0 50.0 0
   17  584   62   62 58.0 58.0 1
   13  383    3    3 88.0 88.0 0
   23 1061   84   84 50.0 50.0 1
   16 1364    3    3 88.0 88.0 1
   18 1259   84   84 50.0 50.0 1
   22 1582  100    0 45.0 90.0 1
   18  951   84   62 50.0 58.0 1
   18 3083  100   62 45.0 58.0 0
   16 3305   84    0 50.0 90.0 1
   23  498   62    3 58.0 88.0 1
   20  611  100    3 45.0 88.0 1
   14  385   62    0 58.0 90.0 1
   15 1613    3    0 88.0 90.0 1
   21 1606  100   84 45.0 50.0 1
   20  985   84    3 50.0 88.0 1
   13  556    3    0 88.0 90.0 1
   16 1575   62    3 58.0 88.0 1
   18  448   84    3 50.0 88.0 1
   21  323   84    0 50.0 90.0 1
