 400  16   1  77
   27 1987   36   36 70.0 70.0 1
   25  430   25   25 76.0 76.0 0
   18 1405   75   75 53.0 53.0 1
   30 3175   36   36 70.0 70.0 1
   28 3304   36   36 70.0 70.0 1
   25 1553   40   40 68.0 68.0 1
   24 1284    2    2 89.0 89.0 1
   23 1484   40   40 68.0 68.0 1
   27 2558   36   14 70.0 82.0 1
   24 2835   40   14 68.0 82.0 0
   25 2310   14   12 82.0 83.0 1
   22  467   40    0 68.0 90.0 1
   27 1296   25    0 76.0 90.0 1
   19 2508   36   25 70.0 76.0 1
   29  706   40   12 68.0 83.0 1
   27 3108   75   40 53.0 68.0 1
