 400  18   2  79
   18  556   55   55 61.0 61.0 1
   26 2981   55   55 61.0 61.0 1
   17 2823   25   25 76.0 76.0 1
   27 2188   25    0 76.0 90.0 1
   19 2146   78    0 52.0 90.0 1
   25  363   25    2 76.0 89.0 1
   26 2035   25    0 76.0 90.0 1
   27  901   25    2 76.0 89.0 1
   25 1000   25    0 76.0 90.0 1
   20  481   55    0 61.0 90.0 1
   17 3121   70    0 55.0 90.0 1
   25 3399   70    0 55.0 90.0 1
   25 2504   65    0 57.0 90.0 1
   18 3323   70    0 55.0 90.0 1
   22 2768   65    0 57.0 90.0 1
   22 2978   70   65 55.0 57.0 1
   25 3463   70   65 55.0 57.0 0
   16 2621   70    0 55.0 90.0 1
