 400  15   1  78
   30  340   32   32 72.0 72.0 1
   28  819   32   32 72.0 72.0 1
   32 1202  115  115 41.0 41.0 1
   27  576  100  100 45.0 45.0 1
   24 1190  100  100 45.0 45.0 1
   23  466   32   32 72.0 72.0 1
   28  613  115   32 41.0 72.0 1
   23 1424  100   32 45.0 72.0 1
   22 1028  115    0 41.0 90.0 1
   32  910  115   32 41.0 72.0 0
   24  721  100    0 45.0 90.0 1
   27 1553  100   32 45.0 72.0 1
   29  355  115    0 41.0 90.0 1
   22 1789   32    0 72.0 90.0 1
   29 3134  100    0 45.0 90.0 1
