 400  24   1  78
   21 1262   29   29 74.0 74.0 1
   20  934   62   62 58.0 58.0 1
   20 1684   84   84 50.0 50.0 1
   15  352   84   84 50.0 50.0 1
   13  461   62   62 58.0 58.0 0
   15  513   31   31 73.0 73.0 1
   13 1758  128  128 38.0 38.0 1
   20  952   38    0 69.0 90.0 1
   18 1209   31    0 73.0 90.0 1
   12  914   38   31 69.0 73.0 1
   14  819   38    0 69.0 90.0 1
   19 1656   38   31 69.0 73.0 1
   21 1776   62    0 58.0 90.0 1
   18  547  128   29 38.0 74.0 1
   12  542   62    0 58.0 90.0 0
   21 1749   84   62 50.0 58.0 1
   21 1713  128   84 38.0 50.0 1
   21 1460  128   29 38.0 74.0 0
   14 1322   62   29 58.0 74.0 1
   15 2877  128   62 38.0 58.0 1
   16 1649  128   29 38.0 74.0 1
   13 1093  128   29 38.0 74.0 1
   17  715   38   29 69.0 74.0 1
   11 1800   84   29 50.0 74.0 1
