 400  27   1  77
   11  690  104  104 44.0 44.0 1
   19 3385  160  160 32.0 32.0 1
   10 3024  104  104 44.0 44.0 1
   18 3582   81    0 51.0 90.0 1
   19 3322  123   81 39.0 51.0 0
   18 1515  160  104 32.0 44.0 0
   19 1614  104   81 44.0 51.0 1
   19 3265  123    0 39.0 90.0 1
   10 2647  104    0 44.0 90.0 1
   11  598  160   81 32.0 51.0 1
   18 3118  123  104 39.0 44.0 1
   13  382  104    0 44.0 90.0 0
   18  979   81    0 51.0 90.0 1
   16 1953  104   81 44.0 51.0 0
   12 1678  104    0 44.0 90.0 1
   12  654  123    0 39.0 90.0 1
   13 2634  160   81 32.0 51.0 1
   14 3255  104   81 44.0 51.0 1
   12 2161  160    0 32.0 90.0 1
   10  579  123  104 39.0 44.0 1
   10 2586  160  123 32.0 39.0 1
   20 2141  123  104 39.0 44.0 1
   20 2249  104    0 44.0 90.0 0
   15 2544  160   81 32.0 51.0 1
   10 1082  160    0 32.0 90.0 1
   15 1570  160  104 32.0 44.0 1
   18 3393  123   81 39.0 51.0 1
