 400  27   1  78
   15  725   75   75 53.0 53.0 0
   17  624  133  133 37.0 37.0 1
   11  660  133  133 37.0 37.0 1
   10  909  133   75 37.0 53.0 1
   16  371   81    0 51.0 90.0 0
   17  656  133    0 37.0 90.0 1
   20  865   75    0 53.0 90.0 1
   17 1149   81   75 51.0 53.0 1
    9  520   81   75 51.0 53.0 1
   17  542  133    0 37.0 90.0 1
   11 1473   81   75 51.0 53.0 1
   18 3326   81    0 51.0 90.0 1
   11  653   81    0 51.0 90.0 1
   12 1497  133   81 37.0 51.0 1
   16 1291   81    0 51.0 90.0 1
   13 1320   81   75 51.0 53.0 1
   11  576   75    0 53.0 90.0 1
   16 1509   81    0 51.0 90.0 1
   13  458  133   81 37.0 51.0 1
   18 1392   81    0 51.0 90.0 1
   18  649  133    0 37.0 90.0 1
   10  340   75    0 53.0 90.0 1
   16  731  133    0 37.0 90.0 1
   16 1515  133   75 37.0 53.0 1
   18 1273  133   75 37.0 53.0 1
   16  518  133    0 37.0 90.0 1
   18 1344  133    0 37.0 90.0 1
