 400  25   1  77
   15 3144   16   16 81.0 81.0 1
   17 1736   23   23 77.0 77.0 1
   15 2568   23   19 77.0 79.0 1
   17 3196  104   16 44.0 81.0 1
   13 3048   16    0 81.0 90.0 1
   12  444  111    0 42.0 90.0 1
   17 2516  104   16 44.0 81.0 1
   13 3445  104  104 44.0 44.0 1
   17 2015   62    0 58.0 90.0 0
   18  685   23   19 77.0 79.0 1
   20 1065   19   16 79.0 81.0 1
   11 3579   62   16 58.0 81.0 1
   14 1759  104   19 44.0 79.0 1
   17 3548   19   16 79.0 81.0 0
   15 1992  111   16 42.0 81.0 1
   14 1014   62   23 58.0 77.0 1
   20 1242   19    0 79.0 90.0 1
   19 3257  104   62 44.0 58.0 1
   11 1317  111   19 42.0 79.0 1
   12 3202  111    0 42.0 90.0 0
   12 3141  111  104 42.0 44.0 1
   20 2042  111   19 42.0 79.0 1
   21  314   23    0 77.0 90.0 1
   21 1251  104   19 44.0 79.0 1
   19 1732  104   62 44.0 58.0 1
