 400  29   3  79
   16  703    2    2 89.0 89.0 1
   16  396   18   18 80.0 80.0 0
   16 1315   51   51 63.0 63.0 1
   11 1533   36    2 70.0 89.0 1
   18  341   51   31 63.0 73.0 1
   14 2473   51   45 63.0 66.0 1
   11 1346   75   42 53.0 67.0 1
   12 2265   75   31 53.0 73.0 1
   12 3361   42   31 67.0 73.0 1
   12 2985   42   36 67.0 70.0 1
   13 1934   55   53 61.0 62.0 1
   13 2691   42    0 67.0 90.0 1
   12  723  104   42 44.0 67.0 1
   18 2697  107   55 43.0 61.0 1
   15  878  107   55 43.0 61.0 1
   12 1505  104   55 44.0 61.0 1
   15  568   55   42 61.0 67.0 1
   13 1417  104   42 44.0 67.0 1
   11  983   53    0 62.0 90.0 1
   12 2440   55   53 61.0 62.0 1
   11 3031   55   42 61.0 67.0 1
   14 2963   81   18 51.0 80.0 1
   18 1658   84   36 50.0 70.0 1
   14 2128   42    7 67.0 86.0 1
   14  475    7    0 86.0 90.0 1
   18  951   32    7 72.0 86.0 1
   18 3283   32    0 72.0 90.0 1
   10 2765   81   32 51.0 72.0 1
   11  474   36   32 70.0 72.0 1
