 400  25   4  79
   15 2789   97   97 46.0 46.0 1
   15 3324   97    0 46.0 90.0 1
   13 3512  107   29 43.0 74.0 1
   19 1338  143   49 35.0 64.0 1
   15 2070   49    9 64.0 85.0 1
   15 1594  138  115 36.0 41.0 1
   16 2912   81    0 51.0 90.0 1
   12  988  115   81 41.0 51.0 0
   18 2507   51    0 63.0 90.0 1
   17  302  138    0 36.0 90.0 1
   15 2037  138   81 36.0 51.0 1
   18 2339  143    0 35.0 90.0 1
   15 1057  143  107 35.0 43.0 1
   16 1994  100    0 45.0 90.0 1
   14  863  143  100 35.0 45.0 1
   23 3137   18    0 80.0 90.0 1
   12 1289  119    0 40.0 90.0 1
   20 2954  154   27 33.0 75.0 1
   15 1568   11    0 84.0 90.0 1
   15 3585  119   11 40.0 84.0 0
   14 1085  133   27 37.0 75.0 0
   17 3267  154   27 33.0 75.0 1
   16  460  119    0 40.0 90.0 1
   22  939   11    0 84.0 90.0 0
   13 2757  166  119 31.0 40.0 1
