 400  16   1  77
   27 1154    3    3 88.0 88.0 1
   23 3230   75   75 53.0 53.0 1
   29 1561    3    3 88.0 88.0 1
   22 2709   75    0 53.0 90.0 1
   23 3091   75    0 53.0 90.0 1
   29 3320    3    0 88.0 90.0 1
   21 2364   75    3 53.0 88.0 1
   24 3593   75    3 53.0 88.0 1
   30 1890   75    3 53.0 88.0 1
   20 1551   75    3 53.0 88.0 1
   23 3316   75    0 53.0 90.0 1
   24  792   75    3 53.0 88.0 1
   24 1257   75    3 53.0 88.0 1
   30 3581   75    0 53.0 90.0 1
   26  670   75    0 53.0 90.0 1
   25  674    3    0 88.0 90.0 1
