 400  27   4  79
   18  828   73   73 54.0 54.0 1
   15 2158   11   11 84.0 84.0 1
   17 3238   73   11 54.0 84.0 1
   16  691   73   11 54.0 84.0 0
   18 2866   11    0 84.0 90.0 1
   19  604   11    0 84.0 90.0 1
   12 1454   90   42 48.0 67.0 1
   11 3575  143   49 35.0 64.0 1
   15  814   49    0 64.0 90.0 1
   15 1933   90    0 48.0 90.0 1
   18 2961  143   38 35.0 69.0 1
   10  740  143   49 35.0 64.0 1
   11 1937   42    0 67.0 90.0 1
   16  650   12    0 83.0 90.0 1
   17 1897   34   12 71.0 83.0 1
   19 1213   34    0 71.0 90.0 1
   16 2374   62   12 58.0 83.0 1
   11 2094   62   34 58.0 71.0 1
   14 2046   62    0 58.0 90.0 1
   17  573   62   34 58.0 71.0 1
   10 3214   62   12 58.0 83.0 1
   15 1380   45    9 66.0 85.0 1
   11  791   45    9 66.0 85.0 0
   13 2564   45    0 66.0 90.0 1
   17 2614    9    9 85.0 85.0 1
   14 3506    9    0 85.0 90.0 1
   15 3363   45    0 66.0 90.0 1
