 400  28   3  79
   13  489    3    3 88.0 88.0 1
   16 1995    9    9 85.0 85.0 1
   12  663   70    9 55.0 85.0 1
    9 1791   70   45 55.0 66.0 1
   18 3236   51   45 63.0 66.0 0
   12  513   97   42 46.0 67.0 1
   17  588   42    0 67.0 90.0 1
   10 1463   42    0 67.0 90.0 1
   13 2953   42    0 67.0 90.0 1
   17 3515   97   42 46.0 67.0 1
   18 3032   42    0 67.0 90.0 1
   14 3468   97    0 46.0 90.0 0
    9 2944   42    0 67.0 90.0 1
   18 2350   97   42 46.0 67.0 1
   18  849   97    0 46.0 90.0 1
   15 1933   81    7 51.0 86.0 1
   17 1786  123   40 39.0 68.0 1
   10 3592   97   81 46.0 51.0 1
   16 2964  119    7 40.0 86.0 1
   16 1726  119   40 40.0 68.0 0
   16 2240   40    0 68.0 90.0 1
   10 1826  123    0 39.0 90.0 0
   12 2177   97    7 46.0 86.0 1
   16 3129   81    7 51.0 86.0 0
   11  877  123   81 39.0 51.0 0
   15  735   40    7 68.0 86.0 1
   17 3232  119    7 40.0 86.0 1
   15 1949   40    7 68.0 86.0 1
