 400  25   1  78
   12  716   87   87 49.0 49.0 1
   12  729   93   93 47.0 47.0 1
   16  757  160  160 32.0 32.0 1
   18  845  160  160 32.0 32.0 0
   13  985  100  100 45.0 45.0 1
   14 1146   87   87 49.0 49.0 1
   20 1191  100   60 45.0 59.0 1
   16 1624  100   25 45.0 76.0 1
   17 1049  160   87 32.0 49.0 1
   15  651  160   16 32.0 81.0 1
   20 1397   93    0 47.0 90.0 1
   18 1289  100   16 45.0 81.0 1
   11  604  160   60 32.0 59.0 1
   11  496   93   25 47.0 76.0 1
   13 1413   60   16 59.0 81.0 1
   21 1655  160   16 32.0 81.0 1
   18  915  160   93 32.0 47.0 0
   17 1496  160   87 32.0 49.0 1
   17  635   93   87 47.0 49.0 0
   21  323   87   60 49.0 59.0 1
   14  318   87    0 49.0 90.0 1
   19 1074  160    0 32.0 90.0 0
   15  667  160   60 32.0 59.0 1
   15  316  100   25 45.0 76.0 1
   17 2876   93   87 47.0 49.0 0
