 400  21   2  80
   22 1560    5    5 87.0 87.0 1
   18  982  138  138 36.0 36.0 1
   22  877    5    0 87.0 90.0 0
   20  901    5    0 87.0 90.0 1
   21 3469  138    0 36.0 90.0 1
   15 1071  138    0 36.0 90.0 1
   19 1430  138    0 36.0 90.0 0
   13 3540  138    0 36.0 90.0 0
   17  624  138    0 36.0 90.0 1
   23 1638  138    5 36.0 87.0 1
   13  948    5    0 87.0 90.0 1
   19 3299  119   32 40.0 72.0 1
   21  444  119   32 40.0 72.0 1
   16 1126   32    0 72.0 90.0 1
   19  395   25    0 76.0 90.0 0
   21 3499   32    0 72.0 90.0 1
   19 1597   32   25 72.0 76.0 1
   23 1356   25    0 76.0 90.0 1
   19 1325   32   25 72.0 76.0 1
   19 1129   32    0 72.0 90.0 1
   21 1413  119   32 40.0 72.0 1
