 400  21   3  79
   23 2642   84   84 50.0 50.0 1
   14 2376   78   78 52.0 52.0 1
   22 2924   70   70 55.0 55.0 1
   16 3566   84   70 50.0 55.0 1
   15 2806   70   70 55.0 55.0 1
   24 2711   78   29 52.0 74.0 1
   19 2257   70   70 55.0 55.0 1
   17 1277  100    0 45.0 90.0 1
   16 2186  138  100 36.0 45.0 1
   19 1866  138   78 36.0 52.0 1
   21 1798  100    0 45.0 90.0 1
   23 3079  100   78 45.0 52.0 1
   21 2371  138   78 36.0 52.0 1
   21 1391   90    0 48.0 90.0 1
   23 3155   25    0 76.0 90.0 1
   16 2501   25    0 76.0 90.0 1
   20 2402   90    0 48.0 90.0 1
   21 2647   25    0 76.0 90.0 1
   16 1871   25   25 76.0 76.0 1
   15 1434   25    0 76.0 90.0 1
   18 1812  138    0 36.0 90.0 1
