 400  28   3  80
   15 1782  173  160 30.0 32.0 0
   18 3332  173  160 30.0 32.0 1
    9  397  173    0 30.0 90.0 1
   10  574  173   34 30.0 71.0 1
   19 1748  173  160 30.0 32.0 1
   12 3510  160   34 32.0 71.0 1
   18  927   25    5 76.0 87.0 1
   13 1050  123    0 39.0 90.0 1
   10 1036    5    0 87.0 90.0 0
   12 1186    5    0 87.0 90.0 1
   12 3044   73    5 54.0 87.0 1
   12  384   25    0 76.0 90.0 1
   18 1344  123    5 39.0 87.0 1
   19  699   25    5 76.0 87.0 1
   18 3231   73    5 54.0 87.0 1
   16 1305  123    0 39.0 90.0 1
   20 3206   40   34 68.0 71.0 1
   15  774   34    0 71.0 90.0 1
   18 2422   40   34 68.0 71.0 1
   12 1843   40    0 68.0 90.0 1
   14  737   34    0 71.0 90.0 1
   13 2167   40   34 68.0 71.0 1
   13 2090   34    0 71.0 90.0 1
   10 3216   34    0 71.0 90.0 1
   11 2655   40   34 68.0 71.0 1
   13 1027   34    0 71.0 90.0 1
   11 1972   34    0 71.0 90.0 0
   19 3249   34    0 71.0 90.0 0
