 400  23   1  77
   16 3026  173  173 30.0 30.0 1
   22 3070   90   90 48.0 48.0 1
   13 1299   38   32 69.0 72.0 1
   17 1991  173   38 30.0 69.0 1
   15 1989  173   32 30.0 72.0 1
   14 2011   38   32 69.0 72.0 1
   19 3235   53   38 62.0 69.0 1
   22 3245   90   32 48.0 72.0 1
   23 3574   45    0 66.0 90.0 1
   15 1679  173   32 30.0 72.0 1
   15 2479  173    0 30.0 90.0 1
   16 2915   45   38 66.0 69.0 1
   16 2626   90   53 48.0 62.0 1
   17  695  173  173 30.0 30.0 1
   20 3220  173   32 30.0 72.0 1
   20  718   53   45 62.0 66.0 1
   12  939   90    0 48.0 90.0 1
   18 2681  173   32 30.0 72.0 1
   16 1150   53   32 62.0 72.0 1
   23 1620  173  173 30.0 30.0 0
   22 1880   53   45 62.0 66.0 1
   12 1194  173   45 30.0 66.0 1
   17 3016  173   32 30.0 72.0 1
