 400  26   1  77
   18 2346   49   49 64.0 64.0 1
   15 3416   16   16 81.0 81.0 1
   15 3509   49   49 64.0 64.0 1
   10 1599   49   49 64.0 64.0 1
   18 1638  119   49 40.0 64.0 1
   18  648   49    3 64.0 88.0 1
   13  840   49   18 64.0 80.0 1
   12 3375   62   16 58.0 81.0 1
   21 2815  100   62 45.0 58.0 0
   16  607  119   18 40.0 80.0 1
   19  981  119    0 40.0 90.0 1
   15 1230  100    0 45.0 90.0 1
   15 1643   62   18 58.0 80.0 1
   18 1934  119   49 40.0 64.0 1
   16 2761  119   18 40.0 80.0 1
   20 2932   18    3 80.0 88.0 1
   12  799   49    3 64.0 88.0 1
   16 1266   49    0 64.0 90.0 1
   15  966   16    3 81.0 88.0 0
   19 3541   49    3 64.0 88.0 1
   12  730   62   16 58.0 81.0 1
   17 2821  119   18 40.0 80.0 1
   10  729  100   62 45.0 58.0 1
   12 1231  100   18 45.0 80.0 1
   17 3051  119  100 40.0 45.0 1
   11 3466  100   49 45.0 64.0 1
