 400  26   1  78
   16 1550    3    3 88.0 88.0 1
   15 3447  128    2 38.0 89.0 1
   17  669  166  160 31.0 32.0 1
   15  329  160    0 32.0 90.0 1
   13  519  128    2 38.0 89.0 1
   20 1057  166  148 31.0 34.0 1
   12 3472  128    3 38.0 88.0 1
   15  306    3    0 88.0 90.0 1
   17  332    3    2 88.0 89.0 1
   21 1699  148   87 34.0 49.0 1
   14  456  166    0 31.0 90.0 1
   18 1649  166    0 31.0 90.0 1
   20  536  148   87 34.0 49.0 1
   19  493  128    2 38.0 89.0 1
   11  980  148   87 34.0 49.0 1
   19  529    3    0 88.0 90.0 0
   10 1685  160    3 32.0 88.0 1
   10  502  148   87 34.0 49.0 0
   17 1352  160    0 32.0 90.0 1
   16 1740  128    3 38.0 88.0 1
   18 1597    3    0 88.0 90.0 1
   13  886  160    3 32.0 88.0 0
   14  481  166    0 31.0 90.0 1
   14 1349  128    0 38.0 90.0 1
   15 1435  128    3 38.0 88.0 1
   11  920   87    3 49.0 88.0 1
