 400  27   4  80
   11 1237    9    9 85.0 85.0 1
   14 1359   87   53 49.0 62.0 0
   19 1431  100   87 45.0 49.0 1
   14 2881  143   53 35.0 62.0 1
   17  712    9    0 85.0 90.0 1
   10 3497   67   47 56.0 65.0 1
   17  322  100    9 45.0 85.0 1
   14 1112  143   53 35.0 62.0 1
   16 1741  107   29 43.0 74.0 1
   10 3458   23   16 77.0 81.0 1
   12 3322   97   23 46.0 77.0 1
   17 1969   97   29 46.0 74.0 1
   14 2995   29    0 74.0 90.0 1
   16 2537  160   29 32.0 74.0 0
   18 2675  160   29 32.0 74.0 1
   15 2192  160    0 32.0 90.0 1
   13 2703   67   42 56.0 67.0 0
   17 1669   42    0 67.0 90.0 1
   10  617  143    0 35.0 90.0 1
   18 2981  143    0 35.0 90.0 1
   16 1138   67   42 56.0 67.0 1
   19 3424   67    0 56.0 90.0 1
   16  366   45    0 66.0 90.0 1
   12 3043  166   65 31.0 57.0 1
   20  698  166   73 31.0 54.0 1
   14  665   45    0 66.0 90.0 1
   11 2817   49   40 64.0 68.0 1
