 400  15   3  79
   24 3452  100  100 45.0 45.0 1
   32  809   42   42 67.0 67.0 1
   23  759   42    0 67.0 90.0 1
   25 2799   42    0 67.0 90.0 1
   23  431   97    0 46.0 90.0 1
   24  674   73   19 54.0 79.0 1
   30  921   19   11 79.0 84.0 1
   22 2522   75   19 53.0 79.0 1
   32  458   75   73 53.0 54.0 1
   22 2343   73   19 54.0 79.0 1
   26 1973  143    0 35.0 90.0 0
   25  683  143    5 35.0 87.0 0
   29 1374  100    0 45.0 90.0 1
   31 2897  104    5 44.0 87.0 1
   32  973  104    5 44.0 87.0 1
