 400  23   1  77
   24  557   78   78 52.0 52.0 0
   18 1467   34   34 71.0 71.0 1
   14 3392   78   78 52.0 52.0 1
   23  357   34   34 71.0 71.0 1
   21 3142   78   78 52.0 52.0 1
   21  895   78   78 52.0 52.0 1
   15 3438   34   34 71.0 71.0 1
   18 1492   19   19 79.0 79.0 1
   13  814   19   19 79.0 79.0 1
   19 3032   19   19 79.0 79.0 1
   16  579   78    0 52.0 90.0 1
   18  525   34    0 71.0 90.0 1
   18 3389   78   34 52.0 71.0 1
   19 1675   34    0 71.0 90.0 1
   17  988   34   19 71.0 79.0 1
   14 2171   19    0 79.0 90.0 1
   13  707   34   19 71.0 79.0 1
   13 1769   34    0 71.0 90.0 1
   20 2291   78   34 52.0 71.0 1
   14 1139   19    0 79.0 90.0 1
   17  857   78    0 52.0 90.0 1
   21 1227   19    0 79.0 90.0 0
   14 1717   78   19 52.0 79.0 1
