 400  16   1  78
   19  973   25   25 76.0 76.0 1
   25 1539   47   47 65.0 65.0 1
   19 1408  173  173 30.0 30.0 1
   27 1346   51   51 63.0 63.0 1
   29 1495   51   51 63.0 63.0 0
   23  379   25   25 76.0 76.0 1
   29 2888   51   51 63.0 63.0 1
   30 2821   51   51 63.0 63.0 1
   27 1339  173  138 30.0 36.0 1
   29  344   65   47 57.0 65.0 1
   19  674   51    0 63.0 90.0 1
   26 1593  173   65 30.0 57.0 1
   22  488  173   47 30.0 65.0 1
   28  856  173   25 30.0 76.0 1
   29 1019  138    0 36.0 90.0 1
   19  990   51   25 63.0 76.0 1
