 400  17   1  77
   26  718   62   62 58.0 58.0 1
   24  855   49   49 64.0 64.0 1
   23 3356   70   49 55.0 64.0 0
   18 3284   75    0 53.0 90.0 1
   27 1307   62   49 58.0 64.0 1
   18  695   75   70 53.0 55.0 1
   27 2685  173   49 30.0 64.0 1
   20 1428   75    0 53.0 90.0 1
   17 2841   70   62 55.0 58.0 1
   26 2664   70   62 55.0 58.0 1
   27 2198   75   62 53.0 58.0 1
   26 2293   75   62 53.0 58.0 1
   22 1525   75   70 53.0 55.0 1
   24 1985   75   70 53.0 55.0 0
   24 3234   70   49 55.0 64.0 1
   23  912  173   75 30.0 53.0 1
   28 1046  173   70 30.0 55.0 1
