 400  19   3  80
   21 1465   38   38 69.0 69.0 1
   20 1085   19   19 79.0 79.0 1
   26  780   27   12 75.0 83.0 1
   22  326   38   19 69.0 79.0 1
   25 2932   23    0 77.0 90.0 1
   23  835  173    0 30.0 90.0 1
   23 3351  119   34 40.0 71.0 1
   26 3008   90   34 48.0 71.0 1
   16 3056  148   90 34.0 48.0 1
   22 1730  119  107 40.0 43.0 1
   21  615  148   90 34.0 48.0 1
   22 3500   90   34 48.0 71.0 1
   19 2694  148   90 34.0 48.0 1
   25 2349  166   16 31.0 81.0 1
   18 3598   16    0 81.0 90.0 0
   17 3173   29   19 74.0 79.0 1
   16 2386   16    0 81.0 90.0 1
   21 3460   29    0 74.0 90.0 1
   17 1310   19    0 79.0 90.0 1
