 400  30   1  81
   12 1906   81   81 51.0 51.0 1
   14 1876   29   29 74.0 74.0 0
   15  692   81   81 51.0 51.0 1
   14 3344   81   81 51.0 51.0 1
   12 2404   81   81 51.0 51.0 1
   12 3339   81   81 51.0 51.0 1
   12  413   81   81 51.0 51.0 1
   15 3211   29   29 74.0 74.0 1
   12 3558   29   29 74.0 74.0 1
   12 1380   81    0 51.0 90.0 1
   13 2313   81   29 51.0 74.0 1
   13  508   29    0 74.0 90.0 0
   14 2948   29    0 74.0 90.0 1
   14 1313   29    0 74.0 90.0 1
   14 1402   81    0 51.0 90.0 1
   13 1474   81   29 51.0 74.0 1
   12 2797   81   29 51.0 74.0 1
   14 2381   29    0 74.0 90.0 1
   15  839   81   29 51.0 74.0 1
   13  715   29    0 74.0 90.0 1
   12 1489   81    0 51.0 90.0 1
   12  315   81   29 51.0 74.0 1
   13 2339   81   29 51.0 74.0 1
   15 1849   29    0 74.0 90.0 1
   13 2699   81   29 51.0 74.0 1
   14 3151   29    0 74.0 90.0 1
   15 1060   29    0 74.0 90.0 1
   13 2536   81   29 51.0 74.0 1
   14 2464   81    0 51.0 90.0 1
   14 2641   81   29 51.0 74.0 1
