 400  26   4  84
   14 1708  123    0 39.0 90.0 1
   16  409  123    0 39.0 90.0 1
   16 1283  123    0 39.0 90.0 0
   14 1639   25    0 76.0 90.0 0
   16 1053   49   25 64.0 76.0 1
   14 3555   25    0 76.0 90.0 1
   16 1193   49   25 64.0 76.0 1
   14 1301  111    0 42.0 90.0 1
   15 3435  111   87 42.0 49.0 1
   14 1705  111   87 42.0 49.0 1
   16 3254   87    0 49.0 90.0 1
   17 1986   87    0 49.0 90.0 1
   16  405   87    0 49.0 90.0 1
   14 3055  111    0 42.0 90.0 1
   17  419   25    0 76.0 90.0 0
   16 1585   25    2 76.0 89.0 1
   14 2849   25    0 76.0 90.0 1
   17 1344   25    0 76.0 90.0 1
   16 2710    2    0 89.0 90.0 1
   16 1083   25    0 76.0 90.0 1
   15 1837  107   62 43.0 58.0 1
   14 2991  107   65 43.0 57.0 1
   17 2112  107   65 43.0 57.0 0
   14 1786   62    0 58.0 90.0 1
   16 2737  107    0 43.0 90.0 0
   16 2680  107    0 43.0 90.0 1
