 400  27   5  83
   14 2712   58   58 60.0 60.0 1
   15 3024   81   81 51.0 51.0 1
   13 2308   60   60 59.0 59.0 1
   15 1820  115   31 41.0 73.0 1
   15 3565  128   60 38.0 59.0 1
   14 1994  128   60 38.0 59.0 0
   16 3332   34   16 71.0 81.0 1
   16 1093   23    0 77.0 90.0 1
   13  322   23    0 77.0 90.0 1
   16  397   55   23 61.0 77.0 1
   14 1252   55   31 61.0 73.0 1
   14 2843   32   16 72.0 81.0 1
   16 2437  166  119 31.0 40.0 1
   14 1649  119    0 40.0 90.0 1
   16 1218  166   55 31.0 61.0 1
   17  702  119   55 40.0 61.0 1
   14 3488  166  119 31.0 40.0 1
   15  830   25    0 76.0 90.0 1
   14 2395   93    0 47.0 90.0 0
   17 2987  154   25 33.0 76.0 1
   14  354   93   25 47.0 76.0 1
   15  444   27   25 75.0 76.0 1
   16  985   45   25 66.0 76.0 1
   17 1200  107    0 43.0 90.0 1
   13 2800  107    0 43.0 90.0 1
   13 1988  107   87 43.0 49.0 1
   14 3456   87   45 49.0 66.0 1
