 400  23   3  83
   17 2641   16   16 81.0 81.0 1
   18 1590   16   16 81.0 81.0 1
   18 1647  160   16 32.0 81.0 1
   17 1143  160    0 32.0 90.0 1
   19  564  160   16 32.0 81.0 1
   17 1832  160    0 32.0 90.0 1
   18 2360  160   16 32.0 81.0 1
   17 2357  160   16 32.0 81.0 1
   16  728   34    0 71.0 90.0 1
   16 1981   34    9 71.0 85.0 1
   20 1727   84   38 50.0 69.0 1
   17 1540   84   38 50.0 69.0 1
   17 1090    9    0 85.0 90.0 1
   18  668   38   34 69.0 71.0 1
   19  963   38    9 69.0 85.0 1
   17  692   38   34 69.0 71.0 1
   17 1532   81   27 51.0 75.0 1
   18 3180  119    7 40.0 86.0 1
   17  997  119    7 40.0 86.0 1
   16 3012  160  119 32.0 40.0 0
   18 2831   81   62 51.0 58.0 1
   17 2765  160   27 32.0 75.0 1
   16 2172  107   27 43.0 75.0 1
