 400  27   1  81
   16 1410   49   49 64.0 64.0 1
   14 2880   60   60 59.0 59.0 1
   16 3038   49   49 64.0 64.0 0
   16 3517  166  166 31.0 31.0 1
   16  611  166   47 31.0 65.0 1
   14 2871   47    0 65.0 90.0 1
   15 3465  166    0 31.0 90.0 1
   14 3221   60   49 59.0 64.0 1
   14  442   49    0 64.0 90.0 1
   15  525  166   62 31.0 58.0 0
   15 1446   47    0 65.0 90.0 1
   13 1052  166   49 31.0 64.0 1
   16 3447   62   47 58.0 65.0 1
   14 2129   49    0 64.0 90.0 1
   16 3392   49   47 64.0 65.0 1
   13 3276   49    0 64.0 90.0 1
   16 1910   62   47 58.0 65.0 1
   16 3353   49   47 64.0 65.0 1
   15 2479   49   47 64.0 65.0 1
   15 1459  166   47 31.0 65.0 1
   15  924   49   47 64.0 65.0 1
   14 1429   60   47 59.0 65.0 0
   13  657   62    0 58.0 90.0 1
   15  901   60   47 59.0 65.0 1
   16 2954   49    0 64.0 90.0 1
   13 1009   62   47 58.0 65.0 1
   15 2226   49   47 64.0 65.0 1
