 400  19   3  84
   22 1483   75   75 53.0 53.0 1
   20  621   75   55 53.0 61.0 1
   22  557   75    0 53.0 90.0 1
   21 3369   55   16 61.0 81.0 1
   22 3110   16    0 81.0 90.0 1
   22  486  154   36 33.0 70.0 1
   20 1795  154   34 33.0 71.0 1
   19 1158  154    0 33.0 90.0 1
   22 1158  148    0 34.0 90.0 1
   21 2799  154   34 33.0 71.0 1
   22 1748  148   34 34.0 71.0 0
   20 1257  154  148 33.0 34.0 1
   21 3285   34    0 71.0 90.0 1
   22 2418  107   11 43.0 84.0 1
   22 2159   11    0 84.0 90.0 1
   21 2302  128   11 38.0 84.0 1
   21 2463  107    0 43.0 90.0 1
   20  629  128  107 38.0 43.0 1
   20 2843  128   11 38.0 84.0 1
