 400  23   4  84
   19 1626   84   84 50.0 50.0 1
   18 1405  166  166 31.0 31.0 0
   16 1070  166    0 31.0 90.0 1
   16 1551   18    0 80.0 90.0 1
   16 3066   18    0 80.0 90.0 0
   18 1781  166    0 31.0 90.0 1
   17 1873  160   34 32.0 71.0 0
   16 1586  133   34 37.0 71.0 1
   18 2591   34   29 71.0 74.0 1
   19  807  133   29 37.0 74.0 1
   19 2681   34   31 71.0 73.0 1
   19 3254  133   34 37.0 71.0 1
   16  530  128   29 38.0 74.0 1
   18  370  115   42 41.0 67.0 1
   19  787  173  119 30.0 40.0 1
   17 1620  173    0 30.0 90.0 1
   16 2899  173  119 30.0 40.0 1
   19  890   27   16 75.0 81.0 1
   16 1222   27    2 75.0 89.0 1
   18 2705   97   16 46.0 81.0 1
   16 1748   97    2 46.0 89.0 0
   16 1001  133    7 37.0 86.0 1
   18 3181   16    2 81.0 89.0 1
