 400  30   1  82
   12 1270   40   40 68.0 68.0 1
   12  523   81   81 51.0 51.0 1
   13 1407   19   19 79.0 79.0 1
   12 1116   40   40 68.0 68.0 1
   15 1609   81   81 51.0 51.0 1
   13 1366   81   81 51.0 51.0 1
   14  360   53    2 62.0 89.0 1
   13 1307  160   40 32.0 68.0 1
   13 2803  160   40 32.0 68.0 1
   15 1689   45    0 66.0 90.0 1
   15  338   45    0 66.0 90.0 1
   13  384   53    0 62.0 90.0 1
   15  677   81   40 51.0 68.0 1
   13  731   81   19 51.0 79.0 1
   13  578   53   45 62.0 66.0 0
   14  603  160   45 32.0 66.0 1
   12  719   53    0 62.0 90.0 1
   13 1488   40    2 68.0 89.0 1
   13  653   81   40 51.0 68.0 1
   13 1206   53   40 62.0 68.0 1
   13  765   40   19 68.0 79.0 1
   13 1466   40    2 68.0 89.0 1
   13  372   81    0 51.0 90.0 1
   15  784   45   19 66.0 79.0 0
   15 1583   81   45 51.0 66.0 1
   15 1597   81   40 51.0 68.0 1
   13 1384   53   19 62.0 79.0 1
   12  906  160   19 32.0 79.0 1
   13 1276   53   40 62.0 68.0 1
   12  598   81    0 51.0 90.0 1
