 400  19   2  83
   21 2383   12   12 83.0 83.0 1
   21 1757  173    0 30.0 90.0 1
   21 1307  173    0 30.0 90.0 0
   23 2477  166    0 31.0 90.0 1
   22 1834  166   90 31.0 48.0 1
   21 1198  173   27 30.0 75.0 1
   22  314   90   27 48.0 75.0 1
   22  322   27    0 75.0 90.0 0
   20 1117  173   12 30.0 83.0 1
   21 3294  166   12 31.0 83.0 0
   21 1171   58   38 60.0 69.0 1
   20 1024  143   32 35.0 72.0 0
   22  706   32    0 72.0 90.0 1
   20 2438   67    0 56.0 90.0 1
   21 3259   58   38 60.0 69.0 1
   19  949  143   38 35.0 69.0 1
   21 2956  143   67 35.0 56.0 1
   22 1116  143   58 35.0 60.0 1
   20  640   73   38 54.0 69.0 0
