 400  17   2  84
   24 1734   47    9 65.0 85.0 1
   22  484   53   47 62.0 65.0 1
   25  906   32   32 72.0 72.0 1
   23  437   73   32 54.0 72.0 1
   22 2750   73   32 54.0 72.0 1
   25 1392  154   90 33.0 48.0 1
   23  967  107   27 43.0 75.0 0
   23  974  107   84 43.0 50.0 1
   24 1654   27    0 75.0 90.0 1
   23 1740   90   84 48.0 50.0 1
   23  860  154   84 33.0 50.0 1
   24 1035  154  107 33.0 43.0 1
   25 3413   84   27 50.0 75.0 1
   24  718  107   90 43.0 48.0 1
   23 1561   84   27 50.0 75.0 1
   23  646  107   90 43.0 48.0 1
   24  848  107   84 43.0 50.0 1
