 400  30   5  83
   15 1957  173  173 30.0 30.0 1
   13  706   36   36 70.0 70.0 1
   13 3130   36   36 70.0 70.0 1
   12 3465  173   51 30.0 63.0 1
   14 2917   14    0 82.0 90.0 1
   14 3487  173   14 30.0 82.0 1
   15 1397   36    0 70.0 90.0 1
   13 2246   12    0 83.0 90.0 1
   12 3193   42    0 67.0 90.0 1
   11 3586  166   42 31.0 67.0 1
   12 1261   42   12 67.0 83.0 1
   15 2335  166   42 31.0 67.0 0
   14 3488  148    0 34.0 90.0 1
   12 1868  148  138 34.0 36.0 1
   15 1970  138  107 36.0 43.0 1
   14 2416  148  133 34.0 37.0 1
   15 2167  133   65 37.0 57.0 1
   13 3286   93   73 47.0 54.0 1
   15 2293  173   25 30.0 76.0 1
   14 1311   25   21 76.0 78.0 1
   12 3555   93   25 47.0 76.0 1
   12 3263   47   25 65.0 76.0 1
   13 1703   47   25 65.0 76.0 1
   13 3141   73    0 54.0 90.0 1
   14  471   81   40 51.0 68.0 0
   12 2352   87   42 49.0 67.0 1
   14  659   87    0 49.0 90.0 1
   14 2431   81   29 51.0 74.0 1
   12 3595   42   40 67.0 68.0 1
   13 1936   81    0 51.0 90.0 1
