 400  24   1  82
   16  742   25   25 76.0 76.0 1
   16  907  128  128 38.0 38.0 1
   16 3523   18   18 80.0 80.0 1
   16 1748  128  128 38.0 38.0 1
   16  973   18   18 80.0 80.0 1
   17  541  128  128 38.0 38.0 1
   18 1709    5    5 87.0 87.0 1
   17  924    5    5 87.0 87.0 1
   15 1327   45   45 66.0 66.0 0
   17  363   45   45 66.0 66.0 1
   16 1798   42    0 67.0 90.0 1
   16  723  115    0 41.0 90.0 1
   16  999   53    5 62.0 87.0 1
   17  975   42    0 67.0 90.0 1
   18  811   53    0 62.0 90.0 0
   16  609   45   42 66.0 67.0 1
   18 1197  128   42 38.0 67.0 1
   16  532   25   18 76.0 80.0 1
   18  300   25   18 76.0 80.0 1
   17 1388  115   25 41.0 76.0 1
   17  681   53    5 62.0 87.0 1
   17 1525  115    5 41.0 87.0 1
   18  807  115    5 41.0 87.0 1
   16 1224  128   53 38.0 62.0 1
