 400  23   3  83
   18 3366    9    9 85.0 85.0 1
   17 2184    9    0 85.0 90.0 1
   16  368    9    0 85.0 90.0 0
   19 3229  128    9 38.0 85.0 1
   20 2345  128    0 38.0 90.0 1
   17  672    9    0 85.0 90.0 1
   16 1378    9    0 85.0 90.0 1
   17 3511  128    0 38.0 90.0 1
   18 2234  128    9 38.0 85.0 1
   19 1479   90    0 48.0 90.0 1
   18 3119  154  154 33.0 33.0 1
   16 1967   90    2 48.0 89.0 1
   18 2731  154   90 33.0 48.0 1
   16 3008   90    2 48.0 89.0 1
   17  931   81   34 51.0 71.0 1
   18  533   34    0 71.0 90.0 1
   18 3175  154   34 33.0 71.0 1
   16 1721   81   34 51.0 71.0 1
   16 1529  154   34 33.0 71.0 1
   20  977   42   34 67.0 71.0 1
   16 2531  154   42 33.0 67.0 1
   17 2673   81   34 51.0 71.0 1
   17  724   42    0 67.0 90.0 1
