 400  19   2  84
   20  895  104  104 44.0 44.0 0
   20  998   42   42 67.0 67.0 1
   22  558   31   31 73.0 73.0 1
   20  943   31   31 73.0 73.0 1
   22 1594   73    0 54.0 90.0 1
   20 1123   42   31 67.0 73.0 0
   20  925   42    0 67.0 90.0 1
   21  960  104   31 44.0 73.0 1
   20  603   73    0 54.0 90.0 0
   21 3026  104   31 44.0 73.0 1
   22 1295  104    0 44.0 90.0 1
   21  444   38   38 69.0 69.0 1
   23 3408   38    0 69.0 90.0 1
   21  636   78   55 52.0 61.0 1
   20 1035   78   55 52.0 61.0 1
   22 2869   55    0 61.0 90.0 1
   20 1596   55   18 61.0 80.0 1
   22  702   38   18 69.0 80.0 1
   23 1208   55   55 61.0 61.0 1
