 400  29   1  82
   13 1086   78   78 52.0 52.0 1
   14  632   97   97 46.0 46.0 1
   13 1377  107  107 43.0 43.0 1
   13 1708  107  107 43.0 43.0 1
   14 1076  107  107 43.0 43.0 0
   13 1725   65   65 57.0 57.0 1
   14  988  107   97 43.0 46.0 1
   13 1113  107   65 43.0 57.0 1
   15  463   78   65 52.0 57.0 1
   15 1343   78    0 52.0 90.0 1
   13  343   78   65 52.0 57.0 1
   14  452   78    7 52.0 86.0 1
   13 3218  107   78 43.0 52.0 1
   13  824  107   65 43.0 57.0 1
   14  710    7    0 86.0 90.0 1
   13 1144   78    0 52.0 90.0 1
   15 1769   65    0 57.0 90.0 1
   15 1766   97    7 46.0 86.0 1
   15 1571  107   78 43.0 52.0 1
   15 1548   65    7 57.0 86.0 1
   12  730   65    0 57.0 90.0 1
   15  368    7    0 86.0 90.0 1
   13  616   65    7 57.0 86.0 1
   14  386   65    7 57.0 86.0 1
   12  312   97    7 46.0 86.0 1
   13 1009   97    0 46.0 90.0 1
   15  964   78    0 52.0 90.0 1
   14  944   97    0 46.0 90.0 0
   15  445  107    7 43.0 86.0 1
