 400  20   1  81
   21 1042   23   23 77.0 77.0 1
   21 1595   97   45 46.0 66.0 1
   20 3017   90   78 48.0 52.0 1
   21 2112   97   23 46.0 77.0 1
   21  817   97   23 46.0 77.0 1
   21 3127   97   90 46.0 48.0 1
   19 2317   97    0 46.0 90.0 1
   21  434   36   23 70.0 77.0 1
   18 3402   97    0 46.0 90.0 1
   20 2889   97   23 46.0 77.0 1
   20 2574   78   21 52.0 78.0 1
   19 1107   90   45 48.0 66.0 1
   19 2695   36   23 70.0 77.0 1
   22  427   90    0 48.0 90.0 1
   20 1627   36    0 70.0 90.0 1
   18 1382   90   78 48.0 52.0 1
   21 1445   45   36 66.0 70.0 1
   19  695   45   23 66.0 77.0 1
   19 2286   78    0 52.0 90.0 0
   20  623   78   45 52.0 66.0 1
