 400  30   1  82
   14  673  107  107 43.0 43.0 1
   13  616  107    0 43.0 90.0 1
   14 1373  107    0 43.0 90.0 1
   15  766  107    0 43.0 90.0 1
   12 1434  107    0 43.0 90.0 1
   15  917  107    0 43.0 90.0 0
   12 1250   14    0 82.0 90.0 1
   13 1366  107   14 43.0 82.0 0
   14 1134  107   14 43.0 82.0 0
   13  603  107   14 43.0 82.0 1
   12  969  107   14 43.0 82.0 1
   14 1319  107   14 43.0 82.0 1
   14 1250  107    0 43.0 90.0 1
   13  637  107   14 43.0 82.0 0
   12  473  107   14 43.0 82.0 1
   14  702  107   14 43.0 82.0 1
   12  661  107   14 43.0 82.0 1
   14  395  107    0 43.0 90.0 1
   12 1191  107   14 43.0 82.0 1
   14  535  107    0 43.0 90.0 1
   12 1799  107   14 43.0 82.0 1
   12 1313  107    0 43.0 90.0 1
   14 3405  107    0 43.0 90.0 1
   15  851   14    0 82.0 90.0 1
   12  756  107   14 43.0 82.0 1
   14 1626  107   14 43.0 82.0 1
   12  441  107   14 43.0 82.0 1
   14  441  107   14 43.0 82.0 1
   15  854   14    0 82.0 90.0 1
   14 3516  107   14 43.0 82.0 0
