 400  27   1  81
   14  978   14   14 82.0 82.0 1
   16 1602   14   14 82.0 82.0 0
   17  909   14   14 82.0 82.0 1
   14 3209   14   14 82.0 82.0 1
   15 3144   93   93 47.0 47.0 1
   15 1637   14   14 82.0 82.0 1
   14 1025   93   93 47.0 47.0 1
   15 2108   14   14 82.0 82.0 1
   15 2028   14   14 82.0 82.0 1
   14 2669   93   93 47.0 47.0 1
   14 1687   93   93 47.0 47.0 1
   14  975   93   14 47.0 82.0 0
   15 1577   93   14 47.0 82.0 1
   16  479   93    0 47.0 90.0 1
   15 2748   93    0 47.0 90.0 1
   14  498   93   14 47.0 82.0 0
   14  657   93    0 47.0 90.0 1
   17 2372   93    0 47.0 90.0 1
   15 1418   14    0 82.0 90.0 1
   16 2685   14    0 82.0 90.0 1
   14 1740   93   14 47.0 82.0 1
   15 3001   14    0 82.0 90.0 1
   15 2281   93    0 47.0 90.0 1
   15 2726   14    0 82.0 90.0 0
   15 1696   14    0 82.0 90.0 1
   13 3571   93    0 47.0 90.0 1
   14 1476   93    0 47.0 90.0 1
