 400  21   1  81
   19 1858  111  111 42.0 42.0 0
   21 3079   19   19 79.0 79.0 1
   20 2931  100   19 45.0 79.0 1
   19  605  111   19 42.0 79.0 1
   17 3499  100  100 45.0 45.0 1
   18 1733  100    0 45.0 90.0 1
   18 3138   19   18 79.0 80.0 0
   18 1401  100   18 45.0 80.0 1
   19  762  111   19 42.0 79.0 1
   19 1417   19    0 79.0 90.0 1
   21  888  111  100 42.0 45.0 1
   18 2329  100   19 45.0 79.0 1
   21 2021  100   12 45.0 83.0 1
   18 3139  111    0 42.0 90.0 1
   18 1473   18   12 80.0 83.0 1
   20  884  100   19 45.0 79.0 1
   18 2239   19    0 79.0 90.0 1
   20 1047  111   19 42.0 79.0 1
   19  335  111   18 42.0 80.0 1
   20 2875  100   12 45.0 83.0 1
   19 1164  100    0 45.0 90.0 0
