 400  29   1  82
   14  463    5    5 87.0 87.0 1
   13  514   32   32 72.0 72.0 1
   13 1679   75   75 53.0 53.0 1
   12 1181   34   34 71.0 71.0 0
   14 3135    5    5 87.0 87.0 1
   14 1792   34   34 71.0 71.0 1
   15  383   67   67 56.0 56.0 1
   15 1728   67   67 56.0 56.0 1
   14  678   67   58 56.0 60.0 1
   14 1449  143   34 35.0 71.0 1
   15 1503  104   75 44.0 53.0 1
   12 1753   75   55 53.0 61.0 1
   15  603    5    0 87.0 90.0 1
   15  854   32    5 72.0 87.0 1
   12 1800  143   58 35.0 60.0 1
   14 1636   75   34 53.0 71.0 1
   13 1360   32    0 72.0 90.0 1
   12  395   67    0 56.0 90.0 1
   13  383   75    0 53.0 90.0 1
   15  393   34    5 71.0 87.0 1
   14  950   75    0 53.0 90.0 1
   14 1572   75   32 53.0 72.0 1
   15 1113   67    5 56.0 87.0 1
   12  603   75   34 53.0 71.0 1
   13 1249  143   58 35.0 60.0 1
   15 1046   34   32 71.0 72.0 1
   15 1338  143   32 35.0 72.0 0
   14 1473  143   67 35.0 56.0 1
   14 1392   67   55 56.0 61.0 1
