 400  22   1  81
   18  959  115  115 41.0 41.0 0
   17 3460  111  111 42.0 42.0 1
   18 2821  115  115 41.0 41.0 1
   18  701  111  111 42.0 42.0 0
   17 3359  111  111 42.0 42.0 1
   18 1895   58   58 60.0 60.0 1
   18 2380  115  115 41.0 41.0 1
   18 1013   84   84 50.0 50.0 1
   20 1927   58    0 60.0 90.0 1
   19 3139  111   84 42.0 50.0 1
   19  647   53    0 62.0 90.0 1
   20 1531   62   58 58.0 60.0 1
   17 2512  115   58 41.0 60.0 1
   19  314   84   65 50.0 57.0 1
   18 3142   84   65 50.0 57.0 1
   18 1301   84   53 50.0 62.0 1
   18 1616   62    0 58.0 90.0 1
   18 3383   65   58 57.0 60.0 1
   18 1930  115   65 41.0 57.0 1
   17 1254   84   65 50.0 57.0 1
   18 3113  111   65 42.0 57.0 1
   19 2481   84   58 50.0 60.0 1
