 400  30   1  81
   13 3297   97    0 46.0 90.0 1
   14 2145   87    5 49.0 87.0 1
   13  522   97    5 46.0 87.0 1
   12  889  148    5 34.0 87.0 1
   14 2226  173  148 30.0 34.0 1
   12 3051  148    5 34.0 87.0 1
   11 1398   97   87 46.0 49.0 1
   14 3436  148   45 34.0 66.0 1
   14 1465   87    5 49.0 87.0 1
   14 1475   87   87 49.0 49.0 0
   12 2935  148    0 34.0 90.0 1
   15 2162   97   87 46.0 49.0 0
   13  406    5    0 87.0 90.0 1
   14  431   87    5 49.0 87.0 1
   13 1728  173   87 30.0 49.0 1
   14 3337   97    5 46.0 87.0 0
   12 3316   45    0 66.0 90.0 1
   14 3563   45    0 66.0 90.0 1
   15  885   97    5 46.0 87.0 1
   14 3011  148    5 34.0 87.0 1
   13 1035   45    5 66.0 87.0 1
   12 1496  173  148 30.0 34.0 1
   14 2445  148    5 34.0 87.0 1
   13 1427    5    0 87.0 90.0 1
   14 3455   87   45 49.0 66.0 1
   13 2364  148   87 34.0 49.0 1
   13 2316   87   45 49.0 66.0 1
   13 2356   97   45 46.0 66.0 1
   14 2274   51    5 63.0 87.0 1
   14  959   45    5 66.0 87.0 1
