 400  18   3  84
   22 1657   12    0 83.0 90.0 1
   23 2922   12    0 83.0 90.0 1
   21 1588   12    0 83.0 90.0 1
   24  389   53   12 62.0 83.0 1
   22 3544   53    0 62.0 90.0 1
   21  772   53   12 62.0 83.0 1
   21  995   18    5 80.0 87.0 1
   21 1543    5    0 87.0 90.0 1
   21  831  111    0 42.0 90.0 1
   22 2335  128   84 38.0 50.0 1
   23 3214   84   31 50.0 73.0 1
   23  432   31   18 73.0 80.0 1
   22 1675  154  115 33.0 41.0 1
   21 1733  115    0 41.0 90.0 1
   23 1338  138  123 36.0 39.0 1
   24  321  123    0 39.0 90.0 1
   23 1445  154  123 33.0 39.0 1
   23 2922  154  138 33.0 36.0 1
