 400  28   5  83
   13 1820   47   47 65.0 65.0 1
   16 3421  160   47 32.0 65.0 1
   13 2100  160   47 32.0 65.0 1
   16 2000  160   49 32.0 64.0 1
   16  521   49    0 64.0 90.0 1
   16  777  107   90 43.0 48.0 0
   13 2963  123    0 39.0 90.0 1
   13 3491    9    0 85.0 90.0 1
   14 2988  123   97 39.0 46.0 1
   15 2882  123   97 39.0 46.0 1
   15  832  160    0 32.0 90.0 1
   15 3556  123    9 39.0 85.0 1
   13 2266  173   25 30.0 76.0 1
   14 3597  173    0 30.0 90.0 1
   15  993   25    0 76.0 90.0 1
   13  725  173   55 30.0 61.0 0
   13 3248  173    0 30.0 90.0 1
   15  665   55    0 61.0 90.0 1
   13 1825  119    5 40.0 87.0 1
   13  532  115   90 41.0 48.0 1
   15  566  119   84 40.0 50.0 1
   15 2853  115    3 41.0 88.0 1
   14 1949   90   84 48.0 50.0 1
   14 1120   29    7 74.0 86.0 0
   15 2792   23    7 77.0 86.0 1
   13 1980   29   23 74.0 77.0 1
   14 1386    7    0 86.0 90.0 1
   16 3142   67   23 56.0 77.0 1
