 400  27   1  81
   16 3344   27   27 75.0 75.0 1
   13  770   27   27 75.0 75.0 1
   15 2062   27   27 75.0 75.0 1
   14 2060   25   25 76.0 76.0 0
   16 2546   19    0 79.0 90.0 1
   16 1419   27    0 75.0 90.0 1
   15 1449   27    0 75.0 90.0 1
   13 3389   27   19 75.0 79.0 1
   13 1852   25   19 76.0 79.0 1
   17  546   19    0 79.0 90.0 1
   16 1636   25    0 76.0 90.0 1
   15 2204   25    0 76.0 90.0 1
   14 2061   27   19 75.0 79.0 1
   16 2569   27   19 75.0 79.0 1
   16 2114   19    0 79.0 90.0 0
   16  851   25    0 76.0 90.0 1
   13 3174   25   19 76.0 79.0 1
   13 2872   25   19 76.0 79.0 1
   14 2505   27   19 75.0 79.0 1
   15 1262   19    0 79.0 90.0 1
   14 1117   25   19 76.0 79.0 1
   16  669   25    0 76.0 90.0 0
   16  638   27    0 75.0 90.0 1
   15 3113   27   19 75.0 79.0 1
   13  784   19    0 79.0 90.0 1
   15 1495   27   25 75.0 76.0 1
   15 3058   25    0 76.0 90.0 1
