 400  28   3  84
   14 2708   21   21 78.0 78.0 1
   15 1794   21   21 78.0 78.0 1
   13 1636   21   18 78.0 80.0 1
   14 1586   18    0 80.0 90.0 1
   14 3127   18    0 80.0 90.0 1
   13 1267   21   18 78.0 80.0 1
   14 1088   21   18 78.0 80.0 1
   15 1577   21   18 78.0 80.0 1
   14  852   21    0 78.0 90.0 1
   14 1197   18    0 80.0 90.0 1
   16  492   21    0 78.0 90.0 1
   16 1422   53    0 62.0 90.0 1
   12 1474  119   19 40.0 79.0 1
   15 2645   53   19 62.0 79.0 1
   14 2453  119   53 40.0 62.0 1
   15 2072   53   19 62.0 79.0 1
   16 2798  119   53 40.0 62.0 1
   13 1730  119   53 40.0 62.0 1
   16  670   53    0 62.0 90.0 1
   14  553   90    0 48.0 90.0 1
   16 1459   90   49 48.0 64.0 1
   13 1730   90   49 48.0 64.0 1
   13 1045   90    0 48.0 90.0 0
   13 2775   90   49 48.0 64.0 1
   13 3265   49    0 64.0 90.0 1
   14 1770   90    0 48.0 90.0 0
   15 1211   90    0 48.0 90.0 1
   16 1717   90    0 48.0 90.0 1
