 400  23   1  82
   16 1618   18   18 80.0 80.0 1
   18  802  138  138 36.0 36.0 1
   16  575   90   90 48.0 48.0 1
   17 1605  138  138 36.0 36.0 1
   19 1427  138    0 36.0 90.0 1
   17  706   38    0 69.0 90.0 1
   19  446   34   18 71.0 80.0 1
   18  599   23    0 77.0 90.0 1
   17  427   65   34 57.0 71.0 1
   16  975   34    0 71.0 90.0 1
   18  386   90   18 48.0 80.0 1
   19  631  143   38 35.0 69.0 1
   16 2990   90   38 48.0 69.0 1
   16 1061  138   90 36.0 48.0 1
   18 1707  154   18 33.0 80.0 1
   19 1134   65   38 57.0 69.0 1
   18 3225  138   34 36.0 71.0 1
   18 1423   90   38 48.0 69.0 1
   17  399   90   65 48.0 57.0 1
   17 1074   90   23 48.0 77.0 1
   17  468   23    0 77.0 90.0 1
   17 1049   34    0 71.0 90.0 1
   17  603  154  143 33.0 35.0 1
