 400  17   2  84
   24  942   36   36 70.0 70.0 1
   23 3130   36   36 70.0 70.0 1
   24 1638   25    0 76.0 90.0 1
   22 3514   36    0 70.0 90.0 0
   24 1108   36    0 70.0 90.0 1
   23 1300   25    0 76.0 90.0 0
   24 1336   36   25 70.0 76.0 1
   23 3431   73   53 54.0 62.0 1
   22  516   53   31 62.0 73.0 1
   24 1781   31    0 73.0 90.0 1
   24  463   73   11 54.0 84.0 1
   24 1294   62    0 58.0 90.0 1
   23 1454   67   62 56.0 58.0 1
   25 1642   67   31 56.0 73.0 1
   25 3497  133   31 37.0 73.0 1
   23 1478  133   53 37.0 62.0 1
   23  745   31   11 73.0 84.0 1
