 400  15   1  86
    2  883  168  168 50.0 50.0 1
   48 1491   61   61 73.0 73.0 1
   42  934  168  168 50.0 50.0 1
   33 2837  168  168 50.0 50.0 1
   35 1429  230  230 41.0 41.0 1
   15 1760   61   21 73.0 84.0 1
    9  466   61   21 73.0 84.0 1
   16 3231   61    0 73.0 90.0 1
   44  866  238    0 40.0 90.0 0
   37 1768  238   61 40.0 73.0 1
   40 1769  168   21 50.0 84.0 1
   12 1770  230   98 41.0 64.0 1
   27 1550  238   98 40.0 64.0 1
    1 1537  230    0 41.0 90.0 1
   39  680  238   98 40.0 64.0 1
