 400  27   3  87
   19 2799  297   98 34.0 64.0 1
   21 2219  145   98 54.0 64.0 1
    1 2071  145    0 54.0 90.0 1
   12 1770  297  145 34.0 54.0 1
   21  865  145    0 54.0 90.0 1
   11  528  145    0 54.0 90.0 1
   25 1995  297   98 34.0 64.0 1
   25 1144   25   21 83.0 84.0 1
   11  897  320   25 32.0 83.0 1
   10 1081   25    0 83.0 90.0 0
   24 1173  320  115 32.0 60.0 1
   16 3057  115   21 60.0 84.0 1
   20 3270   21    0 84.0 90.0 1
   22 1523  115   21 60.0 84.0 0
    3 2061  320   21 32.0 84.0 1
   11 3584  320   21 32.0 84.0 1
   11 1671  320    0 32.0 90.0 1
   20 2713   25   21 83.0 84.0 1
    6 1186   25   21 83.0 84.0 1
   14 2761  115   21 60.0 84.0 1
    1 3305  102   98 63.0 64.0 1
   15 2383   98    0 64.0 90.0 1
   15 1306   85   21 67.0 84.0 1
   16 1786  102    0 63.0 90.0 1
   10 2681   98    0 64.0 90.0 1
   17 1213  180   21 48.0 84.0 1
   23 3176  180    0 48.0 90.0 1
