 400  24   3  87
    2 2859  230  230 41.0 41.0 1
    5  698  151    0 53.0 90.0 1
   16 1907  230    0 41.0 90.0 1
   26 1641  230    0 41.0 90.0 1
   11 2442  151    0 53.0 90.0 1
   23 1348  230    0 41.0 90.0 0
   27 1812  151    0 53.0 90.0 1
   11  566  230    0 41.0 90.0 1
   23 1823  187   93 47.0 65.0 1
    6 1102  156    0 52.0 90.0 1
   14 2496  320   93 32.0 65.0 1
   23 1155   89   21 66.0 84.0 1
    6 3387   89   17 66.0 85.0 1
   24  779   21    0 84.0 90.0 1
   21  483  187   21 47.0 84.0 1
   18 3396   93   21 65.0 84.0 1
   14 1038  297   93 34.0 65.0 0
   16 2186  156   89 52.0 66.0 1
   15 3253  111   25 61.0 83.0 1
    9 1757   54    0 75.0 90.0 1
   29 1713   25    0 83.0 90.0 1
   24 2654   54    0 75.0 90.0 1
   22 1220  214   25 43.0 83.0 1
   15 1178  111   25 61.0 83.0 1
