 400  20   1  85
   32 1346  214  214 43.0 43.0 1
   40 2004  333  333 31.0 31.0 1
   23 3498   21   21 84.0 84.0 1
    9 2911  214  214 43.0 43.0 1
    5 1914  333  333 31.0 31.0 1
    1  694   54   54 75.0 75.0 1
    1 1380   21   21 84.0 84.0 1
   47 2467  214  214 43.0 43.0 1
   45 3087  333   54 31.0 75.0 1
    1 1809  333   93 31.0 65.0 1
   38 2984  333   21 31.0 84.0 1
   42  711  214    0 43.0 90.0 1
   26 2266  214   54 43.0 75.0 1
   18 1016  333   21 31.0 84.0 1
    1 1007   93   21 65.0 84.0 1
   18  381   21    0 84.0 90.0 1
    2 3036   54    0 75.0 90.0 0
    8 2928  214    0 43.0 90.0 0
   14 1536   93    0 65.0 90.0 1
   29 1748  333   93 31.0 65.0 1
