 400  20   1  85
   13  369   43   43 78.0 78.0 0
   28 2605  156  156 52.0 52.0 1
   10 1881  193   43 46.0 78.0 1
    3  497   61   17 73.0 85.0 1
   18 2503  286   43 35.0 78.0 1
   20  670   61   17 73.0 85.0 1
   32 1514  156   17 52.0 85.0 1
   13 1371  193   43 46.0 78.0 1
   23 3227  193  156 46.0 52.0 1
   22 1197  156   17 52.0 85.0 1
   25 2836  286  193 35.0 46.0 1
   14  314   61   17 73.0 85.0 0
   30 2936   43    0 78.0 90.0 1
   24 1011  193    0 46.0 90.0 1
   20 1995  193   61 46.0 73.0 1
   25 2166  247   43 39.0 78.0 1
   32 2364   43    0 78.0 90.0 1
    6 1375  156   43 52.0 78.0 0
   27 2349  247  156 39.0 52.0 1
   15 3305  286   43 35.0 78.0 1
