 400  19   3  87
   32  780    7    7 88.0 88.0 1
    1  742    7    7 88.0 88.0 1
   53 2225    7    7 88.0 88.0 1
   14 3132  308    0 33.0 90.0 1
    4 1764  308    7 33.0 88.0 1
   17 2776  308    7 33.0 88.0 1
   30  593    7    0 88.0 90.0 1
   13 3094   89   61 66.0 73.0 1
   40 3282   89    0 66.0 90.0 1
   12 2185   89    0 66.0 90.0 1
   16 2590  222   89 42.0 66.0 1
   14 1245  222    0 42.0 90.0 1
   30 2315  222   65 42.0 72.0 1
   53 2837  256    3 38.0 89.0 1
   42 2867  265    3 37.0 89.0 1
    7 2486  265   43 37.0 78.0 1
    1 1734   46    3 77.0 89.0 1
   10 3500  265  120 37.0 59.0 1
   11  594  265    3 37.0 89.0 1
