 400  30   1  86
   12  310    7    7 88.0 88.0 1
    1  376    7    7 88.0 88.0 1
    9 1154    7    7 88.0 88.0 1
   17 1367  214  214 43.0 43.0 0
    4 1015  140  140 55.0 55.0 1
    5 1274    7    7 88.0 88.0 1
   23  710  140    7 55.0 88.0 1
   18 1363  214    0 43.0 90.0 1
   15 1578  214    7 43.0 88.0 1
    8 1190  214    0 43.0 90.0 0
   14 1215  214    7 43.0 88.0 1
   16  656  214    7 43.0 88.0 1
    5  575  140    0 55.0 90.0 1
   18  770  214    0 43.0 90.0 1
   12 1390  214    7 43.0 88.0 1
   19  387  140    0 55.0 90.0 1
   24  326  140    7 55.0 88.0 1
   13  668  140    7 55.0 88.0 1
    7  632  140    7 55.0 88.0 1
    4 3311  214    7 43.0 88.0 1
   10 1348  214    7 43.0 88.0 1
   22  940  214    0 43.0 90.0 1
   24 1766  140    7 55.0 88.0 1
   21 1468    7    0 88.0 90.0 1
    2 1715  214    7 43.0 88.0 1
   22  764  214    0 43.0 90.0 1
    2 1429    7    0 88.0 90.0 1
   24  634  214    0 43.0 90.0 1
    5  819  140    0 55.0 90.0 1
   24  912  214    0 43.0 90.0 1
