 400  25   1  85
    6 3354   35   35 80.0 80.0 0
   21  557   35   35 80.0 80.0 1
   24 2511   35   35 80.0 80.0 1
    1 1908  156   35 52.0 80.0 1
   22  899  156    0 52.0 90.0 1
   15 2737   35    0 80.0 90.0 1
    2 2978  156   35 52.0 80.0 1
   21 1493  156   35 52.0 80.0 1
   10 1095   35    0 80.0 90.0 1
   28 3322   35    0 80.0 90.0 0
   28 3465   35    0 80.0 90.0 1
    2  596  156   35 52.0 80.0 1
   10 2817   35    0 80.0 90.0 1
    6 1909  156   35 52.0 80.0 1
   26 3593  156    0 52.0 90.0 1
   22  651  156    0 52.0 90.0 1
   28 1077  156   35 52.0 80.0 1
   26 1571  156    0 52.0 90.0 1
   28 1213  156    0 52.0 90.0 1
   28 2972  156    0 52.0 90.0 1
   26 1228   35    0 80.0 90.0 0
    2 3291  156   35 52.0 80.0 1
   10  921  156    0 52.0 90.0 1
    7 2414  156    0 52.0 90.0 1
    1 2289  156   35 52.0 80.0 1
