 400  22   2  87
   11 2756  320  320 32.0 32.0 1
   22 2981   73   73 70.0 70.0 1
   34  628   77   77 69.0 69.0 1
   36  808   39   39 79.0 79.0 1
   19 1997  115   39 60.0 79.0 1
    8  986   39    0 79.0 90.0 1
   22 3440  333   73 31.0 70.0 1
   34 2021  320   77 32.0 69.0 1
   38 2854   73   39 70.0 79.0 1
   12  763  174    0 49.0 90.0 1
   21  637   77   73 69.0 70.0 1
    7 1268   77    0 69.0 90.0 1
   34  557  115   73 60.0 70.0 0
    1 1028  320   73 32.0 70.0 0
    6 2028  151   21 53.0 84.0 1
    1 3413  140   54 55.0 75.0 0
   14 1989  151   28 53.0 82.0 1
    8 2449  140   21 55.0 84.0 1
   13 2797  140   28 55.0 82.0 1
    9 2844  151    0 53.0 90.0 1
   34  504   57   21 74.0 84.0 1
   16  522  180   54 48.0 75.0 1
