 400  19   1  85
   28  672   81   81 68.0 68.0 1
    3 1724   25   25 83.0 83.0 1
   18  651  125  125 58.0 58.0 1
   18 2541  125  125 58.0 58.0 0
    9 1668   81   81 68.0 68.0 1
   32 3032  346   25 30.0 83.0 1
   17  646  125   81 58.0 68.0 0
   36 3286   81    0 68.0 90.0 1
    1 1395  346  125 30.0 58.0 1
   41 1649  125    0 58.0 90.0 1
   39 3108  125   25 58.0 83.0 1
   16 1991  125   25 58.0 83.0 0
   17 1706  346  125 30.0 58.0 1
   38  737   25    0 83.0 90.0 1
   42  951  346    0 30.0 90.0 1
   19 3483  346  125 30.0 58.0 1
    1 3299   81    0 68.0 90.0 1
   19 3531  346    0 30.0 90.0 1
    6 2251  346  125 30.0 58.0 1
