 400  17   2  88
   31 1325  180  180 48.0 48.0 1
    6 1329  180   77 48.0 69.0 1
   31  439  106   77 62.0 69.0 1
   18  431  106    0 62.0 90.0 1
   41 3041  320  174 32.0 49.0 1
   26 1443   77    0 69.0 90.0 1
   24 1513  180  106 48.0 62.0 1
    7  584   54    0 75.0 90.0 1
   11 1191  180    0 48.0 90.0 1
   38  920  180    0 48.0 90.0 1
   12 2840  180   54 48.0 75.0 1
   25 1739  180    0 48.0 90.0 1
   24 1679   54    0 75.0 90.0 1
   33  436   54    0 75.0 90.0 1
   27 1172  180    0 48.0 90.0 1
   39 1346  180   54 48.0 75.0 0
    7 1166  180   54 48.0 75.0 1
