 400  15   1  85
   18  701  145  145 54.0 54.0 1
   24  876   54   54 75.0 75.0 1
   41 2445  145  145 54.0 54.0 1
    7 1515  230  230 41.0 41.0 1
   47 2722  230  230 41.0 41.0 1
   49 1652  230  230 41.0 41.0 0
    2 2305  256    0 38.0 90.0 1
   43 2853  145    0 54.0 90.0 1
   46  949  256    0 38.0 90.0 1
   12  358  145    0 54.0 90.0 1
    2 3233  230   54 41.0 75.0 0
   30 1226  230  145 41.0 54.0 1
   34  891  145    0 54.0 90.0 1
   12 2054  256   54 38.0 75.0 1
   33 3078  256   54 38.0 75.0 1
