 400  25   3  88
   22  962  180  180 48.0 48.0 1
   29 1283  180  180 48.0 48.0 1
   21 3535  174  106 49.0 62.0 1
   13  922  180  106 48.0 62.0 1
   16  738   85    0 67.0 90.0 1
   27  875  180  174 48.0 49.0 1
   10 2773  174   32 49.0 81.0 1
   29 1512  320    0 32.0 90.0 1
   11 2975  320  238 32.0 40.0 1
   11 1125  214  120 43.0 59.0 1
    2  874   35    0 80.0 90.0 1
   30 2659  275  120 36.0 59.0 1
   29 1008  238   35 40.0 80.0 1
   16  525  120   35 59.0 80.0 1
    7 3436  120    0 59.0 90.0 1
    7  355   98    0 64.0 90.0 1
   17 1166   73    7 70.0 88.0 1
   26 3324   28    7 82.0 88.0 1
    9  367   93   73 65.0 70.0 1
   10 2356   93    0 65.0 90.0 1
    1 2418  162    0 51.0 90.0 0
    9 1046  162    3 51.0 89.0 1
   14  566    3    0 89.0 90.0 1
    9 1835   93    0 65.0 90.0 1
   25 3250  162   93 51.0 65.0 1
