 400  29   1  85
   10 2243  333  333 31.0 31.0 1
    9 2126  145  145 54.0 54.0 1
   24  821   73   73 70.0 70.0 1
   18 1728  145  145 54.0 54.0 0
    4 2220   73   73 70.0 70.0 1
   17 3375  180  180 48.0 48.0 1
    5  489   73   73 70.0 70.0 1
   15 1469   73   73 70.0 70.0 1
   21 2213   73   73 70.0 70.0 1
    5 2216  333  333 31.0 31.0 1
   26 3387  333  333 31.0 31.0 1
   24 3444  333  333 31.0 31.0 1
   15 2621  297  297 34.0 34.0 1
   16 3216  230    0 41.0 90.0 1
    4 2038  297    0 34.0 90.0 0
    5 1094  145   73 54.0 70.0 1
    1 1575  297    0 34.0 90.0 1
   22 1269  333   73 31.0 70.0 1
   14 1631  230   73 41.0 70.0 1
    1 2306  145    0 54.0 90.0 1
   24 1652  230   73 41.0 70.0 1
   14 2318  297   73 34.0 70.0 0
   15 3045  180  145 48.0 54.0 1
   10 2315  145    0 54.0 90.0 1
   27  501  145   73 54.0 70.0 1
   15 2829  230    0 41.0 90.0 1
   22 1006  230  180 41.0 48.0 1
   16  585  180   73 48.0 70.0 1
    1 3229  180  145 48.0 54.0 1
