 400  24   1  86
   22  720  111  106 61.0 62.0 1
   33  414   28    3 82.0 89.0 1
   21  963  120   35 59.0 80.0 1
   12  596  120    0 59.0 90.0 1
   15 1268  106    3 62.0 89.0 1
   34  950   35   14 80.0 86.0 1
    1  631   35   14 80.0 86.0 1
   35  964   14    0 86.0 90.0 1
   23  968  120    3 59.0 89.0 1
    1  690   14    3 86.0 89.0 1
    1  378  111    0 61.0 90.0 1
    8  552  120  111 59.0 61.0 1
   29  980  120    0 59.0 90.0 0
    7 1789  120  106 59.0 62.0 1
   18 3407   35    0 80.0 90.0 0
   21  939  111    3 61.0 89.0 1
    4 1382   35   28 80.0 82.0 1
   17  581   14    0 86.0 90.0 1
   22  667  120    3 59.0 89.0 1
    4  553  111   14 61.0 86.0 1
    1 1319  120  106 59.0 62.0 1
    6 1642   35   14 80.0 86.0 1
   36 1457  111    3 61.0 89.0 1
   29  425  106    3 62.0 89.0 1
