 400  20   4  88
   10  895  320   32 32.0 81.0 1
   17 1491  200    0 45.0 90.0 0
   13  529  200    0 45.0 90.0 1
   25 1698  320  200 32.0 45.0 1
   18 3022  320  247 32.0 39.0 1
   22 1407  193  120 46.0 59.0 1
   34  980  120   81 59.0 68.0 1
   19 1458   93   81 65.0 68.0 1
   31 2826  156   93 52.0 65.0 1
   11 1538   93   21 65.0 84.0 1
   15 3589  297    0 34.0 90.0 1
   31 1547  145    0 54.0 90.0 1
   13 2333  297   81 34.0 68.0 1
   16 1560   89    3 66.0 89.0 1
   22  740  145   89 54.0 66.0 1
   32 2707  102   10 63.0 87.0 1
   14 2700   81   57 68.0 74.0 1
   17 1020   85   10 67.0 87.0 1
   18 1417  102  102 63.0 63.0 1
   22 1756   57   10 74.0 87.0 1
