 400  29   1  86
   20 1634  115  115 60.0 60.0 1
   15  333   77   77 69.0 69.0 1
    7 1734  120  120 59.0 59.0 1
   24 1624   77   77 69.0 69.0 1
   19 1634  115  115 60.0 60.0 1
   24 1412  120  120 59.0 59.0 1
    3 1425  115  115 60.0 60.0 1
   16 1268  120  120 59.0 59.0 1
   17 1625  120  115 59.0 60.0 1
   23 2931  115   77 60.0 69.0 1
   14 1661  120    0 59.0 90.0 1
   23 1689  120    0 59.0 90.0 1
    2 1650  120   77 59.0 69.0 1
    1  901  120    0 59.0 90.0 1
   19  656  115   77 60.0 69.0 1
    5  713  120  115 59.0 60.0 1
   16 1488  120  115 59.0 60.0 1
    7 1752  120   77 59.0 69.0 1
    9  515  115    0 60.0 90.0 1
   24 1374  120    0 59.0 90.0 1
   13  583  120  115 59.0 60.0 1
    8  429  115    0 60.0 90.0 1
   20  968  120   77 59.0 69.0 1
    9 1232  120  120 59.0 59.0 1
    8 1441  115   77 60.0 69.0 1
   21  387  115   77 60.0 69.0 1
   15 1552  120   77 59.0 69.0 1
   11  533  120  115 59.0 60.0 1
    7  780  120    0 59.0 90.0 1
