 400  25   5  88
   12 1672  174  174 49.0 49.0 1
   19 3054  180    0 48.0 90.0 0
   17  470  174    0 49.0 90.0 1
   12  720  180  174 48.0 49.0 1
   17 1266  256  174 38.0 49.0 1
   19 2054  238  230 40.0 41.0 1
    6  483   65   54 72.0 75.0 1
   26 3584   54   10 75.0 87.0 1
   26 1770   57   54 74.0 75.0 1
   15 3306   57   10 74.0 87.0 1
    4 1039  256   57 38.0 74.0 1
   21  341   57    0 74.0 90.0 1
    5 1043   57    0 74.0 90.0 1
   15 1770  256   10 38.0 87.0 1
   19 3090  230   85 41.0 67.0 1
    3 1619  156   54 52.0 75.0 1
   21 3526  156   14 52.0 86.0 1
   26 1672   54    0 75.0 90.0 1
   21 2283   54    0 75.0 90.0 1
   18 1754   54   14 75.0 86.0 0
    5 1021  247  130 39.0 57.0 1
   25 2491  130    0 57.0 90.0 0
   15  310  130    0 57.0 90.0 1
   20  371  130    0 57.0 90.0 1
   13  372  174    0 49.0 90.0 0
