 400  27   4  88
   11 1366   81   81 68.0 68.0 1
    5  844  111  111 61.0 61.0 1
   15 3541  346  346 30.0 30.0 1
   26  358   93    0 65.0 90.0 1
   10 1080  168   93 50.0 65.0 1
    8 1475  346  168 30.0 50.0 1
   27  420  111   81 61.0 68.0 1
    2 3136  247    0 39.0 90.0 1
    6  407  145    0 54.0 90.0 1
   12  829  320    3 32.0 89.0 1
   17 1507  320  214 32.0 43.0 1
   27 1360   21    3 84.0 89.0 1
   29 1607  247   21 39.0 84.0 0
   11 1187  320    3 32.0 89.0 1
    2  917   21    0 84.0 90.0 1
   20  319   28    0 82.0 90.0 1
   19 1032   28   21 82.0 84.0 1
    1 3548   21    0 84.0 90.0 1
   26 2983   21    0 84.0 90.0 1
   26  875   28   21 82.0 84.0 1
    8  965   28   21 82.0 84.0 1
    2  504  207   10 44.0 87.0 1
   21  871  207   10 44.0 87.0 1
    5  726   50    0 76.0 90.0 1
   23  541   50    0 76.0 90.0 0
   19 3039   10    0 87.0 90.0 1
   22 1718  207   10 44.0 87.0 1
