 400  27   5  87
    4 1551   54   54 75.0 75.0 1
   21 1961   54   54 75.0 75.0 1
    1  732  200    0 45.0 90.0 1
   30  402   54    0 75.0 90.0 1
   24 1221  200   54 45.0 75.0 1
   22  356   14   14 86.0 86.0 1
   31 3072  187   57 47.0 74.0 1
    1 1893  168   14 50.0 86.0 1
    7 3001  238  187 40.0 47.0 1
   12 3361  168    0 50.0 90.0 1
    2 2541  187  168 47.0 50.0 1
   30  993  180    0 48.0 90.0 1
    6  479  180    0 48.0 90.0 1
   19  577  180  102 48.0 63.0 1
   23 2344  180  102 48.0 63.0 1
    2  544  102    0 63.0 90.0 1
    6 2420  297  214 34.0 43.0 1
   21 3137  130  111 57.0 61.0 1
   26 3082  214   89 43.0 66.0 1
   30 3486  207  111 44.0 61.0 1
   11 2407  214  140 43.0 55.0 1
    3 2477  200    0 45.0 90.0 1
    1 1166  180    0 48.0 90.0 1
    5  628  200    0 45.0 90.0 1
   23 3479  200    0 45.0 90.0 1
   31 1653  200    0 45.0 90.0 1
    8 1343  200  180 45.0 48.0 1
