 400  20   2  87
   27 3281   54   54 75.0 75.0 1
   12 2117  145  145 54.0 54.0 1
   33  357   54   54 75.0 75.0 0
   32 1134  130  130 57.0 57.0 1
   10 1569  145   65 54.0 72.0 0
   26 1108  207   65 44.0 72.0 1
   10  893  145  130 54.0 57.0 1
   22 1328  145    0 54.0 90.0 1
    6 1905  207   65 44.0 72.0 1
   15 1229  207  130 44.0 57.0 1
   12  373   54    0 75.0 90.0 1
   16 3494   54    0 75.0 90.0 1
   23 1746  207  130 44.0 57.0 1
   17 1290  145   65 54.0 72.0 1
   37 1438  145    0 54.0 90.0 1
    5 2316  145    0 54.0 90.0 1
   12 3212  145    0 54.0 90.0 1
    1 1860  145    0 54.0 90.0 1
   43 2717  145   46 54.0 77.0 1
   41 2636   46    0 77.0 90.0 0
