 400  27   1  85
    7 2098  111  111 61.0 61.0 1
   29 1329   81   81 68.0 68.0 1
   27 2629   35   35 80.0 80.0 1
   30 2644  130  130 57.0 57.0 1
    4 1966   81    0 68.0 90.0 1
    1 2762  174   65 49.0 72.0 1
   22 1545  111    0 61.0 90.0 0
   18 2256  130   73 57.0 70.0 1
    6 1060  174    0 49.0 90.0 1
   23  429  111   65 61.0 72.0 1
   36 3170  111   35 61.0 80.0 1
   16 3321  174  111 49.0 61.0 1
    8 2635  130   35 57.0 80.0 1
    6 1274   81   35 68.0 80.0 1
   12 3008  174  111 49.0 61.0 1
   27 3544   81   73 68.0 70.0 1
    3 1967  130   73 57.0 70.0 1
   17 1770   81   35 68.0 80.0 1
    4  809   73   35 70.0 80.0 1
   12 2890   73    0 70.0 90.0 1
   16 2366   81   73 68.0 70.0 1
    6 1298  130   35 57.0 80.0 1
   11 1012  111   65 61.0 72.0 1
   14 1241   65    0 72.0 90.0 0
    3 2270  174   65 49.0 72.0 1
    5  851   65   35 72.0 80.0 1
   37  902  174  130 49.0 57.0 1
