 400  22   3  87
   36  816  174  174 49.0 49.0 1
    1 3164   69   28 71.0 82.0 1
   29 2576  207   61 44.0 73.0 1
    2 2805   14    0 86.0 90.0 1
    1 2419  265   69 37.0 71.0 1
   34 2811  265   28 37.0 82.0 1
   29 3110  256    3 38.0 89.0 1
    9 1624  115   50 60.0 76.0 1
   20 1710  130   50 57.0 76.0 1
    1 2263  256  115 38.0 60.0 1
   27 1408  115    3 60.0 89.0 1
   21 2813    3    0 89.0 90.0 1
   32 2319  256    3 38.0 89.0 1
   14  615    3    0 89.0 90.0 1
    7 2220  256   50 38.0 76.0 1
   26 1748  130  106 57.0 62.0 1
   33 3069  130  106 57.0 62.0 1
   16 3155  106    0 62.0 90.0 0
   14  748  106    0 62.0 90.0 0
   27 1362  130    0 57.0 90.0 1
    3  356  106    0 62.0 90.0 1
   18 3169  130  106 57.0 62.0 1
