 400  29   1  85
    8 3309    7    7 88.0 88.0 1
   23 1974  200  200 45.0 45.0 1
   21 2694    7    7 88.0 88.0 1
   24 2347  247   39 39.0 79.0 1
   17 2168  200  130 45.0 57.0 1
    3 3383  286    0 35.0 90.0 1
   10 2434  286  130 35.0 57.0 0
   13 2015  247  200 39.0 45.0 1
   25 2454   39    0 79.0 90.0 1
   12 2065  200    0 45.0 90.0 1
    1 3239  286  247 35.0 39.0 1
    4 2064  200   39 45.0 79.0 1
    9 1872  200    7 45.0 88.0 1
    1 1090  247    0 39.0 90.0 1
    8 2065  286    7 35.0 88.0 0
   26 2925  286    7 35.0 88.0 1
   22  809  130    7 57.0 88.0 1
   26 1711  130   39 57.0 79.0 1
   19 3231  200   39 45.0 79.0 1
   13 1998  200    7 45.0 88.0 1
    1 1049  200  200 45.0 45.0 1
   11 3178  130   39 57.0 79.0 1
   23 2682  247   39 39.0 79.0 1
   12 1876  286  200 35.0 45.0 1
   18 2871  130   39 57.0 79.0 1
   19 1968  247  130 39.0 57.0 1
   15 2683  286  200 35.0 45.0 1
   10 2042  247  200 39.0 45.0 1
    6  687  130   39 57.0 79.0 0
