 400  23   4  88
   20  556   98   98 64.0 64.0 1
   30  857   77   77 69.0 69.0 1
   23  312   69   69 71.0 71.0 1
    6  403   77   69 69.0 71.0 1
   16 3412  151   77 53.0 69.0 1
   19  429   98   69 64.0 71.0 1
   31 1251  200   77 45.0 69.0 1
   21 1017   77   61 69.0 73.0 1
   11 3504   77   61 69.0 73.0 1
    5 3111   77   17 69.0 85.0 1
    1 1174  207   17 44.0 85.0 1
   23 1438  207   17 44.0 85.0 1
   19 1558   17    0 85.0 90.0 0
   11 2676   25    0 83.0 90.0 0
   17  406  135   25 56.0 83.0 1
   26 2898  214  135 43.0 56.0 0
   15 3202  135   39 56.0 79.0 0
    5 2941   25    0 83.0 90.0 1
   21 1531   81   43 68.0 78.0 1
    1 1985   81    3 68.0 89.0 1
   27 3479   81   43 68.0 78.0 1
   32 1918   43    0 78.0 90.0 1
   20  950  140    0 55.0 90.0 1
