 400  18   3  88
   17 2989  320  320 32.0 32.0 1
   10  622  156    0 52.0 90.0 1
   45 1766  320  180 32.0 48.0 0
   11 1353  297  238 34.0 40.0 1
   17 1459  297  156 34.0 52.0 1
   17 3157  174    0 49.0 90.0 1
   18 1352  214    0 43.0 90.0 1
   11 1557  214    0 43.0 90.0 1
   41 2981  174    0 49.0 90.0 1
   40 1772  214  174 43.0 49.0 1
   28 1230  174    0 49.0 90.0 0
    3  647  125   89 58.0 66.0 1
   22 2899  187  168 47.0 50.0 1
    1 2602  187  125 47.0 58.0 1
   23 1299  333  125 31.0 58.0 1
   45 2421  200  125 45.0 58.0 1
   26 2866  333  187 31.0 47.0 1
   25  317   89    0 66.0 90.0 1
