 400  26   5  87
    6  755  156  156 52.0 52.0 1
   13  565   50   50 76.0 76.0 1
    9  475  200    0 45.0 90.0 1
    1 3523  200  200 45.0 45.0 1
    2 1193  200  156 45.0 52.0 0
   20 1941  111   28 61.0 82.0 1
   31 1603  111    0 61.0 90.0 1
   13 2607   28    0 82.0 90.0 1
   22 1654  111   28 61.0 82.0 0
   19  459  111    0 61.0 90.0 1
   13 2940   28    0 82.0 90.0 1
   23  718  193  151 46.0 53.0 1
   24 1570   50   32 76.0 81.0 0
   15 2347   81   32 68.0 81.0 1
   14  444   81   17 68.0 85.0 1
   11  608   81   32 68.0 81.0 1
   21 2270  207    0 44.0 90.0 1
    3 1621  120   50 59.0 76.0 1
   20 1287  193   50 46.0 76.0 1
   22 3224  156   50 52.0 76.0 1
   10 2266  156   50 52.0 76.0 1
    6 1355  238  106 40.0 62.0 1
   25  561  168   43 50.0 78.0 1
   17 2417   43   10 78.0 87.0 1
    8  344   43    0 78.0 90.0 1
   32 1903  168  162 50.0 51.0 1
