 400  30   3  87
   15 1055  115  115 60.0 60.0 0
   12 2459  286  286 35.0 35.0 1
   24 3243  286  286 35.0 35.0 1
   10 3426  346  333 30.0 31.0 1
   15 2917  346  115 30.0 60.0 1
   17 1425  346  115 30.0 60.0 0
   14 2179  346  286 30.0 35.0 1
    8 3258  333    3 31.0 89.0 1
   21 2342  346    3 30.0 89.0 1
    5 1102  286  115 35.0 60.0 1
   16 2122  346  333 30.0 31.0 1
   18 1026  333    3 31.0 89.0 1
    1 1445  102   14 63.0 86.0 1
   19  379   14    0 86.0 90.0 1
   19  383  102    0 63.0 90.0 1
   24 1038   14    0 86.0 90.0 1
   15 1006  265   14 37.0 86.0 1
   14 3051  102   98 63.0 64.0 0
    8  487   93   28 65.0 82.0 1
   14 2760  265  130 37.0 57.0 1
   16  413  174    0 49.0 90.0 1
    5  439   93   28 65.0 82.0 1
   21 1253   93   28 65.0 82.0 1
   15 1148   93    0 65.0 90.0 1
    8  936   93   28 65.0 82.0 1
    2 1815  265   28 37.0 82.0 0
   21  372   28   28 82.0 82.0 1
    3 2447   28   28 82.0 82.0 1
   11 2348  265   28 37.0 82.0 1
    9 2592   93   28 65.0 82.0 1
