 400  17   1  86
    5 1164   81   81 68.0 68.0 1
   34  430   81   81 68.0 68.0 1
   10  573   81   81 68.0 68.0 1
   46 1565   81   81 68.0 68.0 1
   14 1145  174  174 49.0 49.0 1
    8  798  174  174 49.0 49.0 1
   29 1538  174  174 49.0 49.0 1
   26 1497   81    0 68.0 90.0 1
   38 1777   81    0 68.0 90.0 1
   20 1567  174    0 49.0 90.0 1
    7 3452  174   81 49.0 68.0 1
   36 1341  174    0 49.0 90.0 1
   14  657  174    0 49.0 90.0 1
   30  832  174   81 49.0 68.0 1
   19 1733  174    0 49.0 90.0 1
   34  826  174    0 49.0 90.0 1
   30 1457  174    0 49.0 90.0 1
