 400  24   1  86
    7  387   17   17 85.0 85.0 1
   14  409   17   17 85.0 85.0 1
   25 1738   73   73 70.0 70.0 1
   22 1068  151  151 53.0 53.0 1
    1 1164  151  151 53.0 53.0 0
    2  694   81   81 68.0 68.0 1
   18  553   17   17 85.0 85.0 1
   20 1130   17   17 85.0 85.0 1
   27 1079   73   73 70.0 70.0 1
    6 1488   81   17 68.0 85.0 1
   32  384  151    0 53.0 90.0 1
   25  435   73   17 70.0 85.0 1
   28 1041  275   81 36.0 68.0 1
   16  350  151    0 53.0 90.0 1
   28 2724   81   17 68.0 85.0 1
   22  658  275    0 36.0 90.0 1
    1  732  151   17 53.0 85.0 1
   18 1749  275   81 36.0 68.0 1
   11 1507  275  151 36.0 53.0 1
   11 1527   81    0 68.0 90.0 1
    6 1314   81    0 68.0 90.0 1
   16 1186  151   73 53.0 70.0 1
   30  335   81   73 68.0 70.0 0
   14 1730  151   73 53.0 70.0 1
