 400  29   3  92
    9 1353  102  102 63.0 63.0 1
   16 2796  222    0 42.0 90.0 0
   12 1474  222  102 42.0 63.0 1
   11  389   81    0 68.0 90.0 1
   19  861  102    0 63.0 90.0 1
   10 1312   81    0 68.0 90.0 1
   10 3129  222    0 42.0 90.0 1
   19  592  222    7 42.0 88.0 1
   12 2471   93   32 65.0 81.0 1
   18 3405   32    0 81.0 90.0 1
   15 2869  297    7 34.0 88.0 1
   16  801   17    0 85.0 90.0 1
   20 1158   17    7 85.0 88.0 1
    9  569  174   21 49.0 84.0 1
    9 2782   21   17 84.0 85.0 0
   19 3362   93    7 65.0 88.0 1
   12 3147   93   17 65.0 85.0 0
   19  894  125   54 58.0 75.0 1
   15 1685  346  156 30.0 52.0 1
    9 1141  308   35 33.0 80.0 1
   17  317   54    0 75.0 90.0 1
   12 1112  346   54 30.0 75.0 1
   13 1032  308   54 33.0 75.0 1
    9 3402  308  115 33.0 60.0 1
   16  685  125   54 58.0 75.0 1
   19 1659  115   35 60.0 80.0 1
   11  378   81    0 68.0 90.0 1
   14  918  346    0 30.0 90.0 0
   10  440  125    0 58.0 90.0 1
