 400  21   1  89
   15 1624  286  286 35.0 35.0 1
   17 1518  106  106 62.0 62.0 1
   17 1530   61   61 73.0 73.0 1
   21 1303  286  286 35.0 35.0 1
   15  463   61   61 73.0 73.0 1
   14 1032   21   21 84.0 84.0 0
   23 1108   21   21 84.0 84.0 1
   19 1563  106   65 62.0 72.0 1
   17  500  106   21 62.0 84.0 1
   25 1989  106   14 62.0 86.0 1
   24 1504   65   21 72.0 84.0 1
   19 2004   21   14 84.0 86.0 1
   15  844  106   65 62.0 72.0 1
   24 1608  106    0 62.0 90.0 1
   21 2166   21    0 84.0 90.0 1
   16 1127  106   61 62.0 73.0 1
   15  419   65   21 72.0 84.0 1
   23 2863  286   14 35.0 86.0 1
   24 3071  106   61 62.0 73.0 1
   14 1685  286   28 35.0 82.0 1
   22 2424  286   21 35.0 84.0 0
