 400  27   1  89
   10 1007   54   54 75.0 75.0 1
   18 1320  238   85 40.0 67.0 1
   12 2530   85    0 67.0 90.0 1
   11 2240  238    0 40.0 90.0 1
   18 1009   54    0 75.0 90.0 0
   18 1125  238   85 40.0 67.0 1
   20 1079  238   54 40.0 75.0 1
   15 2281  238   54 40.0 75.0 1
   13 1624  238    0 40.0 90.0 1
   14 1675   85    0 67.0 90.0 1
   12 1903  238   54 40.0 75.0 1
   12  525   85   54 67.0 75.0 1
   14 1436   85    0 67.0 90.0 1
   20  542   85   54 67.0 75.0 1
   10 1694   85    0 67.0 90.0 1
   19  683   85    0 67.0 90.0 0
   17 2068   85   54 67.0 75.0 1
   10 1509  238    0 40.0 90.0 1
   18 2948  238   85 40.0 67.0 1
   16 3067  238    0 40.0 90.0 1
   11 2317  238   54 40.0 75.0 1
   13 1574  238    0 40.0 90.0 1
   11 2767   54    0 75.0 90.0 1
   19  884  238   85 40.0 67.0 1
   16  796   54    0 75.0 90.0 1
   13 3313  238    0 40.0 90.0 1
   20 1963  238   85 40.0 67.0 1
