 400  16   3  92
   31  462   25   25 83.0 83.0 1
   20  867  125   25 58.0 83.0 1
   23 1097  125   25 58.0 83.0 0
   26 3162  297   25 34.0 83.0 1
   20 3238  297  125 34.0 58.0 1
   30 1338   50    0 76.0 90.0 0
   23  869  125   50 58.0 76.0 1
   27 3248  125   32 58.0 81.0 1
   30  623   32    0 81.0 90.0 0
   23  446  102    0 63.0 90.0 1
   21  955  125   32 58.0 81.0 1
   30 1657  256   21 38.0 84.0 1
   26 3443  256   21 38.0 84.0 0
   18 1892  256   21 38.0 84.0 1
   24 2879  256   21 38.0 84.0 1
   28 3552   21    0 84.0 90.0 1
