 400  24   4  92
   15 3062  207  207 44.0 44.0 1
   17 1607  265  207 37.0 44.0 1
   19 1157  207    0 44.0 90.0 0
   12 2833  207    0 44.0 90.0 1
   15  762  265    0 37.0 90.0 1
   17  968  265    0 37.0 90.0 1
   11 1634  207    0 44.0 90.0 1
   21 1605  193  187 46.0 47.0 1
   19 1685  187    0 47.0 90.0 1
   20  858  193  187 46.0 47.0 1
   17 1787  187   32 47.0 81.0 1
   19 2976   32    0 81.0 90.0 1
   20 2803  187   32 47.0 81.0 1
   14 2141   57    0 74.0 90.0 1
   17 3449   57    0 74.0 90.0 1
   13  731   57    0 74.0 90.0 1
   21 3212   57   57 74.0 74.0 1
   16  707  265    0 37.0 90.0 1
   15 1281  120   77 59.0 69.0 1
   19  878  256  111 38.0 61.0 0
   15 1049  111  102 61.0 63.0 0
   14  569  120  111 59.0 61.0 1
   14 3555  102   77 63.0 69.0 1
   20 1697  120    0 59.0 90.0 1
