 400  15   1  90
   33 2948   57   57 74.0 74.0 1
   24 1070   46   46 77.0 77.0 1
   23 1796   57   57 74.0 74.0 0
   25  932   61   61 73.0 73.0 1
   23 1389   61   61 73.0 73.0 1
   29 1480   46   46 77.0 77.0 1
   26 1097   57    0 74.0 90.0 1
   33  566  238    0 40.0 90.0 1
   21 1326   61    0 73.0 90.0 1
   29  958  238   57 40.0 74.0 1
   23 1086  238   46 40.0 77.0 1
   24 1169   57    0 74.0 90.0 0
   30 2715  238   46 40.0 77.0 1
   25  957  238   46 40.0 77.0 1
   32 1639   46    0 77.0 90.0 1
