 400  16   3  91
   20 2393  168  168 50.0 50.0 1
   22  547  168    0 50.0 90.0 1
   25  560  168   77 50.0 69.0 1
   24 1243   77    0 69.0 90.0 0
   28 1564  145    0 54.0 90.0 1
   23 2450  256   81 38.0 68.0 1
   18 3084  256    0 38.0 90.0 1
   24 2411   81    0 68.0 90.0 1
   29 2686  308  256 33.0 38.0 1
   25  502   81    0 68.0 90.0 1
   24 3369  308   35 33.0 80.0 1
   29 1903  308   35 33.0 80.0 1
   28 1900  308   14 33.0 86.0 1
   29  709  174  115 49.0 60.0 1
   29 2312  174  115 49.0 60.0 1
   23 1709  308  130 33.0 57.0 1
