 400  24   2  91
   21 2749  207  207 44.0 44.0 1
   15  415   81   81 68.0 68.0 1
   20 2019  207  207 44.0 44.0 1
   14 1944  207  207 44.0 44.0 1
   14 2138   81   81 68.0 68.0 1
   14  453   81   81 68.0 68.0 1
   15 2359  207   81 44.0 68.0 1
   17 1865   81    0 68.0 90.0 1
   23 2378  207   81 44.0 68.0 1
   13 3037  207    0 44.0 90.0 1
   21 1614  207    0 44.0 90.0 1
   18 1680   81    0 68.0 90.0 0
   12  447  207    0 44.0 90.0 0
   12 1080  238  151 40.0 53.0 1
   17  446  151    0 53.0 90.0 0
   16 3159  151    0 53.0 90.0 1
   15 1450  238  151 40.0 53.0 1
   22 3169  238  151 40.0 53.0 1
   16  467  151    0 53.0 90.0 1
   16  311  151    0 53.0 90.0 1
   17 1154  238  174 40.0 49.0 1
   15 2131  238  151 40.0 53.0 1
   18  749  174    0 49.0 90.0 1
   19 3326  151    0 53.0 90.0 1
