 400  29   5  92
   11 1761   32   32 81.0 81.0 0
   13 3481  151    0 53.0 90.0 1
   17 2963  297    7 34.0 88.0 1
   12  732  200    7 45.0 88.0 1
   17  904   50    7 76.0 88.0 1
   12  668    7    0 88.0 90.0 1
   15 3199  135   50 56.0 76.0 1
    9 1749  193   77 46.0 69.0 1
   16  994  207    0 44.0 90.0 1
   14  976  230   77 41.0 69.0 1
   18 1132  207  193 44.0 46.0 1
   11 3304  115   77 60.0 69.0 1
    9 1020  286   61 35.0 73.0 1
   14  350   61    0 73.0 90.0 1
   16 3113  286  156 35.0 52.0 1
   17 3478  286  156 35.0 52.0 1
   11  350   61    0 73.0 90.0 0
   11 1586  168   93 50.0 65.0 1
   17  778  168    7 50.0 88.0 1
   17 2869  168    0 50.0 90.0 1
   12  968  168  168 50.0 50.0 1
   11  608  168    7 50.0 88.0 1
   17 1799   93    0 65.0 90.0 1
   12 1506  156   73 52.0 70.0 1
   18 3470  156    0 52.0 90.0 1
   18  356  156    0 52.0 90.0 0
   17 1280  156    0 52.0 90.0 1
    9 1089  156   73 52.0 70.0 1
    9 1538  156    0 52.0 90.0 1
