 400  28   1  90
   19 1074  130  130 57.0 57.0 1
   11 1726  130  130 57.0 57.0 1
   18 1533   17   17 85.0 85.0 1
   13  639   17    0 85.0 90.0 1
   11  886   17    0 85.0 90.0 1
   17  681  130   17 57.0 85.0 1
   18 1147   17    0 85.0 90.0 1
   14  312  130    0 57.0 90.0 1
   19 1455   17    0 85.0 90.0 1
   15 1189  130    0 57.0 90.0 1
   15 1693  130    0 57.0 90.0 1
    9  534  130    0 57.0 90.0 1
   14 1698   17    0 85.0 90.0 1
    9  309   17    0 85.0 90.0 1
   13 2809  130   17 57.0 85.0 1
   13  526   17    0 85.0 90.0 1
   13  578   17    0 85.0 90.0 1
   17 1338   17    0 85.0 90.0 1
   14 1387  130    0 57.0 90.0 1
   13 1125   17    0 85.0 90.0 1
   19 1360   17    0 85.0 90.0 1
   18  954  130    0 57.0 90.0 1
   17 1289  130   17 57.0 85.0 1
   12  501  130   17 57.0 85.0 1
   15 3430  130    0 57.0 90.0 1
   13  534  130   17 57.0 85.0 1
   11 1127   17    0 85.0 90.0 1
   10 1015  130   17 57.0 85.0 0
