 400  29   1  89
   12  463   69   69 71.0 71.0 1
   16 1130  115  115 60.0 60.0 1
   15  444   65   65 72.0 72.0 1
   12 2848   69   69 71.0 71.0 1
   16 1102  168  168 50.0 50.0 1
   15 2023   65   65 72.0 72.0 0
   19 1100   65   65 72.0 72.0 1
   10  612   69   69 71.0 71.0 1
   16  401   65   65 72.0 72.0 1
   12 1054   65   65 72.0 72.0 1
   15 2571   65   65 72.0 72.0 0
    9 2818  115  115 60.0 60.0 1
   15 3310   65   65 72.0 72.0 0
    9 3364  115   65 60.0 72.0 0
   11 2104  115    0 60.0 90.0 1
   15 2516   65    0 72.0 90.0 1
    9  330  115    0 60.0 90.0 1
   18 1736   69   65 71.0 72.0 1
   11  351  168    0 50.0 90.0 1
   11 2741  115    0 60.0 90.0 1
   18 2530  168   69 50.0 71.0 1
   12  988  115   69 60.0 71.0 1
   10 1320   65    0 72.0 90.0 1
   18 2481   69    0 71.0 90.0 0
   14 3374  115    0 60.0 90.0 1
   14  671  115    0 60.0 90.0 1
   16  839   65    0 72.0 90.0 1
   17 2598  168   69 50.0 71.0 1
   15 1440  168  115 50.0 60.0 1
