 400  20   1  89
   19 2074  230  230 41.0 41.0 1
   24 3212  230  222 41.0 42.0 1
   23 3479  222    0 42.0 90.0 1
   21 1911  230    0 41.0 90.0 1
   19  863  222    0 42.0 90.0 1
   17 2918  222    0 42.0 90.0 1
   23 3443  230    0 41.0 90.0 1
   15 3269  230    0 41.0 90.0 0
   15 1525  230  222 41.0 42.0 1
   16 3337  230    0 41.0 90.0 1
   20 1897  222    0 42.0 90.0 0
   21 1922  230    0 41.0 90.0 0
   25 1903  230    0 41.0 90.0 1
   22 2921  222    0 42.0 90.0 0
   22 1044  230    0 41.0 90.0 1
   17 1804  230  222 41.0 42.0 1
   16 2990  222    0 42.0 90.0 1
   25  675  222    0 42.0 90.0 1
   17 3232  230    0 41.0 90.0 1
   23 1023  222    0 42.0 90.0 1
