 400  25   3  91
   17 1425  207  207 44.0 44.0 1
   18 3165  162  162 51.0 51.0 0
   17 2658    3    0 89.0 90.0 1
   14 2500  333    0 31.0 90.0 0
   15 1394  333  162 31.0 51.0 1
   17 3461  162   50 51.0 76.0 1
   16 2978  333  162 31.0 51.0 1
   20 2286  162    0 51.0 90.0 1
   17 3557  256   69 38.0 71.0 0
   16 2706  256   69 38.0 71.0 1
   16 1250   69   50 71.0 76.0 1
   19 2450  115   32 60.0 81.0 1
   18 1977   50    0 76.0 90.0 1
   16 2981  115   69 60.0 71.0 1
   11 1322   50    0 76.0 90.0 1
   12 2990  115   32 60.0 81.0 1
   16  587  125  111 58.0 61.0 1
   18 1476  187  111 47.0 61.0 1
   16 3267  187    0 47.0 90.0 1
   17 1127  187  125 47.0 58.0 1
   18 2481  125    0 58.0 90.0 1
   19  404  125    0 58.0 90.0 1
   12 2801  187    0 47.0 90.0 1
   13  641  125  111 58.0 61.0 1
   12 3447  187  125 47.0 58.0 1
