 400  15   1  89
   30 1656  140  140 55.0 55.0 1
   30 1556  168  168 50.0 50.0 1
   22 3495  140  140 55.0 55.0 0
   31 1748  140  140 55.0 55.0 1
   21 1144  140  140 55.0 55.0 1
   31 2062  168  168 50.0 50.0 1
   29  728  140  140 55.0 55.0 1
   29 1874  140    0 55.0 90.0 1
   29 1541  140    0 55.0 90.0 1
   20  369  168    0 50.0 90.0 1
   20 1525  140    0 55.0 90.0 0
   29  487  168    0 50.0 90.0 1
   28 3430  168    0 50.0 90.0 1
   23 3343  140    0 55.0 90.0 1
   28  914  168  140 50.0 55.0 1
