 400  15   1  90
   26  984  145  145 54.0 54.0 1
   27 3280   21   21 84.0 84.0 1
   30 3362  162  162 51.0 51.0 0
   32  955  145  145 54.0 54.0 1
   27 1188   21    0 84.0 90.0 1
   27  915  162  145 51.0 54.0 1
   20 1795   89   21 66.0 84.0 0
   27  470  145    0 54.0 90.0 1
   28 1285   17   10 85.0 87.0 1
   30  432   89   17 66.0 85.0 1
   24  644  200   89 45.0 66.0 1
   26 1604   10    0 87.0 90.0 1
   21 1520  200  162 45.0 51.0 1
   25  691  162   10 51.0 87.0 1
   30 1274   21   17 84.0 85.0 1
