 400  27   5  91
   14 1720  151  151 53.0 53.0 1
   11 2877  145   89 54.0 66.0 1
   13  767  256    0 38.0 90.0 1
   19  408  151    0 53.0 90.0 1
   18 2204  145   89 54.0 66.0 1
   12 3310  214  111 43.0 61.0 1
   17 1623  111   17 61.0 85.0 1
   17 1053  214   17 43.0 85.0 1
   19 2277  111    0 61.0 90.0 1
   17 2170  111   17 61.0 85.0 1
   18  940  214   17 43.0 85.0 1
   16  971  256   57 38.0 74.0 1
   14 3367  256    0 38.0 90.0 1
   16  401  125   57 58.0 74.0 1
   17  719  125    3 58.0 89.0 1
   17  774  256  125 38.0 58.0 1
   14 2714  214    0 43.0 90.0 1
    9 3336  214   69 43.0 71.0 1
   11 2976  214   98 43.0 64.0 0
   14 2948  214   98 43.0 64.0 1
   14 1338  214   39 43.0 79.0 1
   13 2009  214   69 43.0 71.0 0
   15 2039  346    0 30.0 90.0 1
   14 1937   81    7 68.0 88.0 1
   12 2102  214  115 43.0 60.0 1
   16 1806   81   25 68.0 83.0 0
   13 3575   81    7 68.0 88.0 1
