 400  18   1  90
   22 1439  115  115 60.0 60.0 1
   25  636  125  125 58.0 58.0 1
   25  971  145  145 54.0 54.0 1
   23  345   35   35 80.0 80.0 0
   27  857   35   35 80.0 80.0 1
   22 1626  130  125 57.0 58.0 1
   23  431  130    0 57.0 90.0 1
   16  912  115    0 60.0 90.0 1
   21  708   35    0 80.0 90.0 1
   17 1488  125    0 58.0 90.0 1
   26 1088  130  115 57.0 60.0 1
   22 1304  125  115 58.0 60.0 1
   23  456   35    0 80.0 90.0 1
   21  366  125    0 58.0 90.0 1
   18 3228  130    0 57.0 90.0 1
   26  506  130    0 57.0 90.0 1
   24  599  145  125 54.0 58.0 1
   19 3384   35    0 80.0 90.0 1
