 400  27   1  89
   20 2416  222  222 42.0 42.0 1
   16 2741  214  214 43.0 43.0 1
   14 2923  207  207 44.0 44.0 1
   15 1168  207  207 44.0 44.0 1
   13 2307  346  346 30.0 30.0 1
   19  479   10   10 87.0 87.0 1
   20 2242  247  247 39.0 39.0 1
   17  324   10   10 87.0 87.0 1
   13 3109  247  214 39.0 43.0 1
   16 2347  297    0 34.0 90.0 1
   11 3134  214  120 43.0 59.0 1
   19  670  214    0 43.0 90.0 1
   17 1521  222  207 42.0 44.0 1
   13 1607  222   10 42.0 87.0 1
   17 1751  222  120 42.0 59.0 1
   10  343  120   10 59.0 87.0 1
   18 3592  222  207 42.0 44.0 1
   16  496  207    0 44.0 90.0 1
   12 1374  297  207 34.0 44.0 1
   12 3557   10    0 87.0 90.0 1
   10 1470  247  120 39.0 59.0 1
   19 2056  247  207 39.0 44.0 1
   10  522  222    0 42.0 90.0 0
   12 2639  214  120 43.0 59.0 1
   14 2119  207  120 44.0 59.0 1
   15 2705  207    0 44.0 90.0 1
   12 2557  297  120 34.0 59.0 1
