 400  30   1  90
   10  861  320    0 32.0 90.0 1
   18  787  275    0 36.0 90.0 1
   13  688  275    0 36.0 90.0 1
   13  883  297    0 34.0 90.0 0
   17 1562  320  320 32.0 32.0 1
   19 1058  275    0 36.0 90.0 1
   11  869  297    0 34.0 90.0 1
   11 1232  275  275 36.0 36.0 1
   10 1621  320  320 32.0 32.0 1
   11 2702  320  320 32.0 32.0 1
   15 1166  275  275 36.0 36.0 1
   13 1392  320  320 32.0 32.0 1
   10 1053  275    0 36.0 90.0 1
   17 1405  297  297 34.0 34.0 1
   13  550  275    0 36.0 90.0 0
   12 1208  275    0 36.0 90.0 1
    9 1795  320  275 32.0 36.0 1
   19 1284  297  275 34.0 36.0 1
   10 1139  320    0 32.0 90.0 1
   16 1741  297  275 34.0 36.0 1
   17 1158  320    0 32.0 90.0 0
   12  974  297    0 34.0 90.0 1
   16  973  275    0 36.0 90.0 0
   13 1546  320    0 32.0 90.0 1
   11 1144  297  275 34.0 36.0 1
   12  594  297    0 34.0 90.0 1
   17 1066  297    0 34.0 90.0 1
   12 3428  297    0 34.0 90.0 1
   10  992  320    0 32.0 90.0 1
   13  640  320    0 32.0 90.0 1
