 400  19   1  90
   23 1733  207   46 44.0 77.0 1
   24 1487  207   32 44.0 81.0 1
   24 1495  207   46 44.0 77.0 0
   23 3218  207   25 44.0 83.0 1
   19  744   81   25 68.0 83.0 1
   16  636  207   81 44.0 68.0 1
   22 1271  207   81 44.0 68.0 1
   22 1708   81    0 68.0 90.0 1
   24  399   25    0 83.0 90.0 1
   23 1469   46   32 77.0 81.0 1
   22 1574   46   25 77.0 83.0 1
   16 1204  207   46 44.0 77.0 0
   17 1579  207    0 44.0 90.0 1
   24 1570   81   32 68.0 81.0 1
   22 1424  207   81 44.0 68.0 1
   21 3553   81   25 68.0 83.0 1
   15 1673   46   32 77.0 81.0 1
   22 1004   46   32 77.0 81.0 1
   21  513   32   25 81.0 83.0 1
