 400  25   1  89
   20 3348  106  106 62.0 62.0 1
   14 1642   50   50 76.0 76.0 1
   19  853   50   50 76.0 76.0 1
   12 2415    7    7 88.0 88.0 1
   20 2374   50   50 76.0 76.0 1
   13 1436  106  106 62.0 62.0 1
   17  496  106  106 62.0 62.0 1
   16  590  106  106 62.0 62.0 1
   18 2006    7    7 88.0 88.0 0
   15  706   50   50 76.0 76.0 1
   13 2784  106  106 62.0 62.0 1
   11 2199  106  106 62.0 62.0 1
   14 2180   50    0 76.0 90.0 1
   17 1610    7    0 88.0 90.0 1
   18  977  106    0 62.0 90.0 1
   10 2156  106    7 62.0 88.0 1
   15 1591   50    0 76.0 90.0 1
   20 2586    7    0 88.0 90.0 1
   18  704  106   50 62.0 76.0 1
   20 2001    7    0 88.0 90.0 0
   13 3095  106    0 62.0 90.0 1
   18 2406  106    0 62.0 90.0 1
   11 1678   50    7 76.0 88.0 1
   18 2210   50    0 76.0 90.0 1
   20 2447  106   50 62.0 76.0 1
