 400  15   2  92
   23 1282  115  115 60.0 60.0 1
   24 1671  346  346 30.0 30.0 1
   26 1588  346  346 30.0 30.0 0
   24  735  115    0 60.0 90.0 1
   27 2929  346    0 30.0 90.0 1
   25  683  265    0 37.0 90.0 1
   25 1329  346    0 30.0 90.0 1
   21 2786  333  115 31.0 60.0 1
   23  833  162  106 51.0 62.0 1
   32 3554  286  162 35.0 51.0 1
   28 1021  286    0 35.0 90.0 0
   29 2928  106    0 62.0 90.0 1
   29  775  162  151 51.0 53.0 1
   32  612  180  106 48.0 62.0 1
   32  971  286    0 35.0 90.0 1
