 400  16   2  92
   29 3193  145  145 54.0 54.0 1
   22 1226  135  135 56.0 56.0 0
   27 1437  256   25 38.0 83.0 1
   25 1003   25    0 83.0 90.0 1
   21  669  135    0 56.0 90.0 1
   20 1077  193  135 46.0 56.0 1
   23 3495   25    0 83.0 90.0 1
   28 1244  193   25 46.0 83.0 1
   31 3176  135   14 56.0 86.0 1
   31 1579  135    0 56.0 90.0 1
   20 1680  135   50 56.0 76.0 1
   28 1107  135   50 56.0 76.0 1
   22  939  135   50 56.0 76.0 1
   26 1750  135   50 56.0 76.0 1
   22  675  135    0 56.0 90.0 1
   25  651   50   14 76.0 86.0 1
