 400  29   5  92
   10 1648  346  120 30.0 59.0 1
   16 2840  346  120 30.0 59.0 1
   12  825  106    0 62.0 90.0 1
   11  483  120  106 59.0 62.0 1
   10 1036  346  106 30.0 62.0 1
   13 1726  120  106 59.0 62.0 1
   13  561  120  106 59.0 62.0 1
   13  595  222    0 42.0 90.0 1
   11  887  256    0 38.0 90.0 1
   14 1797  256    0 38.0 90.0 1
   10 3313  256   10 38.0 87.0 1
   20  361   10    0 87.0 90.0 0
   10 1805  286  115 35.0 60.0 1
   20 3524  297   50 34.0 76.0 1
   17 2963  308  115 33.0 60.0 1
   11 2254  286  286 35.0 35.0 1
   13 1994  297   50 34.0 76.0 1
   20 3233  286  102 35.0 63.0 1
   12 3268  256   61 38.0 73.0 1
   17 1485   17    0 85.0 90.0 1
   12  801  187   46 47.0 77.0 1
   19  531   61   46 73.0 77.0 1
   18 1539   61   46 73.0 77.0 1
   11 1579  200  130 45.0 57.0 0
   13 1237  265   43 37.0 78.0 1
   12 1443  333   73 31.0 70.0 1
   13 3351  297  200 34.0 45.0 1
   14  462  200    0 45.0 90.0 1
   15  363  130    0 57.0 90.0 1
