 400  18   1  90
   27 1760  168  168 50.0 50.0 1
   18 1118  193  193 46.0 46.0 1
   18 1338  168  168 50.0 50.0 1
   20 1250  168  168 50.0 50.0 1
   25 1467  214  214 43.0 43.0 1
   25 2891  151  151 53.0 53.0 1
   20 1213  168  168 50.0 50.0 1
   25  709  193    0 46.0 90.0 1
   18  421  135    0 56.0 90.0 1
   22 1724  222    0 42.0 90.0 1
   21 1306  193  168 46.0 50.0 1
   28 1673  207  193 44.0 46.0 0
   26 1121  222  214 42.0 43.0 1
   16 1683  151    0 53.0 90.0 1
   26  989  214  151 43.0 53.0 1
   21  480  222    0 42.0 90.0 1
   17 1067  151    0 53.0 90.0 0
   27 1615  135    0 56.0 90.0 1
