 400  16   1  89
   23  935  120  120 59.0 59.0 1
   22 3107  115  115 60.0 60.0 1
   22 1449  120  120 59.0 59.0 1
   26 3589  120  120 59.0 59.0 1
   29 3445  120  120 59.0 59.0 1
   24  318  120    0 59.0 90.0 1
   24  752  214    0 43.0 90.0 1
   24 3377  214  115 43.0 60.0 0
   31 2873  120    0 59.0 90.0 1
   25  686  214    0 43.0 90.0 0
   21 3040  120    0 59.0 90.0 0
   29 1634  214    0 43.0 90.0 1
   21  766  214    0 43.0 90.0 1
   28 2751  214    0 43.0 90.0 1
   29 2995  214  120 43.0 59.0 1
   22 1207  120  115 59.0 60.0 0
