 400  22   1  90
   20 1627  297  297 34.0 34.0 1
   21 1709  297    0 34.0 90.0 1
   16 1733   98    0 64.0 90.0 1
   17 1288   35    0 80.0 90.0 1
   21 1757  297   98 34.0 64.0 1
   19 1602   98   35 64.0 80.0 0
   12 1210  297   98 34.0 64.0 1
   19 1482   98   35 64.0 80.0 0
   19  543   98   35 64.0 80.0 1
   18 1634   35    0 80.0 90.0 1
   16  752   35    0 80.0 90.0 1
   12  392   98   35 64.0 80.0 1
   12 1199  297    0 34.0 90.0 1
   20 1724   98   35 64.0 80.0 0
   18 3347  297   98 34.0 64.0 1
   22  713  297   35 34.0 80.0 1
   21 3316   98   35 64.0 80.0 1
   19  723  297   35 34.0 80.0 1
   22 1572   98    0 64.0 90.0 1
   18  761   98    0 64.0 90.0 0
   18  645   35    0 80.0 90.0 1
   20  431   35    0 80.0 90.0 1
