 400  18   1  89
   18 2080  193  193 46.0 46.0 1
   27 2985  187  187 47.0 47.0 1
   24  477   65   65 72.0 72.0 0
   21 2988  193  193 46.0 46.0 1
   26 1105  193  193 46.0 46.0 0
   21  967  168   65 50.0 72.0 1
   19 1389  247  187 39.0 47.0 0
   28 1687   65    7 72.0 88.0 1
   21 1846  168   32 50.0 81.0 1
   26 1139    7    0 88.0 90.0 1
   23 2584  247    7 39.0 88.0 1
   26 2618  247    7 39.0 88.0 0
   18 1999  187  168 47.0 50.0 1
   27 3243  247  187 39.0 47.0 1
   16 2306  247  187 39.0 47.0 1
   24 3445  187   32 47.0 81.0 0
   18 1254  247  193 39.0 46.0 1
   17 1052   65   32 72.0 81.0 1
