 400  24   2  92
   18  593  102  102 63.0 63.0 1
   14  611  106  106 62.0 62.0 1
   20 1171  230  230 41.0 41.0 1
   17  949   69   21 71.0 84.0 1
   21 2729  230    0 41.0 90.0 1
   20  744  346   21 30.0 84.0 1
   12 3107  106   21 62.0 84.0 1
   12  917  308   25 33.0 83.0 1
   13 1062  275   25 36.0 83.0 1
   21 1175  193   25 46.0 83.0 1
   21 1607  135   25 56.0 83.0 1
   17  833  275   25 36.0 83.0 1
   19 1337  193   25 46.0 83.0 1
   16 1555  275   25 36.0 83.0 1
   18  600  275    0 36.0 90.0 1
   14  659  135   25 56.0 83.0 1
   13 2875  135   25 56.0 83.0 1
   19  485  135   93 56.0 65.0 1
   18  856  135   93 56.0 65.0 1
   20  661  308    0 33.0 90.0 1
   14  947  135   93 56.0 65.0 1
   14 1022  333  135 31.0 56.0 1
   12  525  187    0 47.0 90.0 1
   17  828   93    0 65.0 90.0 1
