 400  18   1  94
   23 1661  145  145 54.0 54.0 1
   22 1733  346  346 30.0 30.0 1
   23 1374  111  111 61.0 61.0 1
   21  402   69   69 71.0 71.0 0
   21 1498  162  162 51.0 51.0 1
   23  340  168    0 50.0 90.0 1
   22  315   69    0 71.0 90.0 1
   23  625  174   69 49.0 71.0 1
   23 1452  346  174 30.0 49.0 1
   22 1021  168   93 50.0 65.0 1
   21 1553  346  174 30.0 49.0 1
   24 1622  162  145 51.0 54.0 1
   22  726  162   69 51.0 71.0 1
   23 1793  111   93 61.0 65.0 1
   23 1345  200  168 45.0 50.0 0
   21 2757  168   69 50.0 71.0 1
   20 2738  200  111 45.0 61.0 1
   23  852  174   93 49.0 65.0 1
