 400  24   1  94
   17 1306   17   17 85.0 85.0 1
   16  569  130  130 57.0 57.0 1
   17  946    7    7 88.0 88.0 1
   16 1613   17   17 85.0 85.0 1
   18  454    7    7 88.0 88.0 1
   18 1602  156    7 52.0 88.0 1
   16 1786  156    0 52.0 90.0 1
   16  427  130    7 57.0 88.0 1
   16 1639  333    0 31.0 90.0 1
   18 1706  130    0 57.0 90.0 1
   17 1557  308    0 33.0 90.0 1
   16 1533  130    7 57.0 88.0 1
   15  306  130    0 57.0 90.0 1
   15  331   17    7 85.0 88.0 1
   16 1799  308    0 33.0 90.0 1
   17  553  130   17 57.0 85.0 1
   15  582  156    7 52.0 88.0 1
   18 1500  115    0 60.0 90.0 0
   18 3585  308    0 33.0 90.0 1
   18  672  130  115 57.0 60.0 0
   17 3581  308  130 33.0 57.0 0
   18 1220  308  156 33.0 52.0 1
   15 1518  115    7 60.0 88.0 1
   17  483  130   17 57.0 85.0 1
