 400  22   1  94
   17 1240   10   10 87.0 87.0 1
   19 1078   10   10 87.0 87.0 1
   18  875   10   10 87.0 87.0 1
   19 1529   10   10 87.0 87.0 1
   18 1458   10   10 87.0 87.0 1
   19 1672   32   32 81.0 81.0 1
   18 1038   32   10 81.0 87.0 1
   20 3162   32    0 81.0 90.0 1
   16 1259   32   10 81.0 87.0 1
   19  628   10    0 87.0 90.0 1
   18  420   32   10 81.0 87.0 0
   18 1074   10    0 87.0 90.0 1
   19  780   10    0 87.0 90.0 1
   18 1777   10    0 87.0 90.0 1
   20 1198   10    0 87.0 90.0 1
   17 3359   32    0 81.0 90.0 1
   17 1039   32   10 81.0 87.0 1
   16  619   32    0 81.0 90.0 1
   20  410   10    0 87.0 90.0 1
   17 1618   32    0 81.0 90.0 1
   18 1290   10    0 87.0 90.0 1
   19 1098   32    0 81.0 90.0 1
