 400  22   3  95
   18 1487   32   32 81.0 81.0 1
   18  916   32   32 81.0 81.0 0
   16 1635  193   32 46.0 81.0 1
   20 3281   32    0 81.0 90.0 1
   18  640  106    0 62.0 90.0 1
   20 1168  265  156 37.0 52.0 1
   17  734   39    0 79.0 90.0 1
   19 1066   39    0 79.0 90.0 1
   20 1648  156    0 52.0 90.0 1
   18 1690  286  265 35.0 37.0 1
   18 3589  265  156 37.0 52.0 1
   18 1421   57    0 74.0 90.0 1
   17 2596  297   25 34.0 83.0 1
   16  874  275   89 36.0 66.0 1
   20  971  297   57 34.0 74.0 1
   17 1967   57   25 74.0 83.0 1
   17 3235   89   14 66.0 86.0 1
   20 2276   89   25 66.0 83.0 1
   19 3016  106    0 62.0 90.0 0
   19 1055  297   57 34.0 74.0 1
   17 3513  297   25 34.0 83.0 1
   18  817  297   89 34.0 66.0 1
