 400  30   5  96
   14 3095  187    0 47.0 90.0 1
   14 1223  187  102 47.0 63.0 1
   12  426  102    0 63.0 90.0 1
   13 3040  187  102 47.0 63.0 1
   14 1258  187    0 47.0 90.0 1
   13 3559  115   17 60.0 85.0 1
   13 2804  297    0 34.0 90.0 1
   13 1281  297    0 34.0 90.0 1
   12 1432  297   14 34.0 86.0 1
   14 1701  308   17 33.0 85.0 1
   14 2001   65   39 72.0 79.0 1
   12 3283  265  174 37.0 49.0 1
   14 2367  275  265 36.0 37.0 1
   15 2798  174    0 49.0 90.0 1
   12 1356  265  174 37.0 49.0 1
   14 2777  102   39 63.0 79.0 1
   14 2177  102    3 63.0 89.0 1
   12 1765  346    0 30.0 90.0 1
   13  511  106    0 62.0 90.0 1
   12  384  106   17 62.0 85.0 1
   13  594   65    0 72.0 90.0 1
   12 3504  106   17 62.0 85.0 1
   14 3334  346   69 30.0 71.0 1
   14 1383  333   32 31.0 81.0 1
   15 1370  207   73 44.0 70.0 1
   12  802  222    0 42.0 90.0 1
   13 2821   73   32 70.0 81.0 1
   14 1430   73   32 70.0 81.0 1
   15 2901   73   32 70.0 81.0 1
   14  939   98   28 64.0 82.0 1
