 400  22   3  95
   17 2447  130   65 57.0 72.0 1
   17 2467  168  130 50.0 57.0 1
   20 2443   85   43 67.0 78.0 1
   17 1784  308   89 33.0 66.0 0
   19 2644   89    0 66.0 90.0 1
   18 1288  125   57 58.0 74.0 0
   19 2833  125   57 58.0 74.0 1
   20 3289  125   43 58.0 78.0 1
   17 2995   57    0 74.0 90.0 1
   18 3423   57    0 74.0 90.0 1
   20 1376   43    0 78.0 90.0 1
   20  790  308   28 33.0 82.0 1
   19 1710    7    0 88.0 90.0 1
   18 1036  308   28 33.0 82.0 1
   17 1589   50   28 76.0 82.0 1
   18 1490  222   50 42.0 76.0 0
   18 1467  222   28 42.0 82.0 1
   17 1795  308   98 33.0 64.0 1
   20 1924   50   28 76.0 82.0 0
   17 2289  308    7 33.0 88.0 1
   17  871  222    0 42.0 90.0 1
   17 1439   50    0 76.0 90.0 1
