 400  25   3  96
   16 1159   35   35 80.0 80.0 0
   15 3267  130  130 57.0 57.0 1
   16 3530   61   61 73.0 73.0 1
   15  697   32   32 81.0 81.0 1
   16 1123  130    0 57.0 90.0 1
   15  482   32    0 81.0 90.0 0
   16 1041   32    0 81.0 90.0 1
   16  802   61   32 73.0 81.0 1
   15 1655  130   35 57.0 80.0 1
   16 1982  200   39 45.0 79.0 1
   17 1128   39    0 79.0 90.0 1
   17 2922  308  120 33.0 59.0 1
   16 1722  308  135 33.0 56.0 1
   17 2313  135   39 56.0 79.0 1
   15 2907  230   39 41.0 79.0 1
   18 1403  120   39 59.0 79.0 1
   17 1110   39    0 79.0 90.0 1
   16 3505  308  120 33.0 59.0 1
   14 1048  168   93 50.0 65.0 1
   17  696  207   93 44.0 65.0 1
   17 3573   93   93 65.0 65.0 1
   16 3292  214    0 43.0 90.0 1
   17  571  168   93 50.0 65.0 1
   15  810  214   93 43.0 65.0 1
   15 1592  214   61 43.0 73.0 1
