 400  28   1  93
   13  990  238  238 40.0 40.0 1
   14 2602  238  238 40.0 40.0 1
   16 1400  238  238 40.0 40.0 1
   13 3153   57   57 74.0 74.0 1
   15 2675  222  222 42.0 42.0 1
   13  486   46   46 77.0 77.0 1
   13 1286   57   57 74.0 74.0 1
   14 2558   57   57 74.0 74.0 1
   15 2907  238  238 40.0 40.0 1
   14 1005  256  222 38.0 42.0 1
   14 1888  125    0 58.0 90.0 1
   14 2718  256  151 38.0 53.0 1
   16  794  151    0 53.0 90.0 1
   14  913  222  125 42.0 58.0 1
   14  833   57   46 74.0 77.0 1
   15 2684  222  151 42.0 53.0 1
   13 2476  256  151 38.0 53.0 1
   15 3328  151    0 53.0 90.0 1
   13  695   46    0 77.0 90.0 1
   15 2326  256   57 38.0 74.0 1
   14 3166  238   46 40.0 77.0 1
   15 3447  238  125 40.0 58.0 1
   14 1647  256   57 38.0 74.0 0
   15 2696  222   57 42.0 74.0 1
   13 1311  238  125 40.0 58.0 1
   14 3272  238  151 40.0 53.0 1
   16  915  256   46 38.0 77.0 0
   16 1045  238  125 40.0 58.0 1
