 400  15   2  95
   25  923   50   50 76.0 76.0 0
   27 1850  140   50 55.0 76.0 1
   26  658  140  106 55.0 62.0 1
   27 2620   61    0 73.0 90.0 1
   28 1621  140   61 55.0 73.0 1
   28 2735  106   50 62.0 76.0 1
   29 1439  297  238 34.0 40.0 1
   27  321  151    0 53.0 90.0 1
   27  914  297   25 34.0 83.0 1
   27 3218  156    0 52.0 90.0 1
   25 3464  151   25 53.0 83.0 1
   27 1963  297  151 34.0 53.0 0
   25  723  156    0 52.0 90.0 1
   26 1451  156   32 52.0 81.0 1
   26 2928  297   25 34.0 83.0 1
