 400  30   3  95
   13 3323   73   73 70.0 70.0 1
   13 2148   25   25 83.0 83.0 0
   13 1027   69   69 71.0 71.0 1
   14  908  145  145 54.0 54.0 1
   14 2074  145    0 54.0 90.0 1
   12 2647   73   69 70.0 71.0 1
   15 1572  145    0 54.0 90.0 1
   13 3574   57    0 74.0 90.0 1
   14 2450   57    0 74.0 90.0 1
   14 1430  145   57 54.0 74.0 1
   14 2313  145   25 54.0 83.0 1
   13  887  286  135 35.0 56.0 1
   14 3508  286    0 35.0 90.0 1
   12 1914  286    0 35.0 90.0 1
   12 1602  135    0 56.0 90.0 1
   13  962  286    0 35.0 90.0 1
   13  367  135    0 56.0 90.0 1
   14 1993  286  135 35.0 56.0 1
   12  997  286  135 35.0 56.0 1
   14  903  286    0 35.0 90.0 1
   12  756  320   21 32.0 84.0 1
   15 1804  125    0 58.0 90.0 0
   14 2789  125   21 58.0 84.0 1
   13 2708  265    0 37.0 90.0 1
   13 2279  125    0 58.0 90.0 1
   15  668  265    0 37.0 90.0 1
   13 2827  320   21 32.0 84.0 1
   12 2116  320  265 32.0 37.0 1
   13 2927  320  265 32.0 37.0 1
   14 2441  320    0 32.0 90.0 1
