 400  18   1  94
   22  513  106   17 62.0 85.0 1
   21 3478  106   17 62.0 85.0 1
   21 1082   93    0 65.0 90.0 1
   23  440  106   17 62.0 85.0 1
   20 1068  106   93 62.0 65.0 0
   23 1430  106   93 62.0 65.0 1
   22 1213   17    0 85.0 90.0 1
   20 1228  106   93 62.0 65.0 1
   24 1525   17    0 85.0 90.0 1
   22 1661   93    0 65.0 90.0 1
   23 1161  106   17 62.0 85.0 1
   24  975   93    0 65.0 90.0 1
   23 1552   93   17 65.0 85.0 1
   24  914  106   17 62.0 85.0 1
   24  731  106   17 62.0 85.0 1
   22 1354  106   93 62.0 65.0 0
   20  334  106   17 62.0 85.0 1
   22 1313   17    0 85.0 90.0 1
