 400  17   2  95
   24 3181   54   54 75.0 75.0 1
   22 1787   54   54 75.0 75.0 1
   24 2047  238  238 40.0 40.0 1
   25  792  238    0 40.0 90.0 1
   22  363   54    0 75.0 90.0 1
   25 2112  238    0 40.0 90.0 1
   23  640  238   54 40.0 75.0 1
   23 1569   54    0 75.0 90.0 1
   24  512  238    0 40.0 90.0 1
   22 3257   54    0 75.0 90.0 1
   24 2474  238    0 40.0 90.0 1
   23 1152   61    0 73.0 90.0 1
   23 1805   85   61 67.0 73.0 1
   25  970   61    0 73.0 90.0 1
   23 2897   61    0 73.0 90.0 1
   24 2534   61    0 73.0 90.0 1
   24  949   85    0 67.0 90.0 1
