 400  24   2  96
   17 1480  102  102 63.0 63.0 1
   17 3436  238  238 40.0 40.0 1
   17 1106   98   98 64.0 64.0 1
   17 1461    3    3 89.0 89.0 1
   18 1253  156  156 52.0 52.0 1
   16  930  238  102 40.0 63.0 1
   18 1180  238    3 40.0 89.0 1
   17  796  238    3 40.0 89.0 1
   16  505  102    3 63.0 89.0 1
   18  376  102    0 63.0 90.0 1
   16 2754  102    3 63.0 89.0 1
   15 3052   85    0 67.0 90.0 1
   16  841   85   61 67.0 73.0 1
   17  546   85   61 67.0 73.0 0
   18 1372   85    0 67.0 90.0 1
   15 1558   85   61 67.0 73.0 1
   15  349   85   61 67.0 73.0 1
   17 1320   61   10 73.0 87.0 1
   16  383   85   61 67.0 73.0 1
   17  757   85    0 67.0 90.0 1
   16 1266   10    0 87.0 90.0 1
   16 1489   61   10 73.0 87.0 1
   18 1483   61    0 73.0 90.0 1
   17 1324   85   61 67.0 73.0 0
