 400  20   1  93
   21 3436  168  168 50.0 50.0 1
   20  676  135  135 56.0 56.0 1
   18 1452   81   81 68.0 68.0 1
   22 2562  135  135 56.0 56.0 1
   21 1860  275  275 36.0 36.0 1
   19  329   77   77 69.0 69.0 1
   19 2751  111  111 61.0 61.0 1
   19 2856  275  275 36.0 36.0 1
   21 1792  168  135 50.0 56.0 0
   21 1667  247  111 39.0 61.0 1
   18 3440  168   81 50.0 68.0 1
   19 2558  168  111 50.0 61.0 0
   20 3218  168  135 50.0 56.0 1
   22 1667   77    0 69.0 90.0 1
   22 1478  275    0 36.0 90.0 1
   21 2379  275  111 36.0 61.0 1
   19 3128  168    0 50.0 90.0 1
   19 2350  247  168 39.0 50.0 0
   19 2147  275    0 36.0 90.0 1
   20 2290  247   77 39.0 69.0 1
