 400  20   1  93
   19  770  168  162 50.0 51.0 1
   21 2619  162    0 51.0 90.0 1
   19 1045  162    0 51.0 90.0 1
   22 3389  168    0 50.0 90.0 1
   19  960  162    0 51.0 90.0 1
   21 3486  168  162 50.0 51.0 1
   18 3455  168  162 50.0 51.0 1
   21 1373  168  162 50.0 51.0 1
   19 1159  168    0 50.0 90.0 1
   20  459  162    0 51.0 90.0 1
   18 2262  162    0 51.0 90.0 1
   22 3466  162    0 51.0 90.0 1
   20 1926  168  162 50.0 51.0 1
   19 2289  168  162 50.0 51.0 1
   21 3230  168  162 50.0 51.0 1
   20 1446  168  162 50.0 51.0 1
   21 3456  168    0 50.0 90.0 1
   19 1664  168    0 50.0 90.0 1
   19 2977  162    0 51.0 90.0 1
   22 3435  162    0 51.0 90.0 1
