 400  15   2  96
   24 3049  333  333 31.0 31.0 1
   28 1261   69   69 71.0 71.0 1
   27 1138   69   39 71.0 79.0 1
   27 1022   69   28 71.0 82.0 1
   27 1477  333   69 31.0 71.0 1
   25  774   98    0 64.0 90.0 1
   25 1218   39   28 79.0 82.0 1
   27 1179   98   69 64.0 71.0 1
   28  727   17    0 85.0 90.0 1
   26  352   17    0 85.0 90.0 1
   27 2719  308   17 33.0 85.0 1
   28  835  346    0 30.0 90.0 1
   25 1637  308   17 33.0 85.0 1
   28  565   17    0 85.0 90.0 1
   28  872  308    0 33.0 90.0 1
