 400  23   1  93
   19 2024   57   57 74.0 74.0 1
   16  630  125  125 58.0 58.0 1
   18 2487   57   57 74.0 74.0 1
   18 2628  125    0 58.0 90.0 1
   19 2900  320    0 32.0 90.0 1
   17 1335  320  187 32.0 47.0 1
   16 1663  125   57 58.0 74.0 1
   16 1485  187  125 47.0 58.0 1
   19  788  125    0 58.0 90.0 1
   17  601  187    0 47.0 90.0 1
   17 2292  308   57 33.0 74.0 1
   16 1559   57    0 74.0 90.0 1
   18 2628  187   57 47.0 74.0 0
   18 1809  187   57 47.0 74.0 1
   16  847  125   57 58.0 74.0 1
   19 2083  320  125 32.0 58.0 1
   16 3097  187  125 47.0 58.0 1
   19  571   57    0 74.0 90.0 1
   18 1976  125   57 58.0 74.0 1
   19 3292  320  125 32.0 58.0 1
   16 1773  308    0 33.0 90.0 1
   16 2275   57    0 74.0 90.0 1
   17 1906  125  125 58.0 58.0 1
