 400  22   1  93
   18 1429  145  145 54.0 54.0 1
   17 1055  230  156 41.0 52.0 1
   18 2809  230  156 41.0 52.0 1
   19 1960  120   46 59.0 77.0 1
   18  690  156    0 52.0 90.0 1
   17 2021  230   46 41.0 77.0 1
   19 1395  230  145 41.0 54.0 1
   17 2632  145   77 54.0 69.0 0
   17  950   77   46 69.0 77.0 1
   18 1656  230   46 41.0 77.0 1
   19 1820  145  120 54.0 59.0 0
   18 2144  145  111 54.0 61.0 1
   17 3063  156  111 52.0 61.0 1
   19 1079  120  111 59.0 61.0 1
   20  652  156   46 52.0 77.0 1
   19 1897  156    0 52.0 90.0 1
   19 3062  111   46 61.0 77.0 1
   20  486  120  111 59.0 61.0 1
   17 3339  156   77 52.0 69.0 1
   20 1516  156   46 52.0 77.0 1
   17 3343  145  120 54.0 59.0 0
   17 2512  156  156 52.0 52.0 0
