 400  18   1  93
   20 2391   57   57 74.0 74.0 1
   21  724   69   43 71.0 78.0 1
   22 3186  346   46 30.0 77.0 1
   23 1273  346  135 30.0 56.0 1
   21  969  346   43 30.0 78.0 1
   23 2985   46   43 77.0 78.0 1
   24 2323   57   43 74.0 78.0 1
   24 2002  230   25 41.0 83.0 1
   23 3278  230   43 41.0 78.0 1
   23 2023  346    0 30.0 90.0 1
   21 2964  346   57 30.0 74.0 1
   22 1334  135   43 56.0 78.0 1
   21 2917   69   43 71.0 78.0 1
   22 3249  230   46 41.0 77.0 1
   21 1454   43   25 78.0 83.0 1
   23 1468  346    0 30.0 90.0 1
   23  681   43   43 78.0 78.0 0
   23  378   25    0 83.0 90.0 1
