 400  28   5  96
   14 2738  140    0 55.0 90.0 1
   13 3162  222  140 42.0 55.0 1
   15 1508  180  140 48.0 55.0 1
   15  543  200    0 45.0 90.0 1
   15  699  180    0 48.0 90.0 1
   13 3445  286    0 35.0 90.0 1
   13 1007  115   39 60.0 79.0 1
   14  749   39    0 79.0 90.0 1
   13 1384  115   39 60.0 79.0 1
   16 1790  162   39 51.0 79.0 0
   15  904  286    0 35.0 90.0 0
   13 1362   32    0 81.0 90.0 1
   14 3022  286    0 35.0 90.0 1
   15 1158   32    0 81.0 90.0 1
   15 3129   32    0 81.0 90.0 1
   15  605  286    0 35.0 90.0 1
   15 1183  125   35 58.0 80.0 1
   15 3581  214    0 43.0 90.0 1
   14 1963  156    0 52.0 90.0 0
   14  759  222  125 42.0 58.0 1
   13  905  214   35 43.0 80.0 0
   15 2900  125    0 58.0 90.0 1
   15 1927  222    0 42.0 90.0 1
   16 3104   57    0 74.0 90.0 1
   14  673  222   57 42.0 74.0 0
   16 1678  222   57 42.0 74.0 1
   13 3597  222    0 42.0 90.0 1
   12 1871   57    0 74.0 90.0 1
