 400  28   4  96
   15 1622    3    3 89.0 89.0 1
   13 1399  187  187 47.0 47.0 1
   15  386    3    3 89.0 89.0 1
   15 1633  106    3 62.0 89.0 1
   14 2731  106    0 62.0 90.0 1
   14  906    3    0 89.0 90.0 0
   15 3134  106    3 62.0 89.0 1
   15 1030  106    3 62.0 89.0 1
   14 2894   57    0 74.0 90.0 1
   14 1009  174   32 49.0 81.0 1
   14  736  174    0 49.0 90.0 0
   15  649  230   73 41.0 70.0 1
   13 2963  346  174 30.0 49.0 1
   13 2537  125   35 58.0 80.0 1
   15  334  106   35 62.0 80.0 1
   13  564   17    0 85.0 90.0 1
   15 2946  130   17 57.0 85.0 1
   16  533  125    0 58.0 90.0 1
   14 2487   35   17 80.0 85.0 1
   14 1204  130   35 57.0 80.0 1
   14 1951  130   17 57.0 85.0 0
   15  869  207   73 44.0 70.0 1
   14 1341   10    0 87.0 90.0 1
   14 3065  333  102 31.0 63.0 0
   14 2925  207   10 44.0 87.0 1
   13  393  102   10 63.0 87.0 0
   14  956  135    0 56.0 90.0 1
   16 1344  135    0 56.0 90.0 1
