 400  24   2  95
   17  586   25   25 83.0 83.0 1
   16 1896   25   25 83.0 83.0 1
   18 1774  187  187 47.0 47.0 1
   17 2439  333  333 31.0 31.0 0
   15 3135  187  187 47.0 47.0 0
   16  789  187   69 47.0 71.0 0
   17 1283   69   25 71.0 83.0 1
   18  308   25    0 83.0 90.0 1
   16 3011  145    0 54.0 90.0 1
   17  607  187    0 47.0 90.0 1
   16  336   69   25 71.0 83.0 1
   16  965  187   69 47.0 71.0 1
   18  711  102   69 63.0 71.0 1
   17 1102   69   69 71.0 71.0 1
   15 2599   69   39 71.0 79.0 1
   16 1516   69   69 71.0 71.0 1
   17 2336  102   39 63.0 79.0 0
   18 1294   69    0 71.0 90.0 1
   18 2685  102    0 63.0 90.0 1
   17 3067   69    0 71.0 90.0 1
   18 1878   69    0 71.0 90.0 0
   15 3476   69   39 71.0 79.0 1
   17 3246   69   39 71.0 79.0 1
   15 1305  102   69 63.0 71.0 1
