 400  27   1  94
   15 1661   54   54 75.0 75.0 1
   16 1618  168   69 50.0 71.0 1
   13 1497  140   69 55.0 71.0 1
   16  382   54    0 75.0 90.0 1
   15 1548  168  168 50.0 50.0 1
   13 1750  140    0 55.0 90.0 1
   16 1413   69    0 71.0 90.0 1
   16  903   54    0 75.0 90.0 1
   15  918  168   69 50.0 71.0 0
   16  923  168   69 50.0 71.0 1
   14 1712   54    0 75.0 90.0 1
   14  517  168   69 50.0 71.0 1
   13 1539   69    0 71.0 90.0 1
   14  543   69   54 71.0 75.0 1
   16 1256  168  168 50.0 50.0 1
   15 3039   69   54 71.0 75.0 0
   15 1551  140   69 55.0 71.0 1
   15  639  168    0 50.0 90.0 1
   16  887  140    0 55.0 90.0 0
   14 1673  168   54 50.0 75.0 1
   13  444  168   54 50.0 75.0 1
   16  410   54    0 75.0 90.0 1
   16 1712  140   69 55.0 71.0 1
   14 1096  140   54 55.0 75.0 1
   14 1518  168  168 50.0 50.0 1
   14 1104  168   54 50.0 75.0 1
   16 3002  168  168 50.0 50.0 1
