 400  25   3  95
   17 1627  275  275 36.0 36.0 1
   17 3330   21   14 84.0 86.0 1
   15 2805  275   43 36.0 78.0 1
   15 1108   43    0 78.0 90.0 0
   16 3200  120   21 59.0 84.0 0
   17 2437  275  151 36.0 53.0 1
   16  672   81   77 68.0 69.0 1
   15 2801  111    0 61.0 90.0 0
   16 3082   77   35 69.0 80.0 1
   16  814  247   77 39.0 69.0 1
   14 2924   81   35 68.0 80.0 1
   17 1106   77    0 69.0 90.0 1
   18 2539  187  130 47.0 57.0 1
   17 1321  187  130 47.0 57.0 1
   15 3244  187    0 47.0 90.0 1
   16 3384  130    0 57.0 90.0 1
   16  344  130    0 57.0 90.0 1
   17  909  187    0 47.0 90.0 1
   16 2282  187    0 47.0 90.0 1
   15 3495  130    0 57.0 90.0 1
   16  784  130    0 57.0 90.0 1
   15  622  130    0 57.0 90.0 1
   18 2055  187    0 47.0 90.0 1
   15 2307  187    0 47.0 90.0 1
   15 2312  130    0 57.0 90.0 1
