 400  30   1  93
   14 3472  187  151 47.0 53.0 1
   14 1024  151   32 53.0 81.0 1
   15  602   93   39 65.0 79.0 0
   12 2072   32    0 81.0 90.0 1
   12 2843  187   61 47.0 73.0 1
   13  979  151  130 53.0 57.0 0
   15 2178  187  130 47.0 57.0 1
   14 2236  187  151 47.0 53.0 1
   15 1087  187   61 47.0 73.0 1
   14 2144  151  130 53.0 57.0 1
   13 3082  187   61 47.0 73.0 1
   12 2040   39    0 79.0 90.0 1
   12 2109   61    0 73.0 90.0 1
   13  580   32    0 81.0 90.0 1
   12 2755  151   93 53.0 65.0 1
   14 3416   93   61 65.0 73.0 1
   13 3097  187   39 47.0 79.0 1
   15 2472  130   39 57.0 79.0 1
   15 2407  151   39 53.0 79.0 1
   14 3315   93   39 65.0 79.0 1
   13  865   61   39 73.0 79.0 1
   14 2568   93   61 65.0 73.0 1
   14  491   39    0 79.0 90.0 1
   12 1235  130   61 57.0 73.0 1
   12 1377   93   32 65.0 81.0 1
   12 1360  187   32 47.0 81.0 1
   12 1192  151   39 53.0 79.0 1
   15 1563  151   61 53.0 73.0 1
   13  405   93   39 65.0 79.0 1
   12 2243  151   61 53.0 73.0 1
