 400  17   1  94
   25 1550  200  200 45.0 45.0 1
   25  800  200  200 45.0 45.0 1
   24 1258  200  200 45.0 45.0 1
   25  977  200  200 45.0 45.0 1
   23 1332  333  333 31.0 31.0 1
   22  800  200  200 45.0 45.0 1
   23 3065  200  200 45.0 45.0 1
   26 1652  200    0 45.0 90.0 1
   24  846  333    0 31.0 90.0 1
   24  629  200    0 45.0 90.0 1
   22 2740  333    0 31.0 90.0 1
   25  613  200    0 45.0 90.0 1
   22  400  200    0 45.0 90.0 1
   23 1363  200    0 45.0 90.0 1
   22  543  200    0 45.0 90.0 1
   23 1180  200    0 45.0 90.0 1
   22  678  200    0 45.0 90.0 1
