 400  17   1  94
   24 1633   81   81 68.0 68.0 1
   24 1443   81   81 68.0 68.0 1
   25  981   81   81 68.0 68.0 1
   25 3227   81   81 68.0 68.0 1
   23  552   81   81 68.0 68.0 1
   25  497   81   81 68.0 68.0 1
   23 1645  222  222 42.0 42.0 1
   23 3437   81   81 68.0 68.0 1
   22 1689  222    0 42.0 90.0 1
   25 1167   81    0 68.0 90.0 1
   23  469   81    0 68.0 90.0 1
   23 1256   81    0 68.0 90.0 1
   22  844  222    0 42.0 90.0 1
   22 1511   81    0 68.0 90.0 1
   24 1348  222   81 42.0 68.0 1
   23 1329  222   81 42.0 68.0 1
   24  701  222   81 42.0 68.0 1
