 400  28   2  95
   15  824  156  156 52.0 52.0 1
   15 1508   65   65 72.0 72.0 1
   15  348   65   65 72.0 72.0 1
   16 2934  156  156 52.0 52.0 1
   13 1558   54   54 75.0 75.0 1
   15 3175  156   14 52.0 86.0 1
   13 3129  156  106 52.0 62.0 1
   14 1720  156    0 52.0 90.0 1
   13 1487  156    0 52.0 90.0 1
   15  384  106   65 62.0 72.0 1
   15 1987   14    0 86.0 90.0 1
   14 3529   65   54 72.0 75.0 1
   13 1106  106   14 62.0 86.0 1
   14  329   14    0 86.0 90.0 0
   14 1873   65    0 72.0 90.0 1
   14 1885  106   14 62.0 86.0 1
   13 2610  106   65 62.0 72.0 1
   15 2031  106   14 62.0 86.0 1
   14 2139  106   14 62.0 86.0 1
   16  797  308   35 33.0 80.0 1
   14  959  256  162 38.0 51.0 1
   16 3172  162   32 51.0 81.0 1
   14  647  256   32 38.0 81.0 1
   14  679  162   32 51.0 81.0 1
   14  929   10    0 87.0 90.0 1
   14 1341  308    7 33.0 88.0 1
   15  957   35   10 80.0 87.0 1
   13 2665  256  120 38.0 59.0 1
