 400  28   1  93
   14 1213   39   39 79.0 79.0 1
   16 1262  275  275 36.0 36.0 1
   13 2215  275  275 36.0 36.0 1
   14  379   39   39 79.0 79.0 1
   13 1447   39   39 79.0 79.0 1
   13 1835   39   39 79.0 79.0 1
   13 1367  275  275 36.0 36.0 1
   15 2920  275  275 36.0 36.0 0
   13 1078   39   39 79.0 79.0 1
   14 2536   39   39 79.0 79.0 1
   13  462   39   39 79.0 79.0 0
   15 1549  140    0 55.0 90.0 0
   15  399  140   39 55.0 79.0 1
   14  426  140   39 55.0 79.0 1
   15 1143  275    0 36.0 90.0 0
   15  559  275    0 36.0 90.0 1
   15  902  140   39 55.0 79.0 1
   14  534  140   39 55.0 79.0 1
   15 2620  140   39 55.0 79.0 1
   15 3555  140    0 55.0 90.0 1
   15 1619  140    0 55.0 90.0 1
   14 1891  275  140 36.0 55.0 0
   14 2618  275    0 36.0 90.0 0
   15 1262  275   39 36.0 79.0 1
   14 1069   39    0 79.0 90.0 1
   14  635  140    0 55.0 90.0 1
   15 1372  275  140 36.0 55.0 1
   15 1394  275   39 36.0 79.0 1
