 400  15   3  96
   26 1165  130  130 57.0 57.0 0
   26 1179  286  286 35.0 35.0 1
   26 2923  187    0 47.0 90.0 1
   26 3227  286   10 35.0 87.0 1
   27  762  222   21 42.0 84.0 1
   28 2842  140   85 55.0 67.0 1
   26 2981  140   65 55.0 72.0 1
   27 1445   85   35 67.0 80.0 1
   27 2256  140  111 55.0 61.0 1
   27  357   85   35 67.0 80.0 1
   26 3316  174    0 49.0 90.0 1
   26 3429  174  125 49.0 58.0 1
   26 1347  174  125 49.0 58.0 1
   28 1159  125    0 58.0 90.0 1
   28 1709  174    0 49.0 90.0 1
