 400  15   1  94
   25 1681   61   61 73.0 73.0 1
   25 1412  120  120 59.0 59.0 1
   27 1793  346  346 30.0 30.0 1
   27  698  111  111 61.0 61.0 1
   28 1116   61   61 73.0 73.0 1
   26 1097   32   32 81.0 81.0 1
   27 1098   32   32 81.0 81.0 0
   27 1507  346   81 30.0 68.0 1
   25 3503  168   32 50.0 81.0 1
   25 1570   61    0 73.0 90.0 1
   28 1541  111    0 61.0 90.0 0
   29 1785   32    0 81.0 90.0 0
   27 1146  120   77 59.0 69.0 1
   27 1787  346   32 30.0 81.0 1
   27  365  111   32 61.0 81.0 1
