 400  20   1  94
   21 1350  256  256 38.0 38.0 1
   19 1629  256  256 38.0 38.0 1
   19  886  151  151 53.0 53.0 1
   22 1530  151  151 53.0 53.0 1
   21  402   14   14 86.0 86.0 0
   22 1693   98   98 64.0 64.0 0
   19  349   14   14 86.0 86.0 1
   19 1699  180  180 48.0 48.0 0
   21 1167   14   14 86.0 86.0 0
   18  627   69   69 71.0 71.0 1
   20 1606  151   69 53.0 71.0 1
   19 1228  286  151 35.0 53.0 1
   20  473  180    0 48.0 90.0 1
   20 1339  256  151 38.0 53.0 1
   20  443  180    0 48.0 90.0 1
   19  436   69    0 71.0 90.0 1
   18  843  151    0 53.0 90.0 1
   22 1220  286   14 35.0 86.0 1
   22  568  180   69 48.0 71.0 1
   19 3594  256   69 38.0 71.0 1
