 500  17   2  99
    7 2570   45   45 66.0 66.0 1
   40 2195  111  111 42.0 42.0 1
   25 1162  119   45 40.0 66.0 1
   20 1361  119  111 40.0 42.0 0
    4 2587  138  119 36.0 40.0 0
   46 2083   60   11 59.0 84.0 1
    1 3466  138  119 36.0 40.0 1
   10 3386  119   11 40.0 84.0 1
   43 2584  119   45 40.0 66.0 1
    9  371  119   60 40.0 59.0 1
   53  445   60   11 59.0 84.0 1
   46  395   70   58 55.0 60.0 1
   48  332   70    0 55.0 90.0 1
   32 2897   65    0 57.0 90.0 0
   39 1067   70    0 55.0 90.0 0
   28 2335   65   58 57.0 60.0 1
   49 2818   65    0 57.0 90.0 0
