 500  27   1  98
   31  485  119  119 40.0 40.0 1
   30  724   58   58 60.0 60.0 1
   10 1307   27   27 75.0 75.0 1
   23 1616   27   27 75.0 75.0 1
   29 2995   84   84 50.0 50.0 1
   30  778   58   58 60.0 60.0 1
   20 1351   84   84 50.0 50.0 1
   18  753   25   25 76.0 76.0 1
    4 1231   58   58 60.0 60.0 1
   16 2897  119  119 40.0 40.0 1
    6 1018   42   25 67.0 76.0 1
    4 1653   62   42 58.0 67.0 1
   15  923   90   62 48.0 58.0 1
   28 1309  115   62 41.0 58.0 0
   26 1240  119   84 40.0 50.0 1
   24 1554   90   62 48.0 58.0 1
   26 1156   62   27 58.0 75.0 1
   12 1720  115   27 41.0 75.0 1
   33 1551   90   25 48.0 76.0 1
   33 1688   27    0 75.0 90.0 1
    1 1617  115    0 41.0 90.0 0
   14  499  115   25 41.0 76.0 1
    1 1077   42   25 67.0 76.0 1
    8  573   58    0 60.0 90.0 1
   15 1046   84   58 50.0 60.0 1
   31 1600  115   58 41.0 60.0 1
   12  609   84   58 50.0 60.0 1
