 500  29   2 100
   23 1475   42   42 67.0 67.0 1
   33  989   40   40 68.0 68.0 0
    5  394   23   23 77.0 77.0 1
   18 3418  160   70 32.0 55.0 1
   37 2702  128   40 38.0 68.0 1
   14  751   42   23 67.0 77.0 1
    3 1713   40    0 68.0 90.0 1
   21 1663  128   70 38.0 55.0 1
    7  431  128   40 38.0 68.0 1
    2 1362  160    0 32.0 90.0 1
   32  879   45    0 66.0 90.0 1
    8 1524   70   42 55.0 67.0 1
    1 1098   70   23 55.0 77.0 1
   15  340  128   42 38.0 67.0 1
   31 3116  143   93 35.0 47.0 1
   25 3252  143   93 35.0 47.0 1
   30 2862   93    0 47.0 90.0 1
    8 1656   93    0 47.0 90.0 1
   17 2279   93   93 47.0 47.0 0
   15 1292   93   93 47.0 47.0 1
   13 1401  143   93 35.0 47.0 0
    3 1337   93    0 47.0 90.0 1
   15 3217  143   93 35.0 47.0 1
    3 2222   93    0 47.0 90.0 1
   33 1341   93   93 47.0 47.0 1
   31 2188  143    0 35.0 90.0 1
   31 2294  143   93 35.0 47.0 1
   23 3199  143   93 35.0 47.0 1
    3  317   93    0 47.0 90.0 1
