 500  27   3  99
   11  656  119  119 40.0 40.0 1
    7 1515  160  160 32.0 32.0 1
   21 2586  119  115 40.0 41.0 1
    5 1080  160  119 32.0 40.0 1
   21 1058  119    0 40.0 90.0 1
   28 2424  138    0 36.0 90.0 1
   20 2882  119   73 40.0 54.0 1
    1 1305   75   12 53.0 83.0 1
   34 1505   75   12 53.0 83.0 1
   13 3383   12    0 83.0 90.0 1
   18 1662   75   12 53.0 83.0 1
   36 2889   45   12 66.0 83.0 1
    4 1325   58   45 60.0 66.0 1
   13 2773   75   12 53.0 83.0 1
   32  523   75   58 53.0 60.0 1
   11 2873   75   47 53.0 65.0 1
   29 3507   75   47 53.0 65.0 1
   14 3382  138  123 36.0 39.0 1
   12 1906   75    0 53.0 90.0 1
   19 3113   75   16 53.0 81.0 1
   18 2678  138   16 36.0 81.0 0
   22 2072   75   16 53.0 81.0 1
   30 1970   75   16 53.0 81.0 1
   14  320   47    0 65.0 90.0 1
   33  331  123   16 39.0 81.0 1
   27 2470   75   47 53.0 65.0 1
    7 2585  123    0 39.0 90.0 1
