 500  17   1  98
   22 3130  148  148 34.0 34.0 0
   51 1388   73   73 54.0 54.0 1
   18  806  148  148 34.0 34.0 0
   45 3345   73   29 54.0 74.0 1
   29  560   81   29 51.0 74.0 1
   47  701   23   11 77.0 84.0 1
   24  816  148   29 34.0 74.0 1
   15  621   73    0 54.0 90.0 1
   39 1126   73   11 54.0 84.0 1
   36 1491   81   29 51.0 74.0 0
   19 1303   11    0 84.0 90.0 1
   12 1299   23   11 77.0 84.0 1
   18  636  148   81 34.0 51.0 1
   25 1327  148   29 34.0 74.0 1
   43  424  148   11 34.0 84.0 1
   47 1124  148   11 34.0 84.0 1
   10 1484  148   18 34.0 80.0 1
