 500  21   4  99
   46 2087    5    5 87.0 87.0 0
   18 2901   70   29 55.0 74.0 1
   45  500    5    0 87.0 90.0 1
   13 2006    5    0 87.0 90.0 1
   36 3171   29    5 74.0 87.0 1
   12 3113   58    7 60.0 86.0 1
    4 3551    7    0 86.0 90.0 1
   42 3070   58    0 60.0 90.0 1
   24 1351   58    7 60.0 86.0 1
   22 2323    7    0 86.0 90.0 1
    6 2356  111   93 42.0 47.0 1
   31  707  138  111 36.0 42.0 1
   41 1774  111    0 42.0 90.0 0
   32 2536   49   49 64.0 64.0 1
   17 1940   49    0 64.0 90.0 1
    9 2812   47    0 65.0 90.0 1
    9 2918  166   47 31.0 65.0 1
   16 1810  166    0 31.0 90.0 0
   22 2524   47    0 65.0 90.0 1
   14 2835  166   47 31.0 65.0 1
   41 2456   47    0 65.0 90.0 1
