 500  17   2 100
   14 2968   40   40 68.0 68.0 1
   46 1165   93   40 47.0 68.0 1
   30  616  173    0 30.0 90.0 1
   44 2880  173   32 30.0 72.0 1
    1 1784  173   93 30.0 47.0 1
   14 1312  107    5 43.0 87.0 1
   49 1641   42    5 67.0 87.0 1
   19 1449   70   23 55.0 77.0 1
    6  721    5    0 87.0 90.0 1
   36 1798  107    5 43.0 87.0 1
   40 1515  107    5 43.0 87.0 1
   22  614   42   11 67.0 84.0 1
   48 3565   58   42 60.0 67.0 1
   40 1055  107   70 43.0 55.0 1
   20  674   23    5 77.0 87.0 1
   35  905   11    5 84.0 87.0 1
   36  926   70   42 55.0 67.0 1
