 500  28   2 100
   23 1494   84   84 50.0 50.0 1
   26 1535   84   84 50.0 50.0 1
   15 1386   93   93 47.0 47.0 0
   29 1741   93   84 47.0 50.0 1
    9 1292   93   18 47.0 80.0 1
   32 1354   84   18 50.0 80.0 1
    6 2937   93    0 47.0 90.0 0
    5 1332   84    0 50.0 90.0 1
   10 1202   84   18 50.0 80.0 1
   30  387   18    0 80.0 90.0 1
   11 1730   84    0 50.0 90.0 1
   17  600   84    0 50.0 90.0 1
   21  814   84    0 50.0 90.0 1
   17 1405   93   18 47.0 80.0 1
    4 1240   87   11 49.0 84.0 1
   19 1463  143  133 35.0 37.0 1
   28 1342   38   11 69.0 84.0 1
   31  521   27    0 75.0 90.0 1
    3  424   87    0 49.0 90.0 1
   22  547  148   87 34.0 49.0 1
   12 1123  148   27 34.0 75.0 1
    4 3348  148   38 34.0 69.0 0
   17  573  133    0 37.0 90.0 1
   25  322   27   11 75.0 84.0 1
   26  634   38   11 69.0 84.0 1
   10 1754   11    0 84.0 90.0 1
   20 1381  133   38 37.0 69.0 1
   28 1695   87   38 49.0 69.0 1
