 500  25   1  97
   13 3314  119  119 40.0 40.0 1
   38 2330  119  119 40.0 40.0 1
   24 3506   53   53 62.0 62.0 1
    4 2788    2    2 89.0 89.0 1
   20 1072  154  154 33.0 33.0 1
   33 2133   67   67 56.0 56.0 1
   41 3151  119  119 40.0 40.0 1
   20 3482  128  128 38.0 38.0 0
    7 1204   67   67 56.0 56.0 1
   23 1062  128   81 38.0 51.0 1
   32 3394   67   53 56.0 62.0 0
   36 3314  119   67 40.0 56.0 1
    3 1776  154   53 33.0 62.0 1
    4 3465   67   34 56.0 71.0 1
   31  616  128  119 38.0 40.0 1
   15 3309   67    0 56.0 90.0 1
   21 3341   34    0 71.0 90.0 1
    7 1516  119   34 40.0 71.0 1
   21 2547   67   53 56.0 62.0 1
   27 1309   67   34 56.0 71.0 1
   10  309   81   53 51.0 62.0 1
   21 1765  154   81 33.0 51.0 1
   12  637  119    0 40.0 90.0 1
   30 3213   81   34 51.0 71.0 1
    7 2319   67    2 56.0 89.0 1
