 500  21   1  97
    8 1269   12   12 83.0 83.0 1
    7 1808   12   12 83.0 83.0 0
    7 2405  148  148 34.0 34.0 1
   22 2342  133  133 37.0 37.0 1
   30 3002   32   32 72.0 72.0 1
   18  845   19   19 79.0 79.0 1
   30 1695   19   19 79.0 79.0 1
    1 2682  148  148 34.0 34.0 1
   43  724   27   27 75.0 75.0 0
   17 1865   32   32 72.0 72.0 1
   28  543  148   19 34.0 79.0 1
   26 1113  148    0 34.0 90.0 1
    1  353   27   12 75.0 83.0 1
   32 3420   27   19 75.0 79.0 1
   23 3418  133   32 37.0 72.0 1
   31 1095   27    0 75.0 90.0 1
   18 1620  133    0 37.0 90.0 1
   50 2021   32   19 72.0 79.0 1
   44 2423   19   19 79.0 79.0 1
   35 1675  133   19 37.0 79.0 1
   29 3343   27   19 75.0 79.0 1
