 500  15   3 100
   13 1286  107   12 43.0 83.0 1
   42 1122   93    0 47.0 90.0 1
   52  880   31    0 73.0 90.0 1
    4 2782  107   31 43.0 73.0 1
   21 3412   93   31 47.0 73.0 1
   60 1047   38    0 69.0 90.0 1
   35 1133  104   38 44.0 69.0 1
    3 1382   38    0 69.0 90.0 1
   50 2831   65   38 57.0 69.0 0
   51 2921  104   38 44.0 69.0 1
   41  987   11    0 84.0 90.0 1
   39  672   60   19 59.0 79.0 1
   34 2742   60    0 59.0 90.0 1
   22 1558  111   19 42.0 79.0 1
   33  834   11    0 84.0 90.0 0
