 500  21   4  99
   39 2522   73   73 54.0 54.0 1
   35  755   32   32 72.0 72.0 1
   38 2291  138  107 36.0 43.0 1
    4 2728   36   29 70.0 74.0 0
   34 2448  138   73 36.0 54.0 1
    7  337   73    0 54.0 90.0 1
   27 3546   93   38 47.0 69.0 1
   23 3181   93   47 47.0 65.0 0
   13 2962   93   38 47.0 69.0 1
   34 1398  160  115 32.0 41.0 1
   32 2824  115   93 41.0 47.0 1
   28 1499   53    5 62.0 87.0 1
   14  541   62    0 58.0 90.0 1
   22 2107   12    5 83.0 87.0 1
   23  692  138   53 36.0 62.0 1
   12 2207   53   47 62.0 65.0 1
   21  897  115    0 41.0 90.0 1
    1 2738  115    0 41.0 90.0 0
   38 2451  107    0 43.0 90.0 1
   26 2666  107    0 43.0 90.0 1
   29  489  115  107 41.0 43.0 1
