 500  19   1  98
    4 1642  128  128 38.0 38.0 1
   21  538   97   97 46.0 46.0 1
   50 1114  128  128 38.0 38.0 1
   52  325   97    0 46.0 90.0 1
   44  557  104  104 44.0 44.0 1
   26 1263   97   97 46.0 46.0 1
   48 1539   97   97 46.0 46.0 1
   29  803  128  104 38.0 44.0 1
   48 2907  128  104 38.0 44.0 1
   14 1310  128    0 38.0 90.0 1
    1  842  128  104 38.0 44.0 1
   27  405  104   97 44.0 46.0 1
    1 1397  104    0 44.0 90.0 1
   17 1712  128  104 38.0 44.0 1
    9 1708  128   97 38.0 46.0 1
   30 1171   97    0 46.0 90.0 1
    5  915  128  104 38.0 44.0 1
   44  497  128    0 38.0 90.0 1
   30  761   97    0 46.0 90.0 1
