 500  24   1  98
    3 1330    9    9 85.0 85.0 1
   13 1143   67   67 56.0 56.0 1
    6 1348   67   67 56.0 56.0 0
   31 1346  160  160 32.0 32.0 1
    4 1167   67   67 56.0 56.0 0
   33  887   51   51 63.0 63.0 1
   14 1475    9    9 85.0 85.0 1
   31 1660  160  160 32.0 32.0 1
   14  401   67   67 56.0 56.0 1
   18  775    5    5 87.0 87.0 0
   22 1517    9    9 85.0 85.0 1
   33  488    5    5 87.0 87.0 1
   18 3301    9    5 85.0 87.0 1
   10  933   67   32 56.0 72.0 1
   10  641    5    0 87.0 90.0 1
    3 1694   19    9 79.0 85.0 0
   42  433  160   32 32.0 72.0 0
   39  675   67    9 56.0 85.0 1
   29 1518  160    9 32.0 85.0 1
   15 1298    5    0 87.0 90.0 1
   11  796  160   67 32.0 56.0 1
   42  932  160    5 32.0 87.0 0
   37  710   32   19 72.0 79.0 1
   22 1610   32    0 72.0 90.0 1
