 500  28   3 100
   33 2709  166  166 31.0 31.0 1
   12 1171  166   21 31.0 78.0 1
   28  410  138   21 36.0 78.0 1
   23 1595  138   21 36.0 78.0 1
   17 3076  138   29 36.0 74.0 1
    1  835   53   11 62.0 84.0 1
   22 1379  166   11 31.0 84.0 1
    1 3061   53   11 62.0 84.0 1
    8 1166  166    0 31.0 90.0 1
   21 1746  166    2 31.0 89.0 1
   29 2683   53   11 62.0 84.0 1
    1 3427   12    0 83.0 90.0 1
   17 1871  166   12 31.0 83.0 1
    4 1634   12   11 83.0 84.0 0
   32 1987  166   53 31.0 62.0 1
   23  930   53    2 62.0 89.0 0
    5 1230   11    9 84.0 85.0 1
   34  344   97    9 46.0 85.0 1
   11 1694    9    0 85.0 90.0 1
   10  581    9    0 85.0 90.0 1
   34  837   23   14 77.0 82.0 1
   15 3178   40   14 68.0 82.0 1
   18  800   40    9 68.0 85.0 1
   35 1775   53   40 62.0 68.0 1
   38  312   11    9 84.0 85.0 1
   10 1135   23   14 77.0 82.0 1
   12  331   40   23 68.0 77.0 1
    6 1674   97   18 46.0 80.0 1
