 500  22   1  98
   30  332   12   12 83.0 83.0 1
   14 3355   12   12 83.0 83.0 1
   39  692  173  173 30.0 30.0 1
   23  856   53   53 62.0 62.0 1
   13  306  119   12 40.0 83.0 1
   33  619   12    0 83.0 90.0 1
   35  752  119   12 40.0 83.0 1
   15 1405  119  104 40.0 44.0 1
   35  350  173    0 30.0 90.0 1
    1 1048  173   53 30.0 62.0 1
   45  778  173    0 30.0 90.0 1
   28 1083   53    0 62.0 90.0 1
    9 1038  104   53 44.0 62.0 1
   28 1708   53    0 62.0 90.0 1
   42  937  119  104 40.0 44.0 1
    1 3517   53    0 62.0 90.0 1
   30  409  119   12 40.0 83.0 1
   15 1519  119  104 40.0 44.0 1
    4  820   53    0 62.0 90.0 1
   30 1191  104    0 44.0 90.0 1
   14  313  104    0 44.0 90.0 1
   16 1414  119    0 40.0 90.0 1
