 500  30   5 100
   19 3378   58   58 60.0 60.0 1
   18 1563    2    2 89.0 89.0 1
    7 1309   12    5 83.0 87.0 1
   29 1454   49   12 64.0 83.0 1
   33 3028    5    2 87.0 89.0 1
   22  869    2    0 89.0 90.0 1
   14 1054  143    0 35.0 90.0 1
   15 1453  138    0 36.0 90.0 1
   26 1682  143   18 35.0 80.0 0
   10  473   87   18 49.0 80.0 0
   29 2713  138   34 36.0 71.0 0
    7 1276  143   18 35.0 80.0 1
    4 1058  111    0 42.0 90.0 1
   10 3200   36    0 70.0 90.0 1
   13 1727  111    0 42.0 90.0 1
   15 1636   36    0 70.0 90.0 1
    3 1684  111    0 42.0 90.0 0
    3  860  111   36 42.0 70.0 1
    7 1707  111    0 42.0 90.0 1
   34 2283   51   12 63.0 83.0 1
    4 2494   12    0 83.0 90.0 1
    4 1811   12    0 83.0 90.0 1
   23 3316   51    0 63.0 90.0 1
   35 1623   51   12 63.0 83.0 1
   10  764   51    0 63.0 90.0 1
   29  972  160   70 32.0 55.0 1
   21 3404   81   55 51.0 61.0 1
   11 1659   81   55 51.0 61.0 1
   27 2715   90   81 48.0 51.0 1
   18  528   90   70 48.0 55.0 1
