 500  30   5 100
    6 1035   78   78 52.0 52.0 1
   13 1798   81   81 51.0 51.0 0
   11  851  160  160 32.0 32.0 1
    8 1284   81   29 51.0 74.0 1
   14 3152  160   25 32.0 76.0 0
    2 1281   29   19 74.0 79.0 1
   26 3187   97   81 46.0 51.0 1
   31  991   75    0 53.0 90.0 1
   15  321   75   40 53.0 68.0 1
    9 3130   75   40 53.0 68.0 0
   27  311   75   40 53.0 68.0 1
   22 1248   75   40 53.0 68.0 1
   28 3501  133    0 37.0 90.0 1
   17 1653  128   60 38.0 59.0 1
   20 2894  133    9 37.0 85.0 1
   27  378  128   60 38.0 59.0 1
   11  305    9    0 85.0 90.0 1
    8  803  115   14 41.0 82.0 1
   20  720   87    0 49.0 90.0 1
    5 3028  115   87 41.0 49.0 0
   22 3539   87   11 49.0 84.0 1
   15 1987  115   11 41.0 84.0 1
    1 2439   70    0 55.0 90.0 1
   27  335   14    0 82.0 90.0 0
    6 3597  100    0 45.0 90.0 1
   31 1583  123    0 39.0 90.0 1
    5  924   90    0 48.0 90.0 1
   32 3362  123  119 39.0 40.0 1
   24 1092  119  100 40.0 45.0 1
   17  774  123   90 39.0 48.0 1
