 500  28   1  97
    5 2347  100  100 45.0 45.0 1
   32 2034   23   23 77.0 77.0 0
   18  642  154  154 33.0 33.0 1
    2 1168   65   65 57.0 57.0 1
    9 1636  154   93 33.0 47.0 1
   30 1607  100    0 45.0 90.0 1
   22 2848   23    0 77.0 90.0 0
   12 3221   23    0 77.0 90.0 1
    4 1377   93   23 47.0 77.0 1
   20 3031   93   23 47.0 77.0 1
   27 1326   93    0 47.0 90.0 1
    2 1057  100    0 45.0 90.0 1
   24 3570   93   65 47.0 57.0 1
    8 1323  154   65 33.0 57.0 1
   27 2945  154   23 33.0 77.0 1
   27 3592   65    0 57.0 90.0 0
   19 1407   65    0 57.0 90.0 1
    6 1528   23    0 77.0 90.0 1
   26 3375   93    0 47.0 90.0 1
   30  898   93    0 47.0 90.0 1
    7 2695  154    0 33.0 90.0 1
   17 2090   93   23 47.0 77.0 1
   31 3471  100   93 45.0 47.0 1
   16  378  100   23 45.0 77.0 1
   34  770   65   23 57.0 77.0 1
    5  343   65   23 57.0 77.0 1
   16 1610   23    0 77.0 90.0 1
   24 1543   93    0 47.0 90.0 1
