 500  28   5 100
   21 3506    5    5 87.0 87.0 1
   19  668  143  119 35.0 40.0 1
   34 3055  143   27 35.0 75.0 0
   24  395  143    0 35.0 90.0 1
   21 1564  119   81 40.0 51.0 1
   23 1199    5    0 87.0 90.0 1
    2 1725  148    0 34.0 90.0 0
   32 1639  148   53 34.0 62.0 1
   12 3121   53    0 62.0 90.0 1
   12 2484   45    3 66.0 88.0 1
   31 2844   14    0 82.0 90.0 1
    5 1742  148   53 34.0 62.0 1
    1 1395  160   90 32.0 48.0 1
    7 2820   90    0 48.0 90.0 1
    6  458  160   25 32.0 76.0 1
   23 1332   90    0 48.0 90.0 1
   11  538  148    0 34.0 90.0 0
   11  768  160    0 32.0 90.0 1
   31 2623   87    0 49.0 90.0 1
   23  484   87   27 49.0 75.0 1
    4 3000  128   87 38.0 49.0 0
   33 1376  128    0 38.0 90.0 0
   15  467   87   27 49.0 75.0 1
    6 2806   65    0 57.0 90.0 1
   26 3007   65    0 57.0 90.0 1
   13  788   97   65 46.0 57.0 1
   26 3419   65    0 57.0 90.0 1
   28 2163   97   65 46.0 57.0 1
