 500  23   3  99
    7 2322   87   87 49.0 49.0 1
   13 1152   60   60 59.0 59.0 1
    1  304   47    0 65.0 90.0 1
   29  815   78   47 52.0 65.0 1
    3 3298   18    0 80.0 90.0 1
   26 2311   87   11 49.0 84.0 1
   13 2355   73   67 54.0 56.0 1
   11 1123   73   67 54.0 56.0 1
   32 2515   67    0 56.0 90.0 1
   42  747   73    0 54.0 90.0 1
   31 3281   73   67 54.0 56.0 1
   21  740   73    0 54.0 90.0 1
   13 2499   73   67 54.0 56.0 1
    7 2358  119   67 40.0 56.0 1
   40  354  119    0 40.0 90.0 1
    5 1522  173   45 30.0 66.0 0
   13 1530  100    0 45.0 90.0 0
   41 2827  173  111 30.0 42.0 1
    1 2872  128   32 38.0 72.0 1
   34 3279  173   36 30.0 70.0 1
   35 1945  173  111 30.0 42.0 1
   42 2577  128  111 38.0 42.0 0
   40  621  100   36 45.0 70.0 1
