 500  21   1  98
   36 1035  104  104 44.0 44.0 1
    2  809  104  104 44.0 44.0 1
   16 1336  111   18 42.0 80.0 1
   32 1296  111   19 42.0 79.0 1
    8 1418   18    0 80.0 90.0 1
   44 1762  148  104 34.0 44.0 1
   41  340  104    0 44.0 90.0 1
   42 1686  111   19 42.0 79.0 1
   40 1214  148   18 34.0 80.0 1
   15 1799  148    0 34.0 90.0 1
   26 1046  104   19 44.0 79.0 1
    7  393  104    0 44.0 90.0 1
    5  849  148    0 34.0 90.0 1
   32 1615  148  111 34.0 42.0 1
   28  962  104   19 44.0 79.0 0
   46 1419  148   19 34.0 79.0 1
   12  583  104   19 44.0 79.0 1
   11 1154  148  104 34.0 44.0 1
   41 1259  148  104 34.0 44.0 1
   15  351  148    0 34.0 90.0 1
    1 3220  104   19 44.0 79.0 1
