 500  27   1  97
   19 1789   62   62 58.0 58.0 0
    1  813   90   90 48.0 48.0 1
   27 1087   27   27 75.0 75.0 1
   15 3179   90   27 48.0 75.0 1
   24 2232   90   27 48.0 75.0 1
    5  686   90   27 48.0 75.0 1
   13 2376   62    0 58.0 90.0 1
   26 2584   27    0 75.0 90.0 1
   10 3158   27    0 75.0 90.0 1
   24  358   27    0 75.0 90.0 1
   30 1636   62   27 58.0 75.0 0
   36 2075   27    0 75.0 90.0 1
    1  341   27    0 75.0 90.0 1
   24 2601   90   62 48.0 58.0 1
   38 3142   90   62 48.0 58.0 0
   17 2824   27    0 75.0 90.0 1
   25 3001   90    0 48.0 90.0 1
   21 2395   27    0 75.0 90.0 1
   36 2200   90   62 48.0 58.0 0
   18 3295   62    0 58.0 90.0 1
    4 2489   27    0 75.0 90.0 1
    7 2516   62   27 58.0 75.0 1
   36 3101   90    0 48.0 90.0 1
    2 2475   62    0 58.0 90.0 1
    1 2386   90   27 48.0 75.0 1
   25 2605   90    0 48.0 90.0 1
   15  777   90   27 48.0 75.0 1
