 500  19   1  97
    6 1440   34   34 71.0 71.0 1
   13 2635   81   81 51.0 51.0 0
   20 2817  148  148 34.0 34.0 1
   42 3449   81   81 51.0 51.0 1
   46 1698   34   34 71.0 71.0 1
   23 2252   97   97 46.0 46.0 0
   15  884   97   97 46.0 46.0 1
   40 2243   12   12 83.0 83.0 1
   29 1358   97   12 46.0 83.0 1
   46 3129  119   12 40.0 83.0 1
   30 3424   34   12 71.0 83.0 1
    8 1300  148    0 34.0 90.0 1
   13 2369  148   97 34.0 46.0 1
   42 2546   12    0 83.0 90.0 1
   20 3567   34   12 71.0 83.0 1
   33 3553  119   34 40.0 71.0 1
   44 1934   34    0 71.0 90.0 0
   23 2165   81   42 51.0 67.0 1
    7 1848  148   90 34.0 48.0 1
