 500  22   1  97
   17  332   23   23 77.0 77.0 1
   10 3019   23   23 77.0 77.0 1
    1 2646   93   93 47.0 47.0 1
   32 3349   32   32 72.0 72.0 0
   16 2454   93   93 47.0 47.0 1
   21  399   23   23 77.0 77.0 1
   38 1679   93   93 47.0 47.0 1
   10 1131   93   93 47.0 47.0 1
   35 2877  107  107 43.0 43.0 1
   20 3066   32   32 72.0 72.0 1
   35 2124   93   32 47.0 72.0 1
    3 2371  107    0 43.0 90.0 1
    8 1858  107    0 43.0 90.0 1
   23 3531   32    0 72.0 90.0 1
   11 1257   93    0 47.0 90.0 1
   39 3186  107    0 43.0 90.0 1
   17 2696   93   32 47.0 72.0 1
   26 3438   32   23 72.0 77.0 1
   36  828  107    0 43.0 90.0 1
   36 1318   32   23 72.0 77.0 1
   32  591  107   32 43.0 72.0 1
   34 3413   93   32 47.0 72.0 1
