 500  18   2 100
    1  544   65   65 57.0 57.0 1
   23  725   73   73 54.0 54.0 1
   55  527   19   19 79.0 79.0 1
   42 3087   40   40 68.0 68.0 1
   54 1339  104   19 44.0 79.0 1
   23  714   65   16 57.0 81.0 1
    3 1137   40   34 68.0 71.0 1
   44 1364  104    0 44.0 90.0 1
    2  963  138    0 36.0 90.0 1
   34  423   32   12 72.0 83.0 1
   34 3315   40    5 68.0 87.0 1
   35  478   81   40 51.0 68.0 1
   50 1431   81   27 51.0 75.0 0
   22  575   81   67 51.0 56.0 1
    3  647   40   12 68.0 83.0 1
   35 1098   81   27 51.0 75.0 1
   26 1341   81   32 51.0 72.0 0
   14  500   40    0 68.0 90.0 1
