 500  18   1  97
   63 1237   65   65 57.0 57.0 0
    9 1803   90   90 48.0 48.0 1
   13 2758   84   84 50.0 50.0 1
    8 2183   65   65 57.0 57.0 0
   57 2019   84   84 50.0 50.0 0
   31 2168   90   90 48.0 48.0 1
   56 3042   90   90 48.0 48.0 0
   43 3502   84   84 50.0 50.0 1
   46 1157   84   65 50.0 57.0 1
   10 1702   90   65 48.0 57.0 1
   18 3540   84   65 50.0 57.0 1
   39 2036   90   84 48.0 50.0 1
   14 1032   90   84 48.0 50.0 1
   33 2229   84    0 50.0 90.0 1
    5  747   84   65 50.0 57.0 1
   38 1238   90   65 48.0 57.0 0
    2 2417   84   65 50.0 57.0 0
   15 3265   65    0 57.0 90.0 1
