 500  19   2  99
   40 1970   93   93 47.0 47.0 1
    8 1708    9    9 85.0 85.0 1
   17 3428  111   93 42.0 47.0 0
   24 3271   31    0 73.0 90.0 1
   37 2495  111   93 42.0 47.0 0
   36 1191  160   12 32.0 83.0 1
   16 2975   31    9 73.0 85.0 1
   41  406  160    0 32.0 90.0 0
    6 3432  111   65 42.0 57.0 1
   45 1615  100   53 45.0 62.0 1
   44  545   53    0 62.0 90.0 1
   10 2567  100   53 45.0 62.0 1
    8 2082  100    0 45.0 90.0 1
   42 1050  100   53 45.0 62.0 1
   23 1899  100   53 45.0 62.0 1
   20 2515   53    0 62.0 90.0 1
   13 1073  100    0 45.0 90.0 1
   42  504   53    0 62.0 90.0 1
   28 2151  100   53 45.0 62.0 1
