 500  19   1  97
   28  758  128  128 38.0 38.0 1
   44 1671   62   62 58.0 58.0 1
   35 1793  133  133 37.0 37.0 0
   12 1028   45    3 66.0 88.0 1
   42 2092   81    3 51.0 88.0 1
   45 3286  154  128 33.0 38.0 1
    6 1293   81    0 51.0 90.0 1
    7 2968  154    0 33.0 90.0 1
   38 2621  154   45 33.0 66.0 1
    6 1451   62   45 58.0 66.0 1
   38  983  154  128 33.0 38.0 0
    6 1604   45    0 66.0 90.0 1
   17 3254  128   45 38.0 66.0 1
    2 2596  154   62 33.0 58.0 1
   42 2102    3    0 88.0 90.0 1
   26 1453  128   62 38.0 58.0 1
   43 3135  128    0 38.0 90.0 1
   47 2382   81    0 51.0 90.0 1
   16  861    3    0 88.0 90.0 1
