 500  20   3 104
   25 3036   53   53 62.0 62.0 1
   22  367   78   78 52.0 52.0 1
   27 1718   78   53 52.0 62.0 1
   25 1727  123   51 39.0 63.0 1
   19 1384   51   14 63.0 82.0 1
   27 1582   78   14 52.0 82.0 1
   31  382    9    0 85.0 90.0 1
   25  906  173   78 30.0 52.0 1
   27  429   78    0 52.0 90.0 1
   27  521  173    9 30.0 85.0 1
   23 3317    9    0 85.0 90.0 1
   20 1179    9    0 85.0 90.0 0
   27 1130   78    0 52.0 90.0 1
   31  354   93   53 47.0 62.0 1
   25 1521   81    0 51.0 90.0 1
   25 2909  119    0 40.0 90.0 1
   22 3269  160   93 32.0 47.0 1
   20  738   11    7 84.0 86.0 1
   26 1108  119    7 40.0 86.0 1
   26  474  160    5 32.0 87.0 1
