 500  19   1 101
   30 1351  160  160 32.0 32.0 1
   27 1373  160  160 32.0 32.0 1
   21 3316  160  160 32.0 32.0 1
   23 1214  119  119 40.0 40.0 1
   27 1158  119  119 40.0 40.0 1
   27 1236  160  160 32.0 32.0 1
   32 2539  138  138 36.0 36.0 1
   26 3318  143  143 35.0 35.0 1
   26 1586  160  143 32.0 35.0 0
   24 2576  160  143 32.0 35.0 1
   21 2975  143  138 35.0 36.0 1
   28 3327  160  119 32.0 40.0 1
   27 3590  160    0 32.0 90.0 1
   20 2659  160  138 32.0 36.0 1
   30 2926  119    0 40.0 90.0 1
   23 1425  119    0 40.0 90.0 1
   27 2237  138    0 36.0 90.0 1
   31  533  138    0 36.0 90.0 1
   30 3116  160  138 32.0 36.0 1
