 500  21   2 103
   21 2504  160  160 32.0 32.0 1
   21 3224   75   75 53.0 53.0 0
   26 3093   75    0 53.0 90.0 1
   23  714   97   32 46.0 72.0 1
   25 1633  160   32 32.0 72.0 1
   29 2047   90   90 48.0 48.0 1
   23  947   19   19 79.0 79.0 1
   25 2045   19    0 79.0 90.0 1
   28  676   90   19 48.0 79.0 1
   26 1704   19    0 79.0 90.0 1
   23 1356   19    0 79.0 90.0 1
   25 2900   90   19 48.0 79.0 1
   24 3263   90   19 48.0 79.0 1
   23 1996   19    0 79.0 90.0 1
   20 1071   90   19 48.0 79.0 0
   26 2516   90   19 48.0 79.0 1
   24 1840   90    0 48.0 90.0 1
   19 3433   90   19 48.0 79.0 0
   22 2146   19    0 79.0 90.0 1
   27 3325   90    0 48.0 90.0 1
   20 3281   90    0 48.0 90.0 1
