 500  20   4 103
   20 3000  148  148 34.0 34.0 1
   29  437   29    0 74.0 90.0 1
   31 1064  160   55 32.0 61.0 1
   31 2829  154  148 33.0 34.0 1
   20 3198   87   29 49.0 74.0 0
   27 3395   65    0 57.0 90.0 1
   23  439   65    0 57.0 90.0 1
   24 2798   23    0 77.0 90.0 1
   27 3270   23    0 77.0 90.0 0
   28  345   65    0 57.0 90.0 1
   27 2341   11    0 84.0 90.0 1
   25  392   11    0 84.0 90.0 0
   20 1629   25   11 76.0 84.0 1
   24 1285   11    0 84.0 90.0 1
   25 1583   25    0 76.0 90.0 0
   26 2259    3    0 88.0 90.0 0
   23  781   32    3 72.0 88.0 1
   25 2068    3    0 88.0 90.0 0
   24  466   32    3 72.0 88.0 1
   21 3578   32    0 72.0 90.0 1
