 500  15   2 103
   38 3062   60   60 59.0 59.0 0
   32 1567   60   60 59.0 59.0 1
   31 3269  160  160 32.0 32.0 1
   31 2850   49    0 64.0 90.0 1
   26 3205   60   49 59.0 64.0 1
   30 2385  160   49 32.0 64.0 1
   33 1253  160   60 32.0 59.0 1
   32 2071   31    0 73.0 90.0 1
   36 3043   70   47 55.0 65.0 1
   38 2835   47   31 65.0 73.0 1
   35 1448   70   70 55.0 55.0 1
   38  586   93    0 47.0 90.0 1
   34 2610   70   47 55.0 65.0 1
   31 1729  119   70 40.0 55.0 1
   35 2395   93    0 47.0 90.0 1
