 500  25   2 103
   19 3137   45   45 66.0 66.0 1
   20 1532  148  148 34.0 34.0 1
   16 2011  148  148 34.0 34.0 1
   18 3116  148  148 34.0 34.0 1
   25  996  148   45 34.0 66.0 1
   17 1625   45    0 66.0 90.0 1
   15 2524   45    0 66.0 90.0 1
   25 2839   45    0 66.0 90.0 0
   16 1289  148    0 34.0 90.0 1
   26 1651  148   45 34.0 66.0 0
   18 1129  148   45 34.0 66.0 1
   24  813   45    0 66.0 90.0 1
   17 1187  148   45 34.0 66.0 1
   25 3509   45    0 66.0 90.0 1
   15 2514  148    0 34.0 90.0 1
   24 2716   45    0 66.0 90.0 1
   16 2848  148    0 34.0 90.0 1
   20  803  148   45 34.0 66.0 1
   25 1249   38   27 69.0 75.0 1
   22 2631  119   11 40.0 84.0 1
   21  441  119    0 40.0 90.0 1
   19 3052   67    0 56.0 90.0 1
   22  634   27   23 75.0 77.0 1
   16 1490   11    0 84.0 90.0 1
   19 3076  143   27 35.0 75.0 1
