 500  19   2 104
   26 1341    3    3 88.0 88.0 1
   22 2869    3    3 88.0 88.0 1
   25 1232   47   47 65.0 65.0 1
   23  763   47   47 65.0 65.0 1
   26 1538    3    3 88.0 88.0 1
   29 1691   47    0 65.0 90.0 1
   27 1208   47    0 65.0 90.0 1
   28  448    3    0 88.0 90.0 1
   22 3047   47    0 65.0 90.0 1
   27 1637   47    3 65.0 88.0 1
   30 1210   90    0 48.0 90.0 1
   27 1441   32   18 72.0 80.0 1
   26 1118   87    9 49.0 85.0 1
   20 2700  119    9 40.0 85.0 1
   30  321   87   32 49.0 72.0 1
   28 3436   18    9 80.0 85.0 0
   30 1037   32    9 72.0 85.0 1
   27 1691   18    9 80.0 85.0 0
   27  693  119   32 40.0 72.0 1
