 500  18   2 103
   23 1803   49    2 64.0 89.0 1
   32  659   87    0 49.0 90.0 1
   23 3266   87   78 49.0 52.0 1
   35 2966   87   87 49.0 49.0 1
   25 2753  119   78 40.0 52.0 1
   24 2288  119    0 40.0 90.0 1
   31 1906  119   49 40.0 64.0 1
   24 1391   87   78 49.0 52.0 0
   33 2642   87    0 49.0 90.0 1
   23 3199   87   18 49.0 80.0 1
   26 2964   87    0 49.0 90.0 1
   32 1859   70   51 55.0 63.0 1
   33  627   51    0 63.0 90.0 1
   27 2156   70    2 55.0 89.0 0
   26 2667   87   18 49.0 80.0 1
   23  331   70    0 55.0 90.0 1
   30  329  104   18 44.0 80.0 1
   30 3389   81   18 51.0 80.0 1
