 500  25   1 102
   19 3273  104  104 44.0 44.0 0
   19 1343  133  133 37.0 37.0 1
   22 1654   25   25 76.0 76.0 1
   15 1286    7    7 86.0 86.0 1
   17  539    7    7 86.0 86.0 0
   21  985  133  133 37.0 37.0 1
   16 1340   25   25 76.0 76.0 0
   22  643  100    0 45.0 90.0 0
   18  300   97   25 46.0 76.0 0
   15 1493  104   87 44.0 49.0 1
   21 1244  104   97 44.0 46.0 1
   21  948   97    7 46.0 86.0 1
   19 1256  100   97 45.0 46.0 1
   25 1579  133   25 37.0 76.0 1
   21  679  133    7 37.0 86.0 1
   15  959  100   87 45.0 49.0 1
   18 1762  133    7 37.0 86.0 1
   25 1182  100   87 45.0 49.0 1
   18 1321  133   87 37.0 49.0 1
   18  751   87    0 49.0 90.0 0
   20  463   87    7 49.0 86.0 1
   25 1517   97    0 46.0 90.0 1
   25  968   97    0 46.0 90.0 1
   20 1379  100   97 45.0 46.0 1
   25 1728  133    7 37.0 86.0 1
