 500  23   1 102
   27  351   42   42 67.0 67.0 0
   21 1545  148  148 34.0 34.0 1
   15 1011   42   21 67.0 78.0 1
   17 1146  160   21 32.0 78.0 1
   23 1280   21    0 78.0 90.0 1
   19 1137  148    0 34.0 90.0 1
   17 1205   42   21 67.0 78.0 1
   19 2946  148   42 34.0 67.0 1
   27 3369   51    0 63.0 90.0 1
   20  456  148    0 34.0 90.0 1
   17 1215  148    0 34.0 90.0 1
   19  751  160   42 32.0 67.0 1
   26 1461   21    0 78.0 90.0 1
   22 1594  160   42 32.0 67.0 1
   20 1393   21    0 78.0 90.0 1
   26  859  160  148 32.0 34.0 1
   26 1329   51   42 63.0 67.0 1
   26 1770   51    0 63.0 90.0 1
   16 1051  160    0 32.0 90.0 1
   26  806   21    0 78.0 90.0 1
   26  823  148   21 34.0 78.0 1
   23 1789  148   21 34.0 78.0 1
   22  333  148    0 34.0 90.0 1
