 500  27   2 104
   14 1559   14   14 82.0 82.0 1
   23  652    9    9 85.0 85.0 1
   19  536   40   40 68.0 68.0 1
   21 1284   40   14 68.0 82.0 1
   19 1545  154    0 33.0 90.0 1
   16  600   14    0 82.0 90.0 1
   15 1390  154   40 33.0 68.0 1
   22 1113   14    0 82.0 90.0 1
   17 1438  154    0 33.0 90.0 1
   22 1073  128   40 38.0 68.0 0
   17  373   40    9 68.0 85.0 0
   15  530  154    0 33.0 90.0 1
   21 2945  128   14 38.0 82.0 1
   19  678   14    9 82.0 85.0 1
   17 2451    5    0 87.0 90.0 1
   20 2128    5    0 87.0 90.0 1
   16 2085    5    0 87.0 90.0 1
   18  399    5    0 87.0 90.0 1
   16 3011    5    0 87.0 90.0 0
   24 1331    5    0 87.0 90.0 1
   17 2563  100    0 45.0 90.0 1
   21 1983    5    0 87.0 90.0 1
   20 3012    5    0 87.0 90.0 0
   21 2970    5    0 87.0 90.0 1
   20 1109    5    0 87.0 90.0 1
   17  389    5    0 87.0 90.0 1
   13 2225  100    5 45.0 87.0 1
