 500  19   1 101
   29 2314   84   14 50.0 82.0 1
   27 1765   84   42 50.0 67.0 1
   26 3377   84   42 50.0 67.0 1
   21 3490   84    0 50.0 90.0 1
   32 1421   90    0 48.0 90.0 0
   21 1643   14    0 82.0 90.0 0
   22 3234   90    0 48.0 90.0 1
   21 3585   84   14 50.0 82.0 1
   31 2683   14    0 82.0 90.0 1
   21  585   90   14 48.0 82.0 1
   29 3203   90   14 48.0 82.0 1
   22 3436   90   84 48.0 50.0 1
   31 1288   90   42 48.0 67.0 1
   30 2052   14    0 82.0 90.0 1
   23 1190   42    0 67.0 90.0 0
   20 1403   84    0 50.0 90.0 1
   30 3455   14    0 82.0 90.0 1
   32  789   84   14 50.0 82.0 1
   32 2711   14    0 82.0 90.0 1
