 500  22   4 104
   20 3382   78   78 52.0 52.0 1
   17 1035   18    0 80.0 90.0 1
   23 1536   78   25 52.0 76.0 1
   27  852   81    0 51.0 90.0 1
   23  841   78    0 52.0 90.0 1
   27 1248   81    0 51.0 90.0 1
   23 2970   58    7 60.0 86.0 1
   20 1139    7    0 86.0 90.0 1
   17  681   51    0 63.0 90.0 1
   25  628  100   58 45.0 60.0 1
   28 1684  173   51 30.0 63.0 1
   26 1471   97    0 46.0 90.0 0
   26  703   18    9 80.0 85.0 1
   23  814  115   18 41.0 80.0 1
   17 2709   18    5 80.0 87.0 1
   18  929   65   18 57.0 80.0 1
   19  579   53    9 62.0 85.0 1
   26  331    3    0 88.0 90.0 1
   18 2997  128    0 38.0 90.0 1
   25  738  128    0 38.0 90.0 1
   24 1120   27    3 75.0 88.0 1
   28  350  128   16 38.0 81.0 1
