 500  24   1 102
   21  321    5    5 87.0 87.0 1
   25 1189   84   84 50.0 50.0 1
   16 1725   84   84 50.0 50.0 1
   25 1217   84   84 50.0 50.0 1
   22 3446   11   11 84.0 84.0 1
   18  310   11   11 84.0 84.0 1
   23 1670   11    5 84.0 87.0 1
   21  601   84   84 50.0 50.0 1
   19  497   11    0 84.0 90.0 1
   25  920   84    0 50.0 90.0 1
   20 1341   84    5 50.0 87.0 1
   23  337   84   11 50.0 84.0 1
   20 1337   84    5 50.0 87.0 1
   22  973   84   11 50.0 84.0 0
   18  735   84   11 50.0 84.0 0
   19 1110   84    5 50.0 87.0 1
   16 1162   84    5 50.0 87.0 1
   24  943   84    0 50.0 90.0 1
   19  545   84    5 50.0 87.0 1
   17  403   84    5 50.0 87.0 1
   20 1404   84    0 50.0 90.0 1
   20 1202   11    0 84.0 90.0 1
   23  843   11    0 84.0 90.0 1
   24  800   84   11 50.0 84.0 1
