 500  18   1 102
   26 1582  173  173 30.0 30.0 1
   22 2731   90   27 48.0 75.0 1
   21  570  148   27 34.0 75.0 1
   32  471   45   18 66.0 80.0 1
   28  512   90    0 48.0 90.0 1
   33 1560   34   18 71.0 80.0 1
   29 1664   45    0 66.0 90.0 1
   22 1020   90   45 48.0 66.0 1
   28 2970  173    0 30.0 90.0 1
   32  403  148   45 34.0 66.0 1
   28  603  148   18 34.0 80.0 1
   26 1272   27    0 75.0 90.0 1
   26  642   34   18 71.0 80.0 1
   25 1038   34   27 71.0 75.0 1
   31  927   90   45 48.0 66.0 1
   31  923  173    0 30.0 90.0 1
   29  707  148   34 34.0 71.0 0
   31  916  148   45 34.0 66.0 1
