 500  16   1 101
   37 3493  160  160 32.0 32.0 1
   28 1684  160  160 32.0 32.0 1
   28  747   23   23 77.0 77.0 1
   27 1756  160  160 32.0 32.0 1
   34 3389   23    0 77.0 90.0 1
   28 2652   23    0 77.0 90.0 1
   30 2028   27   23 75.0 77.0 1
   29 2254  160    0 32.0 90.0 1
   29  908  160   27 32.0 75.0 1
   38 2671   27   23 75.0 77.0 1
   29 1494  160    0 32.0 90.0 1
   27 1215  160    0 32.0 90.0 0
   37  825  160   23 32.0 77.0 1
   35 2982   23    0 77.0 90.0 0
   28 1857   27   23 75.0 77.0 1
   36 1097   23    0 77.0 90.0 1
