 500  15   3 103
   35 3212   53   31 62.0 73.0 1
   31  715   23    0 77.0 90.0 1
   33 1494   31    2 73.0 89.0 1
   29 1777   16    0 81.0 90.0 1
   29 1315   31    0 73.0 90.0 1
   28 3334  173    0 30.0 90.0 1
   35 2186  173    0 30.0 90.0 1
   40 1889  173   23 30.0 77.0 1
   34 2061   23    0 77.0 90.0 1
   40 3311   84    0 50.0 90.0 1
   29 3293   40    3 68.0 88.0 0
   37  736   55   55 61.0 61.0 1
   36 2185   60   55 59.0 61.0 1
   30  905   60   55 59.0 61.0 0
   34 3482   60    0 59.0 90.0 1
