 500  16   2 104
   30 3493   49   49 64.0 64.0 1
   31 1206   45   45 66.0 66.0 1
   34  750   45   45 66.0 66.0 1
   37  710   67   60 56.0 59.0 1
   35  768   49   45 64.0 66.0 1
   27  784   60   53 59.0 62.0 1
   29  751   14    9 82.0 85.0 1
   28 2851   14    0 82.0 90.0 1
   25  861    9    5 85.0 87.0 1
   29 1476   81   32 51.0 72.0 1
   32 1108   87    0 49.0 90.0 1
   29 1029   32    5 72.0 87.0 1
   35  807   32    0 72.0 90.0 0
   31 1027   87   32 49.0 72.0 1
   38  674   81    9 51.0 85.0 0
   30 1372    9    5 85.0 87.0 1
