 500  17   3 104
   35 1110  160  160 32.0 32.0 1
   30  381  160    0 32.0 90.0 1
   29  964  160   93 32.0 47.0 1
   33 2972  160   16 32.0 81.0 1
   34 2878  160   16 32.0 81.0 1
   35  629   84   25 50.0 76.0 1
   34  838   81   31 51.0 73.0 1
   26 1516   84   16 50.0 81.0 0
   29 3384   84   84 50.0 50.0 1
   27 1628   31   16 73.0 81.0 0
   26 3472   84   31 50.0 73.0 1
   26  591  154   31 33.0 73.0 1
   24 1533   73   53 54.0 62.0 1
   33  306   53    0 62.0 90.0 1
   30 2707  154   53 33.0 62.0 1
   24 1507  143   73 35.0 54.0 1
   25 1110  148   73 34.0 54.0 1
