 500  16   2 103
   26 1856   55   55 61.0 61.0 1
   36 1802   55   55 61.0 61.0 1
   31 1369  166  166 31.0 31.0 1
   28 3387  138    0 36.0 90.0 1
   28 3243  166   55 31.0 61.0 1
   33 1011  166   55 31.0 61.0 1
   38 1736   55    0 61.0 90.0 1
   34  752   87    0 49.0 90.0 1
   33 3073  148   31 34.0 73.0 1
   27  397   31   16 73.0 81.0 1
   32 1995   87   19 49.0 79.0 1
   32  507   31   16 73.0 81.0 0
   29 1241   16    0 81.0 90.0 1
   29 2184  148   31 34.0 73.0 1
   28  981  148   31 34.0 73.0 1
   36  486   87   16 49.0 81.0 1
