 500  25   1 101
   21  657   12   12 83.0 83.0 1
   19 3262  160  160 32.0 32.0 1
   15 1587   12   12 83.0 83.0 1
   16 3146   12   12 83.0 83.0 1
   17 2003   75    0 53.0 90.0 1
   22 1350  143    0 35.0 90.0 1
   17 2214  143   12 35.0 83.0 1
   24 2945   75   12 53.0 83.0 1
   24 2449  160   75 32.0 53.0 0
   23 2089   75   12 53.0 83.0 1
   19 3487   75   12 53.0 83.0 1
   17 3295  160   12 32.0 83.0 1
   26 3524  143    0 35.0 90.0 1
   15 1724  160   12 32.0 83.0 1
   24 1102   12    0 83.0 90.0 1
   21 3593  160  143 32.0 35.0 0
   21  445  143   75 35.0 53.0 1
   19 3241   12    0 83.0 90.0 1
   23 2095   75   12 53.0 83.0 0
   17 1960   75    0 53.0 90.0 1
   25 1561  143   75 35.0 53.0 1
   25 2163  160    0 32.0 90.0 1
   15 1973  160    0 32.0 90.0 1
   19 2675  143    0 35.0 90.0 1
   16  748  160    0 32.0 90.0 1
