 500  15   1 101
   34 2535   40   40 68.0 68.0 1
   32 2368   25   25 76.0 76.0 1
   33 2896   31   25 73.0 76.0 1
   35 1562   40    0 68.0 90.0 1
   37  452   40   25 68.0 76.0 1
   36 1558   58   55 60.0 61.0 0
   35 1220   55   14 61.0 82.0 1
   31 3269  154    2 33.0 89.0 1
   29 1070   55   40 61.0 68.0 1
   33 1320  154   25 33.0 76.0 1
   39 1286   25    0 76.0 90.0 1
   32 2366  154   25 33.0 76.0 1
   31  323   58   31 60.0 73.0 0
   31  524   58   55 60.0 61.0 1
   32 3483   55   31 61.0 73.0 1
