 500  23   1 101
   23  604   90    0 48.0 90.0 1
   21 1110  138   14 36.0 82.0 1
   17 1175  138   90 36.0 48.0 1
   20  675  138    0 36.0 90.0 1
   25 1292  138    0 36.0 90.0 1
   21  540  138   90 36.0 48.0 0
   22 2993   90   42 48.0 67.0 1
   20 3511   90   14 48.0 82.0 1
   24 2155  138   90 36.0 48.0 1
   25  398  138   38 36.0 69.0 1
   21 1411  138   14 36.0 82.0 1
   25 1576  138   14 36.0 82.0 1
   19 2061  138   14 36.0 82.0 1
   21  847  138   42 36.0 67.0 1
   19 3259   38    0 69.0 90.0 1
   26 3123   42    0 67.0 90.0 1
   18 1850   14    0 82.0 90.0 0
   26 1571   90   14 48.0 82.0 1
   25 2986  138   42 36.0 67.0 1
   26 2763   90    0 48.0 90.0 1
   16 1366   90   14 48.0 82.0 1
   23 2089   42    0 67.0 90.0 1
   17 2123   90   38 48.0 69.0 0
