 500  18   3 103
   25  650   49   49 64.0 64.0 1
   32 3180   78   78 52.0 52.0 1
   31 3566  143    0 35.0 90.0 1
   24 2004  143   78 35.0 52.0 1
   21 3369   78    0 52.0 90.0 0
   33 2422  119    0 40.0 90.0 1
   31 1800  119   42 40.0 67.0 1
   29 3552   73   16 54.0 81.0 1
   30 1505   16   16 81.0 81.0 1
   25 2620   16    3 81.0 88.0 0
   29 1985  123   73 39.0 54.0 1
   29 2429   97    0 46.0 90.0 1
   30 3569  133   47 37.0 65.0 1
   22 3295   87   70 49.0 55.0 1
   25 2146   70   47 55.0 65.0 1
   24 2446  154  133 33.0 37.0 1
   29 3168   70   38 55.0 69.0 1
   31 2925   97   84 46.0 50.0 1
