 500  29   1 102
   12 1659   67   67 56.0 56.0 1
   15 1036  123  123 39.0 39.0 1
   19 1618  154  115 33.0 41.0 1
   12  987  154    0 33.0 90.0 1
   21 1388  115  100 41.0 45.0 1
   16 1483  123   65 39.0 57.0 1
   19 1022  123   65 39.0 57.0 1
   16 1787  154  115 33.0 41.0 1
   15 1069  100   90 45.0 48.0 1
   19  539  115   90 41.0 48.0 1
   21 1790  154   65 33.0 57.0 1
   19  766  123   90 39.0 48.0 1
   23  746  100   65 45.0 57.0 0
   14 3088  154  100 33.0 45.0 1
   12 1005  154  100 33.0 45.0 1
   15  767  123   65 39.0 57.0 1
   19 1460  154  100 33.0 45.0 1
   17  409   67   65 56.0 57.0 1
   17  431   90   67 48.0 56.0 1
   12  991  154  100 33.0 45.0 1
   15  879  100   65 45.0 57.0 1
   14 1598  115   67 41.0 56.0 0
   22  481  123    0 39.0 90.0 1
   22 1378  100   67 45.0 56.0 1
   17  809  100   90 45.0 48.0 1
   21  546  154   90 33.0 48.0 1
   23 1072   90   67 48.0 56.0 1
   13  520  100    0 45.0 90.0 1
   20  301  100    0 45.0 90.0 1
