 500  22   1 102
   26 3021   53   53 62.0 62.0 1
   23  818   53   53 62.0 62.0 1
   27  994   53   53 62.0 62.0 1
   28 1722  160  160 32.0 32.0 0
   18 1343   53   53 62.0 62.0 0
   25 3159   53    0 62.0 90.0 1
   17 1258  160    0 32.0 90.0 1
   19 1014  160    0 32.0 90.0 0
   19 1029  160   53 32.0 62.0 1
   26 1308  160   53 32.0 62.0 1
   21  758  160    0 32.0 90.0 1
   21 1400  160    0 32.0 90.0 1
   23  951   53    0 62.0 90.0 1
   24 1658   53    0 62.0 90.0 0
   18 1368   53    0 62.0 90.0 1
   28 1394   53    0 62.0 90.0 1
   27 1589   53    0 62.0 90.0 1
   20  932   53    0 62.0 90.0 1
   20 1226  160   53 32.0 62.0 1
   25 1192  160   53 32.0 62.0 1
   22  512  160    0 32.0 90.0 1
   23  666   53    0 62.0 90.0 1
