 500  21   4 104
   21 1295   25   25 76.0 76.0 1
   21 2899   58   58 60.0 60.0 1
   27  407   93    0 47.0 90.0 1
   24 2804   58    0 60.0 90.0 1
   26  442   93    0 47.0 90.0 1
   28 1515   31   25 73.0 76.0 0
   28 1466   97   21 46.0 78.0 1
   20 3550   75    0 53.0 90.0 1
   18  578   75    0 53.0 90.0 1
   24 1771  148    0 34.0 90.0 1
   26  451   21    0 78.0 90.0 1
   27 1390  111   53 42.0 62.0 0
   25 2755  111   27 42.0 75.0 1
   24 1443   27    0 75.0 90.0 1
   26 3315  111   93 42.0 47.0 1
   26  949   93    0 47.0 90.0 1
   19  418   60   49 59.0 64.0 1
   27 1457   49    0 64.0 90.0 1
   19 3569   73   49 54.0 64.0 1
   26 3329   73   49 54.0 64.0 1
   18  383   73   49 54.0 64.0 1
