 500  20   1 102
   20  493    7    7 86.0 86.0 0
   30 2981   36   11 70.0 84.0 1
   28  630   11    0 84.0 90.0 1
   29 1768  123    0 39.0 90.0 1
   30 1223   36    7 70.0 86.0 1
   28 1722   36   11 70.0 84.0 1
   23 1322  123    7 39.0 86.0 1
   25  897   36   11 70.0 84.0 1
   24 1633   36    7 70.0 86.0 1
   28  400   11    0 84.0 90.0 1
   19  890   36    7 70.0 86.0 1
   25 1490  123    0 39.0 90.0 1
   20  452   11    0 84.0 90.0 1
   19 1341   11    7 84.0 86.0 1
   19 1515  123   11 39.0 84.0 1
   24  792   11    0 84.0 90.0 1
   29  665  123    7 39.0 86.0 1
   28 1279   11    0 84.0 90.0 1
   25 1111   11    7 84.0 86.0 1
   27 3085   36    0 70.0 90.0 1
