 500  23   1 106
   20 1629   45   45 66.0 66.0 1
   20 1206   45   45 66.0 66.0 1
   23  928   19   19 79.0 79.0 0
   22 1186   19    0 79.0 90.0 1
   23 1139  123   45 39.0 66.0 1
   21  843  123  107 39.0 43.0 1
   23 1113   45   19 66.0 79.0 1
   23 2721  115  107 41.0 43.0 1
   23 1355  115   87 41.0 49.0 1
   22  884  123   45 39.0 66.0 1
   23 1473  123   87 39.0 49.0 1
   20 1379   87   19 49.0 79.0 1
   20 1653   45    0 66.0 90.0 1
   23 1706  123   87 39.0 49.0 1
   20 1215  123   19 39.0 79.0 1
   22 1132   87   19 49.0 79.0 1
   22  768  123   45 39.0 66.0 1
   20  382   45   19 66.0 79.0 0
   21 2703   45    0 66.0 90.0 0
   21 1321  123    0 39.0 90.0 1
   23  932  115    0 41.0 90.0 1
   22 1699  115   45 41.0 66.0 1
   23  435  115   87 41.0 49.0 1
