 500  27   1 105
   20 3567   27   27 75.0 75.0 1
   20 2308   27    0 75.0 90.0 1
   16 3574   75   49 53.0 64.0 0
   18 2277   75    0 53.0 90.0 1
   18 1312   49   27 64.0 75.0 1
   20  453   75   27 53.0 75.0 1
   19 1875   27    0 75.0 90.0 1
   18 2804   49    0 64.0 90.0 1
   20  872   75    0 53.0 90.0 1
   19 1126   75   49 53.0 64.0 1
   18 1439   49    0 64.0 90.0 0
   17 2046   75   49 53.0 64.0 1
   18 1011   75   49 53.0 64.0 1
   18  805   49   27 64.0 75.0 1
   20 2698   27    0 75.0 90.0 1
   19 2772   75    0 53.0 90.0 1
   19 3407   49    0 64.0 90.0 1
   18 1203   27    0 75.0 90.0 1
   20 2738   75   27 53.0 75.0 1
   19 1826   27    0 75.0 90.0 0
   19  308   75    0 53.0 90.0 1
   19 1594   75   49 53.0 64.0 1
   18 3107   49   27 64.0 75.0 1
   16 2199   75   27 53.0 75.0 1
   17  730   75    0 53.0 90.0 1
   18 1920   27    0 75.0 90.0 1
   19 2419   49    0 64.0 90.0 1
