 500  21   1 105
   25  497   34   34 71.0 71.0 1
   26 1457   36   36 70.0 70.0 1
   24  430   62   62 58.0 58.0 1
   23 3043   18   18 80.0 80.0 1
   25 2234   18    0 80.0 90.0 0
   24 1065   18   18 80.0 80.0 1
   24 1469   18   18 80.0 80.0 0
   23 3507   36   34 70.0 71.0 1
   23 3540   34    0 71.0 90.0 1
   24  664   62   36 58.0 70.0 1
   25  766   36   34 70.0 71.0 1
   23  376   34   18 71.0 80.0 1
   23 2246   36   34 70.0 71.0 1
   23 3218   36    0 70.0 90.0 1
   23 1924   34   18 71.0 80.0 1
   26 1996   18   18 80.0 80.0 1
   23 2728   34    0 71.0 90.0 1
   23 3280   18    0 80.0 90.0 1
   23 2401   36   18 70.0 80.0 0
   23 1332   18    0 80.0 90.0 1
   24  322   36   18 70.0 80.0 1
