 500  26   1 105
   19 1225   29   29 74.0 74.0 0
   20 1452  128  128 38.0 38.0 1
   21 2417   29   29 74.0 74.0 0
   18 1447  148  148 34.0 34.0 1
   21 1942    7    7 86.0 86.0 1
   19  722  128  107 38.0 43.0 1
   18 1651  148   93 34.0 47.0 1
   19 1091   93   67 47.0 56.0 1
   18  302   55   29 61.0 74.0 1
   19  931   67    0 56.0 90.0 1
   18 3166  148    0 34.0 90.0 1
   20  705  148  107 34.0 43.0 1
   17 1015  107   29 43.0 74.0 1
   20 1783  107    7 43.0 86.0 1
   20 2762  107   55 43.0 61.0 0
   18 2254  148   55 34.0 61.0 1
   19 3069  107   67 43.0 56.0 1
   20 2440  107   93 43.0 47.0 1
   19 2525  148   67 34.0 56.0 1
   20 1658  148   29 34.0 74.0 1
   20 2921   93   55 47.0 61.0 1
   18 2716   93   55 47.0 61.0 1
   19  324   55    7 61.0 86.0 1
   21 3293  107   29 43.0 74.0 1
   19 1378   93   55 47.0 61.0 1
   20 1980   93   29 47.0 74.0 1
