 500  24   3 108
   21 1649  119   47 40.0 65.0 1
   21 2819   47   38 65.0 69.0 1
   22  476  119    0 40.0 90.0 1
   21 1084   38    0 69.0 90.0 1
   22 1214  119   29 40.0 74.0 0
   19 3418  119   29 40.0 74.0 1
   21 1758   45    0 66.0 90.0 0
   22 1202   34    0 71.0 90.0 1
   22 1796   45   34 66.0 71.0 1
   19  964   45    0 66.0 90.0 1
   19  667   45   34 66.0 71.0 1
   21  919   45   34 66.0 71.0 1
   22 1087   45   34 66.0 71.0 1
   20 2809   45   34 66.0 71.0 1
   22 1664   45   34 66.0 71.0 1
   20 3576  111   84 42.0 50.0 1
   21  786  104   84 44.0 50.0 1
   22  919  173   51 30.0 63.0 1
   21 1279   12    0 83.0 90.0 1
   19 1273   51    0 63.0 90.0 1
   20 3503  173   49 30.0 64.0 0
   21  317   49   12 64.0 83.0 1
   20 1639   84   12 50.0 83.0 1
   22  609  173  115 30.0 41.0 0
