 500  19   2 108
   28 1317  104  104 44.0 44.0 1
   26  335   42   42 67.0 67.0 1
   27 3596   81   81 51.0 51.0 1
   25  431   81    0 51.0 90.0 1
   25 1193   81    0 51.0 90.0 0
   26 1112   23    0 77.0 90.0 1
   25 1312  104   97 44.0 46.0 1
   27 3454  154    2 33.0 89.0 0
   25 2643  154   19 33.0 79.0 1
   25 1364   93   49 47.0 64.0 1
   27  935  154   49 33.0 64.0 1
   27 2875   19    2 79.0 89.0 1
   27  675   19    0 79.0 90.0 1
   26  915   19    2 79.0 89.0 1
   28 2219  154    2 33.0 89.0 1
   27 3345    2    0 89.0 90.0 1
   26 1972   19    2 79.0 89.0 1
   26 3234   19    0 79.0 90.0 1
   27 1030  154   93 33.0 47.0 1
