 500  18   1 105
   29 1838  100  100 45.0 45.0 1
   29 2109    7    7 86.0 86.0 0
   28 1922  100  100 45.0 45.0 1
   26  353  100   31 45.0 73.0 1
   28 1046   31    0 73.0 90.0 1
   26 3553    7    0 86.0 90.0 1
   29 1320  100    0 45.0 90.0 1
   28  869   31    7 73.0 86.0 1
   28 1017   31    7 73.0 86.0 1
   26 1902  100   31 45.0 73.0 1
   27 2059   31    0 73.0 90.0 0
   29 1298  100   31 45.0 73.0 1
   29 1784  100    0 45.0 90.0 1
   26  558  100    0 45.0 90.0 1
   29 2267  100    7 45.0 86.0 1
   28 1399  100    0 45.0 90.0 1
   28 3028  100    0 45.0 90.0 0
   27 1442   31    7 73.0 86.0 1
