 500  21   4 107
   25  442   51   51 63.0 63.0 1
   25 2955   42   16 67.0 81.0 1
   23 1163   51   40 63.0 68.0 1
   24 2037   51   42 63.0 67.0 1
   25 3154  173   62 30.0 58.0 1
   24 1909   78   18 52.0 80.0 1
   25 1537   87   51 49.0 63.0 1
   24  831   18    0 80.0 90.0 0
   24  691  154    0 33.0 90.0 1
   24 1313  154   87 33.0 49.0 1
   25 2604   73    0 54.0 90.0 1
   22 1363   97   78 46.0 52.0 1
   23 2302   78    0 52.0 90.0 0
   25  803   78    7 52.0 86.0 1
   26 3182   78   73 52.0 54.0 1
   25 2854   97    0 46.0 90.0 1
   22 1313   60   11 59.0 84.0 1
   22 2333  173   42 30.0 67.0 1
   22  491  173    0 30.0 90.0 1
   22 2363  173   42 30.0 67.0 1
   23 2461  119   42 40.0 67.0 1
