 500  23   1 105
   23 1238  115  115 41.0 41.0 1
   20 3212  154  115 33.0 41.0 0
   21 2716  115    9 41.0 85.0 1
   22 1126  115    9 41.0 85.0 1
   23 1204  154    9 33.0 85.0 1
   22 1983  154    9 33.0 85.0 1
   21 1181  154    0 33.0 90.0 1
   21 3231  154  115 33.0 41.0 1
   23 3358  115    9 41.0 85.0 0
   20 2294    9    0 85.0 90.0 1
   21 2332  115    0 41.0 90.0 1
   21  755    9    0 85.0 90.0 1
   22 2192  154    0 33.0 90.0 1
   23 2263  115    0 41.0 90.0 1
   23 1246    9    0 85.0 90.0 1
   23 2861  115    0 41.0 90.0 0
   21 3102    9    0 85.0 90.0 1
   22 1508  154  115 33.0 41.0 1
   23 2720  154    9 33.0 85.0 0
   22 2576  154    0 33.0 90.0 1
   23 3047  115    9 41.0 85.0 1
   20 1159  154    9 33.0 85.0 1
   20  463  154    9 33.0 85.0 1
