 500  30   1 105
   17 3076   97   97 46.0 46.0 1
   16 2164   29   29 74.0 74.0 1
   18  751  160  160 32.0 32.0 1
   15 2648  160  160 32.0 32.0 1
   16 3298  133  133 37.0 37.0 1
   17  853  133  133 37.0 37.0 1
   15 1220   32   32 72.0 72.0 1
   18 3365   14   14 82.0 82.0 1
   16 1211  160  160 32.0 32.0 1
   17 2816   29   29 74.0 74.0 1
   18 2121   29   29 74.0 74.0 1
   18 3194   14   14 82.0 82.0 1
   16 3467  133  133 37.0 37.0 1
   17  339   29   29 74.0 74.0 1
   18 1263  160   32 32.0 72.0 1
   16  570   97   14 46.0 82.0 1
   17  840   97    0 46.0 90.0 1
   17 2143  128   32 38.0 72.0 1
   17 3057  160   97 32.0 46.0 0
   15  536   14    0 82.0 90.0 1
   15 1856  128   14 38.0 82.0 1
   15 2678  133   14 37.0 82.0 1
   16  842  128   32 38.0 72.0 1
   16  825  133   14 37.0 82.0 1
   18 2027  160   97 32.0 46.0 1
   15 3440   97   32 46.0 72.0 1
   17 2656  133   97 37.0 46.0 1
   18 2148  133   97 37.0 46.0 1
   18 2953   29   14 74.0 82.0 1
   18 2471  128   14 38.0 82.0 1
