 500  24   4 108
   20 3467   75   75 53.0 53.0 0
   20 1757   75    0 53.0 90.0 1
   21  310   62   36 58.0 70.0 1
   21 3093  160   29 32.0 74.0 1
   22  860   62   29 58.0 74.0 1
   19 1324  160   29 32.0 74.0 1
   22 1223   42    0 67.0 90.0 1
   22 2975  107   38 43.0 69.0 1
   22 3401   42    0 67.0 90.0 0
   20  753  107   42 43.0 67.0 1
   21 1672   38    0 69.0 90.0 1
   21 2766  166    0 31.0 90.0 1
   22 1191   34   29 71.0 74.0 0
   20 2718  166   87 31.0 49.0 1
   22  591   90   87 48.0 49.0 1
   22 1315   90   87 48.0 49.0 1
   19 1046   87   87 49.0 49.0 1
   22 1433   90   29 48.0 74.0 1
   20  392   62   58 58.0 60.0 0
   21 2642  111   87 42.0 49.0 1
   20 1672   19    0 79.0 90.0 1
   19 1476  166   42 31.0 67.0 1
   21  571  166   62 31.0 58.0 1
   21 2336  111   58 42.0 60.0 1
