 500  27   1 105
   19 2001   81   81 51.0 51.0 1
   18 1045   81   81 51.0 51.0 1
   18 2397   60   60 59.0 59.0 0
   19 2570   38   38 69.0 69.0 1
   17 2106   60   60 59.0 59.0 1
   20 2014   34   34 71.0 71.0 1
   20  353   23   23 77.0 77.0 1
   18  507   23   23 77.0 77.0 1
   19  352   81   81 51.0 51.0 1
   19  404   81   81 51.0 51.0 1
   18 1501   81   81 51.0 51.0 1
   19 3122   81   38 51.0 69.0 1
   20 1639   81   34 51.0 71.0 1
   18 2629   34    0 71.0 90.0 1
   18 3199   38   23 69.0 77.0 1
   18 1274   34   23 71.0 77.0 1
   17 2749   60   34 59.0 71.0 1
   18 1871   60   34 59.0 71.0 1
   19 2680   81   23 51.0 77.0 1
   18 3187   60   23 59.0 77.0 1
   18  781   81    0 51.0 90.0 1
   18 2546   81   23 51.0 77.0 1
   19 2804   81   60 51.0 59.0 1
   19 2263   38    0 69.0 90.0 1
   19 2724   60    0 59.0 90.0 1
   17  558   81    0 51.0 90.0 1
   20 1589   81   38 51.0 69.0 1
