 500  28   4 108
   19  304   19   19 79.0 79.0 1
   18 1325  133  133 37.0 37.0 1
   16 1237  128   18 38.0 80.0 1
   17 3353   18   12 80.0 83.0 1
   18 3318  133    0 37.0 90.0 1
   17  596  128   45 38.0 66.0 1
   16 2150  107   34 43.0 71.0 1
   18 1744   93   55 47.0 61.0 1
   19 2203   23    0 77.0 90.0 1
   17 3360   65   55 57.0 61.0 1
   18  482   34   11 71.0 84.0 1
   17 3308   55   23 61.0 77.0 1
   18 3319  107   93 43.0 47.0 1
   18 1157  119    0 40.0 90.0 1
   19 1689  119    0 40.0 90.0 1
   19 1447  143  119 35.0 40.0 1
   19  574  119   51 40.0 63.0 1
   19 3037  143  119 35.0 40.0 1
   16  989  143    0 35.0 90.0 1
   16 1741   51    0 63.0 90.0 1
   18  508  119    0 40.0 90.0 1
   19  485   18    0 80.0 90.0 1
   19  886   93   12 47.0 83.0 1
   20  403  119   18 40.0 80.0 1
   16 1058   38   18 69.0 80.0 1
   19  612   11    0 84.0 90.0 1
   18 2700   38    0 69.0 90.0 1
   17  736   38   12 69.0 83.0 1
