 500  17   1 105
   31 2533  154  154 33.0 33.0 0
   30 1471   49   49 64.0 64.0 1
   30 2349  107  107 43.0 43.0 1
   28 1333   47   47 65.0 65.0 1
   31 3548   49   49 64.0 64.0 1
   29 3356   93   93 47.0 47.0 1
   28  906   73   73 54.0 54.0 1
   30 1979  154   12 33.0 83.0 1
   30 2371  107   73 43.0 54.0 1
   30  694   73   32 54.0 72.0 1
   29 3383   93   47 47.0 65.0 1
   28 1405   93   73 47.0 54.0 1
   30 3500  107   93 43.0 47.0 1
   29 2921   93   47 47.0 65.0 1
   29 2919  107   73 43.0 54.0 0
   28 1595   73   32 54.0 72.0 1
   30 2314  107   47 43.0 65.0 1
