 500  24   4 108
   21 1139   31   31 73.0 73.0 1
   21  421   31   31 73.0 73.0 1
   20  583  111    0 42.0 90.0 1
   21 2934   31    0 73.0 90.0 1
   19 3083  133   31 37.0 73.0 0
   22 1715   49    7 64.0 86.0 1
   20 1276   18    7 80.0 86.0 1
   21 1677   97    7 46.0 86.0 1
   22  332    7    7 86.0 86.0 1
   22 1786   97   18 46.0 80.0 1
   20 1132   81   18 51.0 80.0 1
   20 2733   18    7 80.0 86.0 1
   21 2065  138   60 36.0 59.0 1
   23 2245   65   60 57.0 59.0 1
   20 1325  138  107 36.0 43.0 1
   22 1001  107   18 43.0 80.0 1
   22 1910   60    7 59.0 86.0 1
   22  867  154    7 33.0 86.0 1
   20 2858   93    0 47.0 90.0 1
   21 1598  119   18 40.0 80.0 1
   20  794  123   93 39.0 47.0 1
   21  713   18    0 80.0 90.0 1
   19 3293  123  119 39.0 40.0 1
   20  336   42    0 67.0 90.0 1
