 500  21   1 106
   22  974   19   19 79.0 79.0 1
   24  830    3    3 88.0 88.0 1
   23 1711    3    3 88.0 88.0 1
   25 1480   31   31 73.0 73.0 1
   25 1484   31   31 73.0 73.0 0
   23  466   31   31 73.0 73.0 1
   25  326    3    3 88.0 88.0 1
   25 1574   11   11 84.0 84.0 1
   23  415   19   19 79.0 79.0 1
   24  316  128   19 38.0 79.0 0
   23 1590    3    3 88.0 88.0 1
   25  494   11    3 84.0 88.0 1
   25  314   11    3 84.0 88.0 1
   24 3163   19   11 79.0 84.0 1
   23 1096   31    0 73.0 90.0 0
   22  777   11    3 84.0 88.0 1
   23 1410   19    0 79.0 90.0 1
   24  446   31    0 73.0 90.0 1
   25 1286    3    0 88.0 90.0 1
   23  504   19   11 79.0 84.0 1
   24 1160    3    0 88.0 90.0 1
