 500  24   2 108
   22 1796   67    0 56.0 90.0 1
   22  354   45    0 66.0 90.0 1
   21  739  100   67 45.0 56.0 0
   20 1117  173    0 30.0 90.0 1
   20 1797  173   67 30.0 56.0 1
   21  531  173   21 30.0 78.0 0
   23  450   67   45 56.0 66.0 1
   20  478   81   21 51.0 78.0 1
   19  713   67    0 56.0 90.0 1
   20  589  173   21 30.0 78.0 1
   20  686  100   67 45.0 56.0 1
   20 1232   81   21 51.0 78.0 1
   22 3592   81    0 51.0 90.0 0
   22 1040   81   21 51.0 78.0 0
   20  886   67   21 56.0 78.0 0
   21 1559  173  100 30.0 45.0 1
   19 1700   90    0 48.0 90.0 1
   21 2986   47    0 65.0 90.0 1
   21 2089  138    0 36.0 90.0 1
   21  859   90   47 48.0 65.0 1
   21 1591  138    0 36.0 90.0 1
   22 2595  138   90 36.0 48.0 1
   19 1665  138   90 36.0 48.0 1
   23 2757  138    0 36.0 90.0 1
