 500  27   2 107
   19  398   87   87 49.0 49.0 1
   18  515   87   87 49.0 49.0 1
   19 1941  128  128 38.0 38.0 0
   19 1187   87   49 49.0 64.0 1
   18  727  123   78 39.0 52.0 1
   19  973  115   49 41.0 64.0 1
   19 2208   87   38 49.0 69.0 1
   18 1272   78   65 52.0 57.0 0
   19 1718  115   78 41.0 52.0 0
   19 1196   78   65 52.0 57.0 1
   19  367  123   49 39.0 64.0 1
   19 1099  115   38 41.0 69.0 1
   18 2524   87   78 49.0 52.0 1
   17 2249  123   21 39.0 78.0 1
   19 3140   38   21 69.0 78.0 1
   20 3526  128   42 38.0 67.0 1
   20 2456   45   36 66.0 70.0 0
   17 2165   75    0 53.0 90.0 1
   17 2736  115   75 41.0 53.0 1
   18 1903  115   45 41.0 66.0 1
   18 2689   75   42 53.0 67.0 1
   20 3395  128   42 38.0 67.0 1
   20 2014  128    0 38.0 90.0 1
   19 2517  128  115 38.0 41.0 1
   17 1330  128   42 38.0 67.0 1
   17 1243   45   36 66.0 70.0 1
   18 3088   75    0 53.0 90.0 1
