 500  27   1 106
   19 1518  123  123 39.0 39.0 0
   20  343   40   40 68.0 68.0 0
   18  671  123  123 39.0 39.0 1
   17  346   40   40 68.0 68.0 1
   19  545   40   40 68.0 68.0 1
   20 1307   90   40 48.0 68.0 1
   17 1267   40   25 68.0 76.0 1
   18  456  123   90 39.0 48.0 1
   19 1133   40   25 68.0 76.0 1
   19 1302  123   25 39.0 76.0 1
   19 1349   25    0 76.0 90.0 1
   20 2942   25    0 76.0 90.0 0
   19  975   90   25 48.0 76.0 1
   20 1259   40   25 68.0 76.0 1
   20 1580   90    0 48.0 90.0 1
   18 1223   40    0 68.0 90.0 1
   16  596   90   40 48.0 68.0 1
   20  761   25    0 76.0 90.0 1
   18  628   90   25 48.0 76.0 1
   19  901  123   25 39.0 76.0 1
   19  782  123   25 39.0 76.0 1
   17  935   25   25 76.0 76.0 1
   17 1028  123   90 39.0 48.0 1
   17 1270  123    0 39.0 90.0 1
   19  564   40    0 68.0 90.0 0
   18  875  123   25 39.0 76.0 1
   18 1779  123   25 39.0 76.0 1
