 500  16   2 107
   31 3349  123  123 39.0 39.0 0
   31 2433   75   75 53.0 53.0 0
   32  387   40   40 68.0 68.0 1
   30  654   75   40 53.0 68.0 1
   30 1192  123   40 39.0 68.0 1
   34 1800   75    0 53.0 90.0 1
   30  971  123    0 39.0 90.0 1
   33 3253   21    0 78.0 90.0 1
   30 1008  138   38 36.0 69.0 1
   32 2152  119   32 40.0 72.0 1
   32 1737   65   21 57.0 78.0 1
   33 1922   21   21 78.0 78.0 1
   30 2338   21   21 78.0 78.0 1
   30 2592   38   21 69.0 78.0 1
   30  429  119   21 40.0 78.0 1
   32 2374  138  123 36.0 39.0 1
