 500  25   1 105
   21  873  104  104 44.0 44.0 1
   20 1299  143  143 35.0 35.0 0
   21 3000    7    7 86.0 86.0 1
   19 3258   62   62 58.0 58.0 1
   19 1652   62   62 58.0 58.0 1
   21 2882   62   62 58.0 58.0 1
   20 1930    7    7 86.0 86.0 0
   22 1719  104  104 44.0 44.0 1
   21  495  104  104 44.0 44.0 1
   20  476   62   62 58.0 58.0 1
   18 1571  143  143 35.0 35.0 1
   19 2563   14   14 82.0 82.0 1
   19 2100    7    0 86.0 90.0 1
   20 1742   14    7 82.0 86.0 0
   21 1356   62    7 58.0 86.0 1
   20  418  104    7 44.0 86.0 1
   22  375  104    0 44.0 90.0 1
   19 2087   62    7 58.0 86.0 1
   20  490   14    0 82.0 90.0 1
   21 2385   62    7 58.0 86.0 1
   20 1589   62   14 58.0 82.0 1
   18 1552   62    7 58.0 86.0 1
   20 1675  104   62 44.0 58.0 1
   19 1586  104    7 44.0 86.0 1
   20  902  143   62 35.0 58.0 1
