 500  17   1 106
   29  393    9    9 85.0 85.0 1
   29 3442   70   70 55.0 55.0 1
   30  821  138    0 36.0 90.0 1
   28  959  143  138 35.0 36.0 1
   29 1263  143  138 35.0 36.0 1
   29  627   70    9 55.0 85.0 1
   29  520   67    0 56.0 90.0 1
   29 1412   70    9 55.0 85.0 1
   29  895   47    0 65.0 90.0 1
   30 1556  143   67 35.0 56.0 1
   31  854   70   67 55.0 56.0 1
   28 1725    9    0 85.0 90.0 1
   30 1780   47    9 65.0 85.0 1
   31  535   67    0 56.0 90.0 1
   29  591  143   47 35.0 65.0 1
   32 1728  138    0 36.0 90.0 0
   28  605   47    9 65.0 85.0 1
