 500  18   2 107
   27  609   51   51 63.0 63.0 0
   28 2741   90   90 48.0 48.0 1
   29 2534  119   51 40.0 63.0 1
   28  515   40    0 68.0 90.0 1
   29  344  119   51 40.0 63.0 1
   28 1837   73   73 54.0 54.0 1
   26  460   81    0 51.0 90.0 1
   27 1846   73   53 54.0 62.0 1
   29 3407  119   73 40.0 54.0 1
   27 1662   53    0 62.0 90.0 1
   29 1028   73   53 54.0 62.0 1
   26 3003   73   53 54.0 62.0 1
   28 3436  119  115 40.0 41.0 1
   28 1745  115    0 41.0 90.0 1
   27 2286  119   53 40.0 62.0 0
   28  389  115   53 41.0 62.0 1
   29  699   73   53 54.0 62.0 1
   27  846  119    0 40.0 90.0 1
