 500  17   3 107
   29  405   70   70 55.0 55.0 1
   31 1265   25   25 76.0 76.0 1
   29 2548  123   31 39.0 73.0 1
   28 2724   53    7 62.0 86.0 1
   28 1380   53   31 62.0 73.0 1
   30 1024   31   25 73.0 76.0 1
   31  926   60    7 59.0 86.0 1
   30 3214   60    0 59.0 90.0 1
   31 1315  138  115 36.0 41.0 1
   31 1619  138   40 36.0 68.0 1
   29  687  138    0 36.0 90.0 0
   29 1049  154  138 33.0 36.0 1
   29 3148   84   40 50.0 68.0 1
   30 2605   87    0 49.0 90.0 1
   30 2765  154   84 33.0 50.0 1
   27  673   87   40 49.0 68.0 1
   28 3098   40    0 68.0 90.0 1
