 500  27   2 107
   19  388    3    3 88.0 88.0 1
   17  530   21   21 78.0 78.0 1
   18 3000  111    3 42.0 88.0 1
   19 2429   21    0 78.0 90.0 1
   18  934  128    3 38.0 88.0 1
   19 3127    3    0 88.0 90.0 1
   19 1326   34   21 71.0 78.0 1
   19 3313   78   14 52.0 82.0 1
   20 2360  111   34 42.0 71.0 1
   17  915  128   78 38.0 52.0 1
   17 1659  128    0 38.0 90.0 1
   20 2061   49   21 64.0 78.0 0
   19 1241  128   14 38.0 82.0 1
   17 2445  111    0 42.0 90.0 1
   20 3107  128  111 38.0 42.0 1
   17 1378   18    3 80.0 88.0 1
   18  908  173    0 30.0 90.0 1
   19 3336  173   90 30.0 48.0 1
   18  410  128    0 38.0 90.0 1
   19 2564  128    0 38.0 90.0 1
   17 1798   90   90 48.0 48.0 1
   18  977   90    0 48.0 90.0 1
   19  799  128   90 38.0 48.0 1
   19 2920  173  128 30.0 38.0 1
   20 2364  173    0 30.0 90.0 1
   19 2212  173   87 30.0 49.0 1
   19 2165  128   90 38.0 48.0 1
