 500  15   1 106
   32 1116  104  104 44.0 44.0 1
   35  455   18   18 80.0 80.0 1
   32 1645   36   36 70.0 70.0 1
   35 1111    9    9 85.0 85.0 1
   33  342   36   18 70.0 80.0 1
   34 1365   32   18 72.0 80.0 1
   35 3445   90   19 48.0 79.0 1
   31 1470   18    9 80.0 85.0 1
   35 1269   90    9 48.0 85.0 1
   32  574   36   19 70.0 79.0 1
   34 1459   18    9 80.0 85.0 1
   34  614  104   19 44.0 79.0 1
   33  508  100    9 45.0 85.0 1
   32 1061   36    9 70.0 85.0 1
   33  537   90   18 48.0 80.0 1
