 500  19   3 108
   28 1492    9    0 85.0 90.0 1
   25 1278  138  133 36.0 37.0 0
   27 1552  133    9 37.0 85.0 1
   28 1435    9    0 85.0 90.0 1
   25 2800  138    9 36.0 85.0 1
   28  904  133    0 37.0 90.0 1
   25  632  138    0 36.0 90.0 1
   28 2382   87   62 49.0 58.0 1
   25 2805  138    0 36.0 90.0 1
   27 3600   90   62 48.0 58.0 1
   26  437   87   62 49.0 58.0 1
   27 2455  138   90 36.0 48.0 0
   26 3103  119   47 40.0 65.0 0
   25 3066  100    0 45.0 90.0 1
   27  747  100   84 45.0 50.0 1
   25 1555  100   34 45.0 71.0 1
   26  948  100   73 45.0 54.0 1
   25 3156   87    5 49.0 87.0 1
   27  658   67    0 56.0 90.0 1
