 500  30   1 106
   18 1367  133    0 37.0 90.0 1
   18 1039   90   45 48.0 66.0 1
   17 1077   81    0 51.0 90.0 1
   18 1426   87   45 49.0 66.0 1
   17 3439   87   45 49.0 66.0 0
   16 1351   87   45 49.0 66.0 1
   15 1476   45   12 66.0 83.0 1
   17  754  133   87 37.0 49.0 1
   17  740   87   81 49.0 51.0 1
   16  938   87   45 49.0 66.0 1
   17 1440  133   45 37.0 66.0 1
   15 1690   87   81 49.0 51.0 1
   17  621   87   45 49.0 66.0 1
   16 1663   12    0 83.0 90.0 1
   18  380   87   45 49.0 66.0 1
   15 2783   87    3 49.0 88.0 1
   18  424  133    3 37.0 88.0 1
   15 1643   90   12 48.0 83.0 1
   15  339   87    0 49.0 90.0 1
   17 1229   12    0 83.0 90.0 1
   19 1331   90    0 48.0 90.0 1
   18  385   90   45 48.0 66.0 1
   16  947   90   87 48.0 49.0 1
   16  464   45   12 66.0 83.0 1
   18 1681   87   81 49.0 51.0 1
   18 1169   12    3 83.0 88.0 1
   15 1505   90   12 48.0 83.0 1
   17  674  133    0 37.0 90.0 1
   15 1139   87    0 49.0 90.0 1
   16  974   87   81 49.0 51.0 1
