 500  15   3 107
   32 2971  128  128 38.0 38.0 1
   34 1819   58   27 60.0 75.0 0
   33 3420   58    0 60.0 90.0 1
   34 3564  173   27 30.0 75.0 1
   34 3184   58    0 60.0 90.0 1
   34  827  128   23 38.0 77.0 1
   34 2616   60   40 59.0 68.0 1
   33 1645  128  119 38.0 40.0 0
   34 1352  119   58 40.0 60.0 1
   35  831  128  119 38.0 40.0 1
   33 1254   36    0 70.0 90.0 1
   33 1015  104   70 44.0 55.0 1
   32 2084  104    0 44.0 90.0 1
   33 1610   36    0 70.0 90.0 1
   32 1863  104   70 44.0 55.0 1
