 500  25   3 107
   19 2129  166  166 31.0 31.0 1
   21 2257  119   18 40.0 80.0 1
   20 1996  119   18 40.0 80.0 1
   19 1620  166  119 31.0 40.0 1
   21 3555  166  119 31.0 40.0 0
   19  371  119   18 40.0 80.0 0
   19  748  166  119 31.0 40.0 1
   22 1562   12    9 83.0 85.0 1
   18 1927  115    9 41.0 85.0 1
   19 2973    3    0 88.0 90.0 1
   19  306  115    0 41.0 90.0 1
   19 2552   12    3 83.0 88.0 1
   20 2475  115  104 41.0 44.0 1
   19 3228  111    9 42.0 85.0 1
   22 1345  111  104 42.0 44.0 1
   20 2690  115    0 41.0 90.0 1
   21 2390   73   12 54.0 83.0 1
   19  643  104    0 44.0 90.0 1
   20 1185  104   73 44.0 54.0 1
   20 2033  100   81 45.0 51.0 1
   20  946  148  111 34.0 42.0 1
   20 1607  154  100 33.0 45.0 1
   20  540  100   65 45.0 57.0 1
   22 1284  148    0 34.0 90.0 1
   22 1890  100   65 45.0 57.0 1
