 500  17   1 105
   29 2339   12   12 83.0 83.0 1
   29 2676   12    0 83.0 90.0 0
   28  377   62   12 58.0 83.0 1
   30 1981   62   12 58.0 83.0 1
   28 1732   62    0 58.0 90.0 1
   30 1608   62   12 58.0 83.0 1
   30 3231   12    0 83.0 90.0 1
   30 3183   62   12 58.0 83.0 1
   30 1193   12    0 83.0 90.0 1
   29  621   12    0 83.0 90.0 1
   28 3283   62   12 58.0 83.0 1
   30 2978   62    0 58.0 90.0 1
   31 1958   62    0 58.0 90.0 1
   31 3071   62    0 58.0 90.0 1
   29 3579   12    0 83.0 90.0 1
   29 1136   12    0 83.0 90.0 1
   29  456   12    0 83.0 90.0 1
