 500  21   1 106
   22 1521   49   49 64.0 64.0 1
   24  578   49   49 64.0 64.0 1
   25 1405   49   34 64.0 71.0 1
   23  545   34    0 71.0 90.0 1
   25 1139   75   34 53.0 71.0 1
   23 3314   75   34 53.0 71.0 1
   25  916   75    0 53.0 90.0 1
   24  397   75   34 53.0 71.0 1
   25 3220   34    0 71.0 90.0 1
   24 1544   75    0 53.0 90.0 1
   25  508   34    0 71.0 90.0 0
   23 1038   75   34 53.0 71.0 1
   24  697   75   49 53.0 64.0 1
   23 1096   75    0 53.0 90.0 1
   25 1786   49   34 64.0 71.0 1
   23 1624   49   34 64.0 71.0 1
   22 1373   49   34 64.0 71.0 1
   25 1380   75   49 53.0 64.0 1
   23  834   75    0 53.0 90.0 1
   24 1319   75    0 53.0 90.0 1
   23 1338   75   49 53.0 64.0 1
