 500  23   1 109
    5 3103   65   65 72.0 72.0 1
   32 3588   17   17 85.0 85.0 1
   27 1790  200   17 45.0 85.0 1
   17 3473   61   21 73.0 84.0 1
   14 1108  200   17 45.0 85.0 1
   16 2645   61   21 73.0 84.0 0
   30 2997  162   28 51.0 82.0 1
    1 2126   65   17 72.0 85.0 1
   16 2336  162    0 51.0 90.0 1
   29 1607   28   21 82.0 84.0 1
   24 2894   65   28 72.0 82.0 1
   24 1746  162   17 51.0 85.0 1
   36 1525   21   17 84.0 85.0 1
    3 3230  200   61 45.0 73.0 1
   33  958   65   28 72.0 82.0 0
   23 2124   61   17 73.0 85.0 1
    5 1110  162   65 51.0 72.0 1
   20  774  162   28 51.0 82.0 1
   29 1115  214   21 43.0 84.0 1
   28 2488   17   17 85.0 85.0 1
   20 2532   28   17 82.0 85.0 1
   33 2214   28   17 82.0 85.0 1
   35 3422   21   17 84.0 85.0 1
