 500  27   1 109
   29 2591   35   35 80.0 80.0 1
   30 1069   21   21 84.0 84.0 1
   33 2666   21   21 84.0 84.0 1
   13 1353   35   35 80.0 80.0 1
    2 2174   35   35 80.0 80.0 1
   26 1622   35   35 80.0 80.0 1
   22 1895   35   35 80.0 80.0 1
   15 1413   35   35 80.0 80.0 1
    6 3290   35   21 80.0 84.0 1
   19  823   35    0 80.0 90.0 1
   23 2617   35   21 80.0 84.0 1
   26 3043   21    0 84.0 90.0 0
   17 1119   35    0 80.0 90.0 1
    2 2704  297   35 34.0 80.0 1
   26 1940  297   21 34.0 84.0 1
   31 2358  297   35 34.0 80.0 1
    5 2365   35   21 80.0 84.0 1
    1 1724   35   21 80.0 84.0 1
   19 1626  297   21 34.0 84.0 1
    6 1576  297    0 34.0 90.0 1
   33 2399  297    0 34.0 90.0 1
   29 2236  297   35 34.0 80.0 1
    4 1174   35   21 80.0 84.0 1
   31 3448  297   21 34.0 84.0 1
   19 1072   35    0 80.0 90.0 1
    5 1135  297   21 34.0 84.0 1
   28 2142   35    0 80.0 90.0 1
