 500  23   1 109
   32 3086   98   98 64.0 64.0 1
   16 2232   39   39 79.0 79.0 1
   49 2237  275   98 36.0 64.0 1
   19 2759  275   98 36.0 64.0 1
   25 1539   98   39 64.0 79.0 1
   19 3142  275   39 36.0 79.0 1
   33 2655   39    0 79.0 90.0 1
   30 1904  275   98 36.0 64.0 1
   41 2949  275    0 36.0 90.0 1
   19 2413   39    0 79.0 90.0 1
    4  996   98    0 64.0 90.0 1
   14 1567  275    0 36.0 90.0 1
    8  573   98   39 64.0 79.0 1
    8  858   98    0 64.0 90.0 1
   41 1824   98    0 64.0 90.0 1
   10 1340   39    0 79.0 90.0 1
   49  959   98    0 64.0 90.0 1
   10  684   39    0 79.0 90.0 1
    7 3051  275    0 36.0 90.0 1
   20 2338  275   98 36.0 64.0 0
   29 2231  275   39 36.0 79.0 1
    4 3501  275    0 36.0 90.0 1
   13  573  275    0 36.0 90.0 0
