 500  29   1 109
   11 2314  135  135 56.0 56.0 0
   20 2083   21   21 84.0 84.0 0
   17 1454  111  111 61.0 61.0 1
    9 3407  135  135 56.0 56.0 0
   23 3143  214  214 43.0 43.0 1
   16 1983  135  135 56.0 56.0 1
   33 3236  214  214 43.0 43.0 1
   29 1538  102   21 63.0 84.0 1
    1 1091  135  102 56.0 63.0 1
   28  933  135    0 56.0 90.0 1
    1 1403  214   21 43.0 84.0 1
   14 2165  135  102 56.0 63.0 1
    3 2467  214   21 43.0 84.0 1
   19  670  214   21 43.0 84.0 1
   29 1367  111    0 61.0 90.0 1
    9 1872  135   21 56.0 84.0 1
   23 2464  135  111 56.0 61.0 0
    8  656  135  111 56.0 61.0 1
   16 2710  102   21 63.0 84.0 1
    1  513  135  102 56.0 63.0 1
   34 2578  111   21 61.0 84.0 1
   11  494  135   21 56.0 84.0 1
   11 2660   21    0 84.0 90.0 1
   27 2449  135   21 56.0 84.0 0
   19  430  111    0 61.0 90.0 1
   32 1466  135  102 56.0 63.0 1
   17 2959  135  111 56.0 61.0 1
    3 1800  135   21 56.0 84.0 1
   36 2772  135  111 56.0 61.0 1
