 500  16   1 110
   51  717   43   43 78.0 78.0 1
   28  529   46   28 77.0 82.0 1
   67  781  320   17 32.0 85.0 1
    3  971   43   17 78.0 85.0 1
   21  731   28    0 82.0 90.0 1
    5 1071   28   17 82.0 85.0 1
   19 1661  320  168 32.0 50.0 1
    4 1102   28   17 82.0 85.0 0
   68 1536  168   43 50.0 78.0 1
   30 1371  168   46 50.0 77.0 1
    2 3319   46   17 77.0 85.0 0
   52  567   43   28 78.0 82.0 1
   18  612  168   46 50.0 77.0 1
   38 1125   43    0 78.0 90.0 1
   39  777   28   17 82.0 85.0 1
   55 1148   17    0 85.0 90.0 1
