 500  21   4 111
    3  675  130   17 57.0 85.0 1
   20 2131   85   17 67.0 85.0 1
   47 1268   85    0 67.0 90.0 1
    1 2689  130    0 57.0 90.0 1
   21 1861   17   10 85.0 87.0 1
   30 1084  207   21 44.0 84.0 1
   31 2163  207   21 44.0 84.0 0
   12  356   21    0 84.0 90.0 1
   13 3296  207   21 44.0 84.0 1
    7 2305  207    0 44.0 90.0 1
   16 1996   21    0 84.0 90.0 1
   52 3195  174    0 49.0 90.0 1
   38 1065    7    0 88.0 90.0 1
   39 2513  174    7 49.0 88.0 1
    1 1633  174    0 49.0 90.0 1
   50  735  168   17 50.0 85.0 1
   35 1896  130   32 57.0 81.0 1
   23  802  238   46 40.0 77.0 1
    3 3398  238  130 40.0 57.0 1
   30 2401  130    0 57.0 90.0 1
   28 1953  238   32 40.0 81.0 1
