 500  28   4 111
   12 3058  115  115 60.0 60.0 1
   31 1188   98    0 64.0 90.0 1
   45 3106   46    0 77.0 90.0 1
    2 3562   98   46 64.0 77.0 1
   13 2424  115   46 60.0 77.0 1
    3 3295  115   98 60.0 64.0 1
   19 1151  115   46 60.0 77.0 1
    1 3546  222    0 42.0 90.0 1
   15  488  106   98 62.0 64.0 1
    7 2475  222  120 42.0 59.0 1
    5 1879  222  106 42.0 62.0 1
   28 2534  156  106 52.0 62.0 1
   30 2275  286  120 35.0 59.0 1
    5 1861  200  106 45.0 62.0 1
    1  336  156    0 52.0 90.0 1
   20  983   65    0 72.0 90.0 1
   28 1150  265  214 37.0 43.0 1
    2 2637  214   65 43.0 72.0 0
    8  660  214   65 43.0 72.0 1
   29 2244  102    0 63.0 90.0 1
    8 3490   65    0 72.0 90.0 1
   24 1143  214   65 43.0 72.0 1
    7 2223  265   65 37.0 72.0 1
   29 2216  145   21 54.0 84.0 1
   44 1452  238   69 40.0 71.0 1
   32 2444  238   85 40.0 67.0 1
   17  871  145    0 54.0 90.0 1
   35 1989  145   85 54.0 67.0 1
