 500  23   4 111
   19 1568  346  180 30.0 48.0 0
   19  489  106    0 62.0 90.0 1
   14 1923  180    0 48.0 90.0 1
   49 2428  140  106 55.0 62.0 1
    3 1989  180  106 48.0 62.0 1
   49 1127   73    0 70.0 90.0 1
   32  668  214   73 43.0 70.0 1
    5 3118   73   21 70.0 84.0 1
   15 1200  214   73 43.0 70.0 0
    6 1717   21    0 84.0 90.0 1
   10 1994  214    0 43.0 90.0 1
   13 3143  222   17 42.0 85.0 1
   23 3584  222   17 42.0 85.0 1
   49 2813   81    0 68.0 90.0 0
    4 2450  286   17 35.0 85.0 1
    2  961   81   17 68.0 85.0 1
   23 1837   81   17 68.0 85.0 1
   47 2397  140   21 55.0 84.0 1
   45 3596  140    0 55.0 90.0 1
   10 1177   21    0 84.0 90.0 1
   41 2017  140   21 55.0 84.0 1
   21 1249   21    0 84.0 90.0 1
    1 1190  200   21 45.0 84.0 1
