 500  24   4 111
    8 2760   14   14 86.0 86.0 1
   10 2548   14   14 86.0 86.0 0
   34  928  115  115 60.0 60.0 1
   33 1294   14    0 86.0 90.0 1
   12 1199  135  115 56.0 60.0 1
   38 3440   14    0 86.0 90.0 1
    9 2914  200   28 45.0 82.0 1
   27 2426  200   21 45.0 84.0 1
    2 2750  333   21 31.0 84.0 1
   37 3317   61    0 73.0 90.0 1
   12 3484   61    0 73.0 90.0 1
   34 2314  156    0 52.0 90.0 1
   10 2237   73    0 70.0 90.0 1
   17 1887    3    0 89.0 90.0 1
   18  574   73    3 70.0 89.0 1
   28  908   85   57 67.0 74.0 0
   18 2127   57    3 74.0 89.0 1
   28 2623   85   73 67.0 70.0 1
   21 2580   98    0 64.0 90.0 1
   20 3554  333    0 31.0 90.0 1
   38  793   61    0 73.0 90.0 1
   17 1268   61   46 73.0 77.0 1
   19 2319  333   61 31.0 73.0 1
   10  664   61    0 73.0 90.0 1
