 500  22   1 109
   19 3238   65   65 72.0 72.0 1
   17  605   65   65 72.0 72.0 1
   20 3227  187  187 47.0 47.0 1
   48 2036  187  187 47.0 47.0 1
   40  941   65   65 72.0 72.0 1
   21  374  187    0 47.0 90.0 1
   32 1697  187   65 47.0 72.0 1
   31 1336  187    0 47.0 90.0 0
   25  910  187   65 47.0 72.0 1
   12 3043  187   65 47.0 72.0 1
   33 1878  187   65 47.0 72.0 1
   38 1765  187    0 47.0 90.0 1
    8  784  187    0 47.0 90.0 1
   22 3591  187    0 47.0 90.0 1
    3 1207  187   65 47.0 72.0 0
   19  706  187   65 47.0 72.0 1
   37 2392   65    0 72.0 90.0 1
   22 1058  187   65 47.0 72.0 1
   32 1355   65    0 72.0 90.0 0
    7 3218  187   65 47.0 72.0 1
    9  589   65    0 72.0 90.0 1
    5 3301   65    0 72.0 90.0 1
