 500  17   1 110
   27 1043  130  130 57.0 57.0 1
   39  715  130  130 57.0 57.0 1
    4 1520  174  174 49.0 49.0 1
   11 1658  308  308 33.0 33.0 0
   17  896  174    0 49.0 90.0 1
   31 1700  174    0 49.0 90.0 1
   45 3130  174  130 49.0 57.0 1
   48 1644  308  174 33.0 49.0 0
   48  897  308  130 33.0 57.0 0
   20 1482  174  130 49.0 57.0 0
   10 1272  174    0 49.0 90.0 1
    4 1218  308  174 33.0 49.0 1
   43 1536  308  174 33.0 49.0 1
   18 1004  308  130 33.0 57.0 1
   47 2729  130    0 57.0 90.0 1
   46 1635  174    0 49.0 90.0 1
   42  937  308    0 33.0 90.0 1
