 500  15   1 109
    9 2206  265  265 37.0 37.0 1
   12 2100  346  346 30.0 30.0 0
    1 2297  102  102 63.0 63.0 1
   34 3139  265  130 37.0 57.0 1
   55  641  102    0 63.0 90.0 1
   22 2871  265    0 37.0 90.0 1
   25 1473  346   54 30.0 75.0 1
   65 2099  346  130 30.0 57.0 1
   11 2146   54    0 75.0 90.0 1
   40  784  130  106 57.0 62.0 1
   12 2444  106    0 62.0 90.0 1
   64 3425  130  102 57.0 63.0 1
   55 2675  130   54 57.0 75.0 1
   50  386  106   54 62.0 75.0 1
   45  737  156  106 52.0 62.0 1
