 500  25   4 111
    3 3233  151  151 53.0 53.0 0
   28 3473  151    0 53.0 90.0 1
   11 2785  151    0 53.0 90.0 1
   25  457  151    0 53.0 90.0 1
   10 2109   32    0 81.0 90.0 1
   23 1037  151   32 53.0 81.0 1
   15 1141   32    0 81.0 90.0 1
   19 2677  151   32 53.0 81.0 1
   22 2944  256  162 38.0 51.0 1
   27  316   21    0 84.0 90.0 1
   28 2909  297  106 34.0 62.0 1
   17  310   65   21 72.0 84.0 1
   29  926  162   77 51.0 69.0 1
    2 1868  297   21 34.0 84.0 1
   28 1999  256   21 38.0 84.0 1
   27  653  320    0 32.0 90.0 1
    6 1784  320    0 32.0 90.0 1
   27  900  320   39 32.0 79.0 1
   28 2959  320   39 32.0 79.0 1
    6 2866  320   39 32.0 79.0 1
   20 3462  162    0 51.0 90.0 0
   18 1290  162    0 51.0 90.0 1
   25 2830  162    0 51.0 90.0 1
   29 3304  222   10 42.0 87.0 1
   27  354  140   10 55.0 87.0 1
