 500  19   2 112
   37  385  168    0 50.0 90.0 1
    1 1614  230  230 41.0 41.0 1
   47  408  162    0 51.0 90.0 1
   27 2881  230  230 41.0 41.0 1
   43 1026  168  168 50.0 50.0 1
   38  537  162    0 51.0 90.0 1
   16  830  162  162 51.0 51.0 1
   41 1546  168    0 50.0 90.0 1
   48  970  187  120 47.0 59.0 1
   30 2811  187    0 47.0 90.0 1
   21  683  187  120 47.0 59.0 1
   43 1031  214    0 43.0 90.0 1
    7 1131  214    0 43.0 90.0 1
   11 3102  214  187 43.0 47.0 1
    5 1654  187    0 47.0 90.0 1
   41 1385  187    0 47.0 90.0 0
   12  742  187  120 47.0 59.0 1
    3  581  120    0 59.0 90.0 0
   29 1056  214  187 43.0 47.0 1
