 500  28   1 109
    8 1670  275  275 36.0 36.0 1
   26 3455  238  238 40.0 40.0 1
    7 1748  275  275 36.0 36.0 1
   23 1225  238  238 40.0 40.0 1
   29 1412  168  168 50.0 50.0 1
    1  676  168  168 50.0 50.0 1
   30 3175  275    0 36.0 90.0 0
   21  392  168    0 50.0 90.0 1
   34 2541  275  238 36.0 40.0 1
   14 1333  275  238 36.0 40.0 1
   11 1485  168    0 50.0 90.0 1
    8 1493  238  168 40.0 50.0 1
    5 1517  275  238 36.0 40.0 0
    9 2326  238  168 40.0 50.0 1
   29 2271  238    0 40.0 90.0 1
    1 1363  238  168 40.0 50.0 1
   33  627  168    0 50.0 90.0 1
    4 2773  275  168 36.0 50.0 1
   33 1553  238  168 40.0 50.0 1
   22 2550  275  238 36.0 40.0 1
   10 1785  238    0 40.0 90.0 1
   29 2249  238    0 40.0 90.0 1
    9 1035  275  168 36.0 50.0 1
   23 2910  275    0 36.0 90.0 0
    8  890  238    0 40.0 90.0 1
   34 2628  238  168 40.0 50.0 1
   20  703  275    0 36.0 90.0 1
   19  540  238    0 40.0 90.0 1
