 500  25   1 110
   39 1661   46   46 77.0 77.0 1
    9 1045   89   89 66.0 66.0 1
   21 2806   89   89 66.0 66.0 1
   27 1765   89   89 66.0 66.0 1
   26 1268  162  162 51.0 51.0 1
    5  873  162  162 51.0 51.0 1
    8  828   21   21 84.0 84.0 1
   36 1428  115  115 60.0 60.0 1
   10 1089  115   46 60.0 77.0 1
    7  852   89   21 66.0 84.0 1
   12  758   89   46 66.0 77.0 0
   17  893  115    0 60.0 90.0 0
    1  354  115    0 60.0 90.0 0
   11  397   21    0 84.0 90.0 1
   14  588  115   21 60.0 84.0 1
   29  446  115   89 60.0 66.0 1
   34 1703  115   46 60.0 77.0 1
   21 1316  346  115 30.0 60.0 1
   31 1746  247   21 39.0 84.0 1
   39 1656  275   21 36.0 84.0 1
   13  510   89   21 66.0 84.0 0
   31 1355  247    0 39.0 90.0 1
   19  420  115   28 60.0 82.0 1
   31  662  247    0 39.0 90.0 1
    9  656  275   46 36.0 77.0 1
