 500  30   2 112
    4  974  230  230 41.0 41.0 1
   12 1331  207  207 44.0 44.0 0
   10  828  207  207 44.0 44.0 1
   27 1787  207  207 44.0 44.0 1
    9 1409  207  207 44.0 44.0 1
   32 1316  230  230 41.0 41.0 1
   12  673  207    0 44.0 90.0 1
   13 2938  230  230 41.0 41.0 1
   21 1744  207  207 44.0 44.0 1
   11  875  207    0 44.0 90.0 0
   14  946  230  207 41.0 44.0 1
   29 1775  230  207 41.0 44.0 1
   20  880  207    0 44.0 90.0 1
   21  734  207    0 44.0 90.0 1
   29 1323  230  207 41.0 44.0 1
    6  544  230    0 41.0 90.0 1
    4  434   65   25 72.0 83.0 1
    1  919   89   65 66.0 72.0 1
    5 1430   89   65 66.0 72.0 1
   31 1719  214   25 43.0 83.0 1
    8  962  214  151 43.0 53.0 1
   27 2754   25    0 83.0 90.0 1
   28  798  151   17 53.0 85.0 1
   13 3436  151    0 53.0 90.0 1
   28 1761  214   25 43.0 83.0 1
   12  683   17    0 85.0 90.0 1
   31 1026  214    0 43.0 90.0 1
    8 1442   89   17 66.0 85.0 1
    5 1364   89   17 66.0 85.0 1
   29 1263  214   17 43.0 85.0 1
