 500  26   1 110
   11 1612  140  140 55.0 55.0 1
   26 3577  275  275 36.0 36.0 0
   18  986  140  140 55.0 55.0 1
   27 1402   81   81 68.0 68.0 1
   10 1157   77   77 69.0 69.0 1
    8 1705  297  297 34.0 34.0 0
   14  998   77   77 69.0 69.0 1
   16  687   81   77 68.0 69.0 1
   21 1763  297  275 34.0 36.0 1
   31  916  140    0 55.0 90.0 1
   23 1220  140  140 55.0 55.0 1
   21  593  140   77 55.0 69.0 0
   13 1241  140  140 55.0 55.0 1
   32  723   77    0 69.0 90.0 1
   25  306  140    0 55.0 90.0 1
   16  877   77    0 69.0 90.0 1
   10  744  140  140 55.0 55.0 1
   27 1747  297   77 34.0 69.0 1
   17 1167  140   77 55.0 69.0 0
    9  999  275   77 36.0 69.0 1
   17 1055  297    0 34.0 90.0 1
   22 1141  140   77 55.0 69.0 1
   23  413   77    0 69.0 90.0 1
   24 2783  275   81 36.0 68.0 1
   31 1569  275   81 36.0 68.0 1
    8  843  275   77 36.0 69.0 1
