 500  23   3 112
    5  418  106   10 62.0 87.0 1
   27  742  106    0 62.0 90.0 1
   15  838  106    0 62.0 90.0 1
   31 1346   10    0 87.0 90.0 1
   15 3093   46    0 77.0 90.0 1
   36 2848   77   46 69.0 77.0 1
   27 1271  265   43 37.0 78.0 1
   34 1472  265   43 37.0 78.0 1
   29  604  151    0 53.0 90.0 0
   10 1614  333   43 31.0 78.0 1
    9 1693  151    0 53.0 90.0 1
   43 1458  265    0 37.0 90.0 1
    9 2959  333   43 31.0 78.0 1
   34 1378  265    0 37.0 90.0 1
   43  754   85    0 67.0 90.0 0
   34 1491  140   85 55.0 67.0 1
   20 1662  140    0 55.0 90.0 1
    1 1147   85    0 67.0 90.0 1
   10  537   85    0 67.0 90.0 1
   18  735  180    0 48.0 90.0 1
    7  701  180    0 48.0 90.0 1
   13 3391   85    0 67.0 90.0 1
   30  375  180    0 48.0 90.0 1
