 500  16   3 111
   61 1995  230  230 41.0 41.0 1
   13 2714  230  230 41.0 41.0 1
    9 1792  346  140 30.0 55.0 0
   60 2927  346  140 30.0 55.0 1
   47 2392  120    0 59.0 90.0 0
   50 1140  200   32 45.0 81.0 1
   45 2035  106    0 62.0 90.0 1
   26  924   69    0 71.0 90.0 1
   27 2112  174   69 49.0 71.0 1
   35 1947  106    0 62.0 90.0 1
   22 1454  115  106 60.0 62.0 1
    3 1449   39   10 79.0 87.0 1
    3 3069  207   39 44.0 79.0 1
    7  897   39    0 79.0 90.0 1
   43 1196  207    0 44.0 90.0 1
   49 2035   85    0 67.0 90.0 1
