 500  17   1 109
   15 3130  346  346 30.0 30.0 1
   32  947   54   54 75.0 75.0 1
   38 2744   54   54 75.0 75.0 0
   46  627   39   39 79.0 79.0 1
   10 1862   54   54 75.0 75.0 1
   54 1840   54   39 75.0 79.0 1
   20 3278   54   39 75.0 79.0 0
   53 1878   54   39 75.0 79.0 1
    6 3107  346   54 30.0 75.0 1
    6 3276  265   54 37.0 75.0 1
    5 1530   54   39 75.0 79.0 1
   35 3499  265    0 37.0 90.0 1
   49  664  265   54 37.0 75.0 1
   31 1342  346   39 30.0 79.0 1
   47 3017   54   39 75.0 79.0 1
   48 2994  265   39 37.0 79.0 1
    5 2290   54   39 75.0 79.0 1
