 500  15   3 112
   46  413  193    0 46.0 90.0 1
    7 3052  156   32 52.0 81.0 1
   62  791  156  145 52.0 54.0 1
   55 1751  187  156 47.0 52.0 1
    1  648  156  145 52.0 54.0 1
   28 3383  180   93 48.0 65.0 1
   61  882  180   43 48.0 78.0 1
   29 1207   93   43 65.0 78.0 0
   30 3447   93   43 65.0 78.0 0
   65  310  151    0 53.0 90.0 1
   17 2302  275    0 36.0 90.0 1
   13  676  162    0 51.0 90.0 0
   64 3526  162    0 51.0 90.0 1
   14 3551  162    0 51.0 90.0 1
    8 1296  140    0 55.0 90.0 0
