 500  16   2 112
   40 1209   93   93 65.0 65.0 1
   26 3186  174  174 49.0 49.0 1
   49 1590  115  115 60.0 60.0 1
   29 1790  130   93 57.0 65.0 1
   40 1072  174  115 49.0 60.0 1
    1 2781  214  130 43.0 57.0 1
   30 1576  115    0 60.0 90.0 1
   14  539  106    0 62.0 90.0 1
   21 1193  333    0 31.0 90.0 1
   19 1718  333  106 31.0 62.0 1
   32  407  115    0 60.0 90.0 1
   54 1233  115    0 60.0 90.0 1
   53 1447  333  115 31.0 60.0 1
   45 3230  333  106 31.0 62.0 1
   14 1725  115  106 60.0 62.0 1
   33 1641  333    0 31.0 90.0 1
