 500  30   5 112
   17 1287   69   69 71.0 71.0 1
   19 1411  120  120 59.0 59.0 1
    4 2956   73   73 70.0 70.0 1
   33 1089  275  238 36.0 40.0 1
   25  422   73   73 70.0 70.0 1
   30 3330  265   10 37.0 87.0 1
   10 1479  265   10 37.0 87.0 1
   20 1707  265   50 37.0 76.0 1
    3 1139  265   50 37.0 76.0 1
    3 2898   50    0 76.0 90.0 1
   21 1784   50   10 76.0 87.0 1
    9 1529   81    0 68.0 90.0 1
   16  734  214    0 43.0 90.0 1
    1  350   89    0 66.0 90.0 0
   10 2892  222    0 42.0 90.0 1
   31 1290  222   81 42.0 68.0 1
   19 3204  222    0 42.0 90.0 1
    5 1050   89   81 66.0 68.0 0
   10 2616  222   14 42.0 86.0 1
    1 1448  120   14 59.0 86.0 1
   31 2467  265    0 37.0 90.0 1
    1 1826  265  120 37.0 59.0 1
   30 3464  222    0 42.0 90.0 1
   13 3339  265  120 37.0 59.0 1
   16 2512  320    0 32.0 90.0 1
    9 3553  140    0 55.0 90.0 1
   26  471   65    0 72.0 90.0 1
   33 1427  140  125 55.0 58.0 1
   25 1349  320  125 32.0 58.0 1
   29  879   65   17 72.0 85.0 1
