 500  20   1 110
   55  770   43   43 78.0 78.0 1
   27  317   43   43 78.0 78.0 1
   27  589   43   43 78.0 78.0 1
    9 1119   43   43 78.0 78.0 1
   22 1700   43    0 78.0 90.0 1
    5  689  200    0 45.0 90.0 1
   48  757  200    0 45.0 90.0 1
    9  596   43    0 78.0 90.0 1
   33 1165  200    0 45.0 90.0 1
   41 1694  200   43 45.0 78.0 0
    9  782  200    0 45.0 90.0 1
   29 1241  200   43 45.0 78.0 1
   45  765  200   43 45.0 78.0 1
   13 1379  200   43 45.0 78.0 1
   19 1142  200   43 45.0 78.0 1
   11 1321  200   43 45.0 78.0 1
   22 2927  200   43 45.0 78.0 1
    1 3595  200   43 45.0 78.0 1
   23 1175  200    0 45.0 90.0 1
   52  320   43    0 78.0 90.0 1
