 500  21   1 110
   33 1527  174  174 49.0 49.0 1
   26  807  120  120 59.0 59.0 1
   33 1669  320  320 32.0 32.0 1
   12 1324  115  115 60.0 60.0 1
   13  691  120  120 59.0 59.0 1
   16 1151  320  120 32.0 59.0 1
   38 1392  320    0 32.0 90.0 1
    6 1729  174  115 49.0 60.0 1
   14 1690  174    0 49.0 90.0 1
   18 3163  115    0 60.0 90.0 1
    5  643  115    0 60.0 90.0 1
   31 1142  320    0 32.0 90.0 1
   16 1724  120    0 59.0 90.0 1
   39  831  120  115 59.0 60.0 1
   17 1226  120  115 59.0 60.0 1
   40 1047  174  115 49.0 60.0 1
   40 3216  320  115 32.0 60.0 1
   17 1114  320    0 32.0 90.0 1
   15 1002  174  120 49.0 59.0 1
   39 1060  174    0 49.0 90.0 1
   32 1297  120  115 59.0 60.0 1
