 500  21   3 116
   25 1001   39   39 79.0 79.0 1
   27 3021   61   61 73.0 73.0 1
   27 1166   39    0 79.0 90.0 1
   27  453   98    0 64.0 90.0 1
   22 3422   57   17 74.0 85.0 1
   26 1527   98   57 64.0 74.0 1
   20 1104   98    0 64.0 90.0 1
   28 1422  125   50 58.0 76.0 1
   27 1709  265   50 37.0 76.0 1
   20 1643  140    0 55.0 90.0 1
   20 1562  346  200 30.0 45.0 1
   25 3449  265   50 37.0 76.0 1
   19 1126  265  200 37.0 45.0 1
   28  731  140  125 55.0 58.0 1
   24  782  156  135 52.0 56.0 1
   26 1657  265  156 37.0 52.0 1
   20 1439   54   17 75.0 85.0 1
   17 1464   17    0 85.0 90.0 1
   20  817   43    0 78.0 90.0 1
   27 3429  265  156 37.0 52.0 0
   25 1125   43    0 78.0 90.0 1
