 500  28   5 115
   22 1324  265  265 37.0 37.0 1
   21 1360  207  207 44.0 44.0 1
   14  904  207  207 44.0 44.0 1
   13 1089  207    0 44.0 90.0 0
   24 2146  207    0 44.0 90.0 1
   16 2079   46   10 77.0 87.0 1
   13 2645  156   57 52.0 74.0 0
   23  932   89   21 66.0 84.0 1
   13 1878  214   89 43.0 66.0 1
   21  841   89   73 66.0 70.0 1
   17 1889   57    7 74.0 88.0 1
   15 3112   89    0 66.0 90.0 1
   15 2929   73   50 70.0 76.0 1
   21 3237   73   50 70.0 76.0 1
   22 3389  125    0 58.0 90.0 1
   23 2643  125   39 58.0 79.0 1
   13 2916   39    0 79.0 90.0 1
   15 2731  207  174 44.0 49.0 1
   16 3402  115    0 60.0 90.0 1
   18  681  168  115 50.0 60.0 1
   18 2904  207  174 44.0 49.0 1
   14 3232  174  115 49.0 60.0 1
   24  593  168   21 50.0 84.0 1
   13  529   54    0 75.0 90.0 1
   14 2112   98   54 64.0 75.0 1
   21  921  247   43 39.0 78.0 1
   21 2633  135   54 56.0 75.0 1
   20 2400  247   98 39.0 64.0 1
