 500  17   1 113
   32  447   43   43 78.0 78.0 1
   32 1843   43   43 78.0 78.0 0
   28  827   43   43 78.0 78.0 1
   25 2377   43   43 78.0 78.0 1
   26 1971   43   43 78.0 78.0 0
   32 1890  286  286 35.0 35.0 1
   32 2569  286   43 35.0 78.0 1
   28 1710  286   43 35.0 78.0 1
   32 2763  286   43 35.0 78.0 1
   25  886  286   43 35.0 78.0 1
   24 1158  286    0 35.0 90.0 1
   33 3042  286   43 35.0 78.0 1
   34 1588   43    0 78.0 90.0 1
   28  992  286   43 35.0 78.0 1
   25 2874  286   43 35.0 78.0 1
   32 2522  286   43 35.0 78.0 1
   32 2479  286   43 35.0 78.0 1
