 500  28   2 115
   22 3537  130  130 57.0 57.0 1
   21  967  187  187 47.0 47.0 1
   20 2963  230  130 41.0 57.0 1
   12  537  130  130 57.0 57.0 1
   16 3495  346  308 30.0 33.0 1
   17 1570  111    0 61.0 90.0 1
   21  860  187  130 47.0 57.0 1
   15  435  187    0 47.0 90.0 1
   21 3332  130  111 57.0 61.0 1
   20 3099  346  111 30.0 61.0 1
   13  369  151    0 53.0 90.0 1
   18 1540  308  187 33.0 47.0 1
   19 3143  286  111 35.0 61.0 1
   14 3311  168    0 50.0 90.0 1
   21 2649   50   25 76.0 83.0 1
   17 1289  200  111 45.0 61.0 1
   23 3483  168    0 50.0 90.0 1
   16 3311   50   25 76.0 83.0 1
   20 1091  168   25 50.0 83.0 1
   16  758   50    0 76.0 90.0 1
   23 1685   50   25 76.0 83.0 1
   14 1305  200   25 45.0 83.0 1
   19 3572  200   25 45.0 83.0 1
   18 2384  200    0 45.0 90.0 0
   13  721  168   50 50.0 76.0 1
   13 1974  200   50 45.0 76.0 1
   22  957  168   25 50.0 83.0 1
   16 3341   50   25 76.0 83.0 1
