 500  29   1 113
   20 2023   25   25 83.0 83.0 1
   19 1141   25   25 83.0 83.0 1
   20 1533    7    7 88.0 88.0 1
   22 3563   25   25 83.0 83.0 1
   22  819   25    7 83.0 88.0 1
   21 3099   25    7 83.0 88.0 1
   15 3385   25    0 83.0 90.0 1
   21 1721   25    0 83.0 90.0 1
   22 2610   25    0 83.0 90.0 1
   13 2894    7    0 88.0 90.0 1
   21  702   25    7 83.0 88.0 1
   20 1691   25   25 83.0 83.0 1
   22 2903    7    0 88.0 90.0 1
   18 2782   25    0 83.0 90.0 1
   12 1840   25    7 83.0 88.0 1
   20 2959   25   25 83.0 83.0 1
   15  928   25    0 83.0 90.0 0
   13 3399    7    0 88.0 90.0 1
   16  327   25    0 83.0 90.0 1
   13 2532   25    0 83.0 90.0 1
   15 2824   25   25 83.0 83.0 1
   12 2277   25    7 83.0 88.0 1
   13 1867   25    7 83.0 88.0 1
   14 2713   25    0 83.0 90.0 1
   18 1105    7    0 88.0 90.0 1
   14 3279   25    0 83.0 90.0 1
   16  798   25    0 83.0 90.0 1
   19  678   25    0 83.0 90.0 1
   14 1474   25    0 83.0 90.0 1
