 500  25   4 115
   19  735  200   14 45.0 86.0 1
   16 1274  230   32 41.0 81.0 0
   18 2765   65    0 72.0 90.0 1
   25 1195  230   14 41.0 86.0 1
   19 2663   14    0 86.0 90.0 1
   17 2174   65   32 72.0 81.0 1
   18 3094  168   61 50.0 73.0 0
   17  616   77    0 69.0 90.0 1
   26 2106   93   61 65.0 73.0 1
   22 3361   77   61 69.0 73.0 1
   25 1491   69   69 71.0 71.0 1
   22  818   77   69 69.0 71.0 1
   17  551   69   61 71.0 73.0 1
   18 2231  256   28 38.0 82.0 1
   17 1760  256    0 38.0 90.0 1
   17  926  247    0 39.0 90.0 1
   18 2596  247    0 39.0 90.0 1
   26 1355  247    0 39.0 90.0 1
   20 1234  247    0 39.0 90.0 1
   17 1933  151    0 53.0 90.0 1
   22 2978  297  125 34.0 58.0 1
   23 2735  222  125 42.0 58.0 1
   22 3322  125   98 58.0 64.0 1
   18 1578  125   65 58.0 72.0 1
   21  893  125    0 58.0 90.0 1
