 500  27   1 114
   22 1128  256  256 38.0 38.0 1
   22 1451   54   54 75.0 75.0 1
   16  925   54   54 75.0 75.0 0
   20 1138   54   54 75.0 75.0 1
   21  808  151   54 53.0 75.0 1
   23  531  174   54 49.0 75.0 1
   14 1414  256  151 38.0 53.0 1
   18 1607  256    0 38.0 90.0 1
   21  904  174    0 49.0 90.0 1
   22 1537  174  151 49.0 53.0 1
   15 1046  256  151 38.0 53.0 1
   17 1789  256  174 38.0 49.0 1
   22 1579  256  151 38.0 53.0 1
   15  817  256    0 38.0 90.0 1
   21  508  174    0 49.0 90.0 1
   19 1050   54    0 75.0 90.0 1
   21 1458  174  151 49.0 53.0 0
   19  723  174   54 49.0 75.0 1
   13 1783  151   54 53.0 75.0 1
   13 1564  174  151 49.0 53.0 0
   13  907  256  151 38.0 53.0 1
   20  970  174    0 49.0 90.0 1
   22  891  151   54 53.0 75.0 1
   13 3504   54    0 75.0 90.0 1
   19  762  256   54 38.0 75.0 0
   17 1325   54    0 75.0 90.0 1
   22  590  151   54 53.0 75.0 1
