 500  17   1 114
   34 1237  115  115 60.0 60.0 0
   35  714  115  115 60.0 60.0 1
   26  573    3    3 89.0 89.0 1
   34 1448  222  222 42.0 42.0 1
   28  952    3    3 89.0 89.0 1
   25 1692  222  222 42.0 42.0 0
   32 1393  214  214 43.0 43.0 0
   27  804  222    3 42.0 89.0 1
   33 1460  115    3 60.0 89.0 1
   25 1652  214    3 43.0 89.0 1
   28  905  308    0 33.0 90.0 1
   28 2941  222    3 42.0 89.0 1
   27 1347  214    3 43.0 89.0 1
   29 1188  308    3 33.0 89.0 1
   35 2758  222    3 42.0 89.0 0
   26 1538  214  115 43.0 60.0 1
   28  362  115    0 60.0 90.0 1
