 500  15   2 116
   33  407   57   57 74.0 74.0 1
   35 1661   98    0 64.0 90.0 1
   32 3598   98   57 64.0 74.0 1
   30  728   98   69 64.0 71.0 1
   28  909   98   57 64.0 74.0 1
   29  914  247   57 39.0 74.0 1
   38 2743  115   57 60.0 74.0 1
   28 1004   98   57 64.0 74.0 0
   31  943  156    0 52.0 90.0 1
   39  511  115    0 60.0 90.0 1
   34 1481  193    0 46.0 90.0 1
   38 3082  125   77 58.0 69.0 1
   40 2832  125   46 58.0 77.0 1
   32 1389  125   46 58.0 77.0 1
   33 1456   46   46 77.0 77.0 1
