 500  29   1 114
   13 1214  156  156 52.0 52.0 1
   13 1110  162  162 51.0 51.0 1
   21  532   54   54 75.0 75.0 1
   20 1113   89   89 66.0 66.0 1
   13  515   89   89 66.0 66.0 1
   15 1280  162  162 51.0 51.0 1
   14  915   81   81 68.0 68.0 1
   21 1195   54   54 75.0 75.0 1
   21 2945  156   54 52.0 75.0 1
   17  322   69   54 71.0 75.0 1
   15 1035   69    0 71.0 90.0 1
   17 1137  207   69 44.0 71.0 1
   24 1593  156    0 52.0 90.0 1
   16 1558   54    0 75.0 90.0 1
   23 1510  156   69 52.0 71.0 1
   17  683   81   69 68.0 71.0 1
   22  330   69   54 71.0 75.0 0
   22  496  207    0 44.0 90.0 1
   14  731   81   54 68.0 75.0 1
   21  773  162   54 51.0 75.0 1
   13 1009  156    0 52.0 90.0 1
   19 1258   81   69 68.0 71.0 1
   13 1762  162    0 51.0 90.0 1
   13  918  207  156 44.0 52.0 1
   18 1402  156    0 52.0 90.0 1
   14  965   69    0 71.0 90.0 1
   18  679   89   81 66.0 68.0 1
   15  964   81   54 68.0 75.0 1
   18 1631  207  162 44.0 51.0 1
