 500  26   5 116
   17  749    7    7 88.0 88.0 1
   16 3134  320  320 32.0 32.0 1
   15 2902  207   17 44.0 85.0 1
   20 1460   81    7 68.0 88.0 0
   22 1041  286  207 35.0 44.0 1
   23 1274  275   21 36.0 84.0 1
   19  487  156    0 52.0 90.0 1
   23  720   21    0 84.0 90.0 1
   21 1890  275  247 36.0 39.0 1
   22 2835  156    0 52.0 90.0 1
   15  558  162   50 51.0 76.0 1
   16  824  193   50 46.0 76.0 1
   18 3497  320  135 32.0 56.0 1
   23  331  111    0 61.0 90.0 1
   22  412  111   50 61.0 76.0 1
   22 2136  275   57 36.0 74.0 1
   18 3507  265    0 37.0 90.0 1
   17 1326  187   73 47.0 70.0 1
   22 1316  286  145 35.0 54.0 1
   16 1543  286   57 35.0 74.0 1
   23  589  130  102 57.0 63.0 1
   16 1367  102    0 63.0 90.0 1
   20 1707   46    0 77.0 90.0 1
   21 3297  130  102 57.0 63.0 0
   13 2711  102    0 63.0 90.0 1
   20 1217  102   46 63.0 77.0 1
