 500  17   1 114
   32  684   43   43 78.0 78.0 1
   30  816   43   43 78.0 78.0 1
   24  896   43   43 78.0 78.0 1
   23 1141   43   43 78.0 78.0 1
   25  460   39   39 79.0 79.0 1
   32  700   39    0 79.0 90.0 1
   33 1354  297   43 34.0 78.0 1
   31 1664   39    0 79.0 90.0 1
   31 1006  297   43 34.0 78.0 1
   27 1207  297    0 34.0 90.0 1
   27  726  297    0 34.0 90.0 1
   26 2825  238    0 40.0 90.0 0
   25  594  238   43 40.0 78.0 1
   30 1146  238    0 40.0 90.0 1
   36  867  238    0 40.0 90.0 1
   36  324   39    0 79.0 90.0 1
   32 2802   39    0 79.0 90.0 0
