 500  24   1 114
   21  553   17   17 85.0 85.0 1
   15  711   17   17 85.0 85.0 1
   24 1644  333  333 31.0 31.0 1
   20 1602  333   17 31.0 85.0 1
   25 1428  256  151 38.0 53.0 1
   20 1511   69   28 71.0 82.0 1
   18  334   69   17 71.0 85.0 1
   25 1373  333    0 31.0 90.0 0
   25  715   69   28 71.0 82.0 1
   18 1609  333  256 31.0 38.0 0
   22  924  333   17 31.0 85.0 1
   22 1018  151   28 53.0 82.0 1
   25  556   28   17 82.0 85.0 1
   22 3226  333  151 31.0 53.0 1
   14  361   69   28 71.0 82.0 1
   23 2932   69   17 71.0 85.0 1
   23 1508  256   17 38.0 85.0 1
   15  973   17   17 85.0 85.0 1
   18  779  151   17 53.0 85.0 1
   23 1415  333  151 31.0 53.0 1
   23 1676  333   17 31.0 85.0 1
   21  837   69   17 71.0 85.0 1
   19 1102  333   69 31.0 71.0 1
   19  894  256   17 38.0 85.0 1
