 500  29   3 116
   20 1667  140  140 55.0 55.0 1
   18  357  140    0 55.0 90.0 1
   13 1754  297  265 34.0 37.0 1
   15 1157  297   50 34.0 76.0 1
   16 3433  297   50 34.0 76.0 0
   20  864  265   50 37.0 76.0 1
   17 1193   50    0 76.0 90.0 1
   13 1535  265    0 37.0 90.0 1
   14 1720  140    0 55.0 90.0 1
   16  818   50   50 76.0 76.0 1
   12 2547   50    0 76.0 90.0 1
   20  550   50   50 76.0 76.0 1
   14 1624  297    0 34.0 90.0 1
   22  546   50    0 76.0 90.0 0
   21  305   50    0 76.0 90.0 1
   14 3122   50   50 76.0 76.0 1
   12 3221  297    0 34.0 90.0 1
   22 2912   50   50 76.0 76.0 1
   20  326  145    0 54.0 90.0 0
   12 2876  265   46 37.0 77.0 1
   22  981  265   73 37.0 70.0 1
   19  648  145   46 54.0 77.0 1
   20 1505   46   10 77.0 87.0 1
   22 1749  145   46 54.0 77.0 1
   19 1631  145   46 54.0 77.0 1
   18 1767  265   10 37.0 87.0 1
   18 3593   46   10 77.0 87.0 1
   17 1749   73   10 70.0 87.0 1
   14  953   73    0 70.0 90.0 1
