 500  23   4 115
   26 1965   57   57 74.0 74.0 1
   23 1296   89   89 66.0 66.0 1
   20 1611   89   89 66.0 66.0 1
   18 2517   89    0 66.0 90.0 1
   28 2019   89    0 66.0 90.0 0
   23 2002   57    0 74.0 90.0 1
   19 1116   89    0 66.0 90.0 1
   23 2814  238   50 40.0 76.0 1
   19 2255  286  286 35.0 35.0 1
   28 2237  286   98 35.0 64.0 1
   17 2065  174    0 49.0 90.0 0
   21 3343  286   65 35.0 72.0 1
   19 1281   50    0 76.0 90.0 0
   18 2384  187  130 47.0 57.0 0
   18 1653   93    0 65.0 90.0 1
   25  308   93    0 65.0 90.0 1
   23 2768  187  130 47.0 57.0 1
   18 3179  187   93 47.0 65.0 1
   24  972   65    0 72.0 90.0 1
   26 3378   35    0 80.0 90.0 1
   20  832   65    0 72.0 90.0 1
   25  971   35    0 80.0 90.0 1
   19 2709   65   35 72.0 80.0 1
