 500  20   2 115
   23 1588  346  346 30.0 30.0 1
   28  403   10    0 87.0 90.0 1
   23  802  346    0 30.0 90.0 1
   24 2297  346   10 30.0 87.0 0
   29 3317   10    0 87.0 90.0 1
   23 2257  346    0 30.0 90.0 1
   21  377   10    0 87.0 90.0 1
   24 2232  346   10 30.0 87.0 1
   20 1401   10    0 87.0 90.0 1
   24 3168   10    0 87.0 90.0 1
   30 3207  346   10 30.0 87.0 1
   23 2919   10    0 87.0 90.0 1
   24 1877  286    0 35.0 90.0 1
   31 2680  286  247 35.0 39.0 1
   21 3569  222    0 42.0 90.0 1
   22 1235  286  222 35.0 42.0 1
   29 2280  222    0 42.0 90.0 1
   20 3002  286    0 35.0 90.0 1
   29  865  222    0 42.0 90.0 1
   32  674  222    0 42.0 90.0 1
