 500  20   2 116
   28 1263   10   10 87.0 87.0 1
   26 1750   21   14 84.0 86.0 1
   24  458   50    7 76.0 88.0 1
   25 1409   14    3 86.0 89.0 1
   22  480   14    3 86.0 89.0 1
   27 2858  320    7 32.0 88.0 1
   27 3157  193  140 46.0 55.0 1
   25 1142  193  111 46.0 61.0 1
   31  563  140    0 55.0 90.0 1
   25 1793  111    0 61.0 90.0 1
   25  567  193    0 46.0 90.0 1
   27 1044  346    0 30.0 90.0 1
   22 3584  140  111 55.0 61.0 1
   20  640  111    0 61.0 90.0 1
   22 1034  193  111 46.0 61.0 1
   20  492  111    0 61.0 90.0 1
   20 1071  346  140 30.0 55.0 1
   27 1126  193  140 46.0 55.0 1
   28  665  193    0 46.0 90.0 1
   29  488  140    0 55.0 90.0 1
