 500  22   3 115
   24  909  140  140 55.0 55.0 1
   26 2381  125  125 58.0 58.0 1
   27 3469   21    0 84.0 90.0 1
   22  560  180   77 48.0 69.0 1
   20  792  140   21 55.0 84.0 1
   17 2454  140   21 55.0 84.0 1
   23 2183  125    0 58.0 90.0 1
   23 1346  125   61 58.0 73.0 1
   27 1103  275    3 36.0 89.0 1
   21 2566  162  120 51.0 59.0 1
   26 2687  151   61 53.0 73.0 1
   27 1546  275    3 36.0 89.0 1
   20 2324  162  120 51.0 59.0 1
   18  730   61    3 73.0 89.0 1
   27 2519  275  162 36.0 51.0 1
   27 3115  120   61 59.0 73.0 1
   24 1660   28    0 82.0 90.0 1
   20 3094   81    0 68.0 90.0 1
   16 2633   81    0 68.0 90.0 1
   16 3329   81    0 68.0 90.0 1
   23 3496   81    0 68.0 90.0 1
   26 1447   81   28 68.0 82.0 1
