 500  28   4 116
   15 1581  247    0 39.0 90.0 1
   20 1576  247    0 39.0 90.0 1
   21 1317  247   43 39.0 78.0 1
   23 1704  247   85 39.0 67.0 1
   22 3244   85   43 67.0 78.0 1
   15 1512   43    0 78.0 90.0 1
   17  416   85    0 67.0 90.0 1
   15 1115   17    0 85.0 90.0 1
   20 1516  275   14 36.0 86.0 1
   20  684  106   61 62.0 73.0 0
   21 3376  333    0 31.0 90.0 1
   22  938   61   10 73.0 87.0 0
   21  561   61    0 73.0 90.0 1
   14 2765   14    0 86.0 90.0 1
   16 1385  333  333 31.0 31.0 1
   13 1442  187  180 47.0 48.0 1
   14  381  187    0 47.0 90.0 1
   17 1624   65   25 72.0 83.0 1
   15 1273  333  286 31.0 35.0 1
   18 2821  333  187 31.0 47.0 1
   16 1452  333  187 31.0 47.0 1
   19 2827  333  187 31.0 47.0 1
   21  775  286    0 35.0 90.0 1
   13 2751  187    0 47.0 90.0 1
   20 1219  187    0 47.0 90.0 1
   21 2956  187  125 47.0 58.0 1
   18 1606  125    0 58.0 90.0 1
   13 1048  125    0 58.0 90.0 1
