 500  24   1 113
   21 1158   69   69 71.0 71.0 1
   21 1250   43   43 78.0 78.0 1
   21 1900  187  187 47.0 47.0 0
   21  774  115    0 60.0 90.0 1
   19 1039   25    0 83.0 90.0 1
   19  468   43    0 78.0 90.0 1
   23 2699   69   43 71.0 78.0 0
   20 3298   69    0 71.0 90.0 1
   21 1229  162    0 51.0 90.0 1
   20 2286  162   61 51.0 73.0 1
   24 3103   61    0 73.0 90.0 1
   19  893  187   43 47.0 78.0 1
   25 2599  162    0 51.0 90.0 1
   21  358   43   25 78.0 83.0 1
   21 3304  187   61 47.0 73.0 1
   16 1155  187   43 47.0 78.0 1
   20 1772   69   43 71.0 78.0 1
   26 3314  187   25 47.0 83.0 1
   16  309   61   25 73.0 83.0 1
   21 2244  162  115 51.0 60.0 1
   17 3450  162   61 51.0 73.0 1
   26 1254  162   43 51.0 78.0 1
   23  874   69   25 71.0 83.0 1
   19 1258  115   25 60.0 83.0 1
