 500  29   1 113
   23 2003  120  120 59.0 59.0 1
   14  742  156  156 52.0 52.0 1
   22  566  135  135 56.0 56.0 1
   21 2177  135  135 56.0 56.0 1
   23 2412  120  120 59.0 59.0 1
   16 3553  156  156 52.0 52.0 1
   14 2483  320  320 32.0 32.0 0
   18 2065  120    0 59.0 90.0 1
   21 1244  320  120 32.0 59.0 1
   21 2430   50    0 76.0 90.0 1
   19 1814  320    0 32.0 90.0 1
   15 1632  156  120 52.0 59.0 1
   21  749  320   50 32.0 76.0 1
   16 1509  320  120 32.0 59.0 0
   13 3052  135   50 56.0 76.0 1
   17 2121  135    0 56.0 90.0 1
   15 1261  135   50 56.0 76.0 1
   23 1132   50    0 76.0 90.0 1
   14 2754  135   50 56.0 76.0 1
   18 3330  320  120 32.0 59.0 1
   12 1339   50    0 76.0 90.0 1
   16 1918  320  156 32.0 52.0 1
   13 3186  120    0 59.0 90.0 1
   14 1537  120    0 59.0 90.0 1
   16  985  156    0 52.0 90.0 1
   21 1368   50    0 76.0 90.0 1
   13 2903  320    0 32.0 90.0 1
   14 2788  156   50 52.0 76.0 1
   17 1690  320   50 32.0 76.0 1
