 500  16   2 116
   35 2881  120  120 59.0 59.0 1
   31  854  120   81 59.0 68.0 1
   35  604  168    0 50.0 90.0 1
   31 1433  174  106 49.0 62.0 0
   27 1120  115   81 60.0 68.0 1
   37  706  174    0 49.0 90.0 1
   32  859  247  106 39.0 62.0 0
   35 1294   69    0 71.0 90.0 0
   30  789   89    0 66.0 90.0 1
   32  879   89    0 66.0 90.0 1
   37  671   89   69 66.0 71.0 1
   29  409   89    0 66.0 90.0 1
   29  301   69    0 71.0 90.0 1
   26  519   89   69 66.0 71.0 1
   26 1728   89   69 66.0 71.0 1
   28 2720   89   69 66.0 71.0 1
