 500  21   1 113
   23 2836  106  106 62.0 62.0 1
   23 3125  207  207 44.0 44.0 1
   25 1888  207  207 44.0 44.0 1
   18 3290  187  187 47.0 47.0 1
   25 1395  168  168 50.0 50.0 1
   21 3595  102  102 63.0 63.0 1
   22 2213  207  120 44.0 59.0 1
   24 3205  187  106 47.0 62.0 0
   21 2404  187  102 47.0 63.0 0
   23 3168  151    0 53.0 90.0 1
   29  484  187    0 47.0 90.0 1
   19 1707  207    0 44.0 90.0 1
   20 1366  187    0 47.0 90.0 1
   23 1118  120    0 59.0 90.0 1
   26 1838  207  120 44.0 59.0 1
   25 2219  187  168 47.0 50.0 1
   30 2096  207  102 44.0 63.0 1
   28 2384  187    0 47.0 90.0 1
   27 2082  106    0 62.0 90.0 1
   25  993  168  102 50.0 63.0 1
   23  751  120  102 59.0 63.0 1
