 500  24   4 115
   16 2979  265    0 37.0 90.0 1
   18  946  346    0 30.0 90.0 1
   17 2158  346    0 30.0 90.0 1
   21 2132  346    0 30.0 90.0 1
   17 3017  265    0 37.0 90.0 1
   22 3598  346    0 30.0 90.0 1
   25 1654   89   57 66.0 74.0 1
   26 3158  151    3 53.0 89.0 1
   15 2194   73   21 70.0 84.0 1
   25  559   57   10 74.0 87.0 1
   20 2508   21    3 84.0 89.0 1
   24  304   89    3 66.0 89.0 1
   25 2115   21   10 84.0 87.0 1
   20 2901  238   43 40.0 78.0 1
   17 1476   54   39 75.0 79.0 1
   25 2187   46   10 77.0 87.0 1
   17 3543  238    0 40.0 90.0 1
   19  996  106   39 62.0 79.0 0
   20 1840  238  156 40.0 52.0 1
   22 3183  346  238 30.0 40.0 1
   26 1380  286  230 35.0 41.0 1
   21 1800  286  115 35.0 60.0 1
   22  359   43    0 78.0 90.0 1
   20 1548  346  238 30.0 40.0 1
