 500  26   5 115
   14 2079    3    3 89.0 89.0 1
   25 1165   81    0 68.0 90.0 1
   14 1326   10    0 87.0 90.0 1
   19 2032   32   10 81.0 87.0 1
   15 1506  214   81 43.0 68.0 1
   24 2403  151   43 53.0 78.0 1
   19 3395  207    0 44.0 90.0 1
   20  621  151   43 53.0 78.0 1
   14 3218  207   43 44.0 78.0 1
   21 1617  207   43 44.0 78.0 1
   15 3503  151    0 53.0 90.0 1
   22  364  130    0 57.0 90.0 1
   19 2438  151    0 53.0 90.0 1
   21 3595  151  130 53.0 57.0 1
   17 1170  130    0 57.0 90.0 1
   22 3476  130    0 57.0 90.0 1
   19 3280  106   46 62.0 77.0 1
   20 2340   46    0 77.0 90.0 1
   23 1298  106   46 62.0 77.0 1
   21 1699  106   46 62.0 77.0 1
   16 2768   46    0 77.0 90.0 1
   14  792  297   85 34.0 67.0 1
   19 1646  275  174 36.0 49.0 1
   22 2580  275  174 36.0 49.0 1
   24 1199  286   85 35.0 67.0 1
   21 1520  297  145 34.0 54.0 1
