 500  26   1 113
   23  746  106  106 62.0 62.0 1
   21 1359  106  106 62.0 62.0 1
   21 1245  106  106 62.0 62.0 1
   25 2323  106  106 62.0 62.0 1
   17 1045   81   81 68.0 68.0 1
   17 1841  308   81 33.0 68.0 1
   14 3194  308   81 33.0 68.0 1
   17 1824  106   81 62.0 68.0 1
   14  585  106    0 62.0 90.0 1
   21 1062  308   81 33.0 68.0 1
   18 2960  308  106 33.0 62.0 1
   23  832  308   81 33.0 68.0 1
   20 1045   81    0 68.0 90.0 1
   17 2647  308  106 33.0 62.0 1
   24 2766   81    0 68.0 90.0 1
   18 1251   81   81 68.0 68.0 1
   19 2928   81   81 68.0 68.0 1
   19 3132  106   81 62.0 68.0 1
   24 3569  308    0 33.0 90.0 0
   15 2774  308   81 33.0 68.0 1
   23 3228  308   81 33.0 68.0 1
   14 2834  106   81 62.0 68.0 1
   19 1035   81    0 68.0 90.0 1
   25 3272  106   81 62.0 68.0 1
   14 2899   81   81 68.0 68.0 1
   18 2378  308   81 33.0 68.0 1
