 500  18   1 114
   25 1637  187  187 47.0 47.0 1
   25 1239  162  162 51.0 51.0 1
   32  398  187    0 47.0 90.0 1
   24 1228  256  256 38.0 38.0 0
   34 1746  187  187 47.0 47.0 1
   27 1086  256  256 38.0 38.0 1
   28  928  187  187 47.0 47.0 1
   28 1220  162  162 51.0 51.0 1
   22 3344  187  187 47.0 47.0 1
   32 1405  256  162 38.0 51.0 1
   29 1241  256  162 38.0 51.0 1
   24 1669  187  162 47.0 51.0 1
   27 1525  256    0 38.0 90.0 1
   31 1655  256    0 38.0 90.0 1
   28  698  187  162 47.0 51.0 1
   26 3152  256  187 38.0 47.0 1
   28 1141  256    0 38.0 90.0 1
   30  664  187    0 47.0 90.0 1
