 500  16   2 115
   35 2268   25   25 83.0 83.0 0
   29 3337   77   25 69.0 83.0 1
   35 2328  125    0 58.0 90.0 1
   26  543  135   25 56.0 83.0 1
   33 1282  333  135 31.0 56.0 1
   35  751  238   77 40.0 69.0 1
   36  621  238   25 40.0 83.0 1
   27 2485  320  120 32.0 59.0 1
   36 1035  156  120 52.0 59.0 1
   26 3579  320    0 32.0 90.0 1
   37 1897  156    0 52.0 90.0 0
   38 1296  156    0 52.0 90.0 1
   29 3178  120    0 59.0 90.0 1
   26 2155  320    0 32.0 90.0 1
   25 2859  320  156 32.0 52.0 1
   27  671  320    0 32.0 90.0 1
