 500  18   3 116
   33 3268    3    0 89.0 90.0 1
   23 1156   85   32 67.0 81.0 0
   25 1771    3    0 89.0 90.0 1
   27 2703  193   32 46.0 81.0 1
   25  318   85   32 67.0 81.0 1
   23  976   81   32 68.0 81.0 1
   27  402   81   65 68.0 72.0 1
   34 1300   77    0 69.0 90.0 1
   33 1142  222    0 42.0 90.0 1
   34 2976   77   65 69.0 72.0 1
   34 1024  222   81 42.0 68.0 1
   29 3010   81   77 68.0 69.0 1
   25 3464   14    0 86.0 90.0 1
   24 2995   14    0 86.0 90.0 1
   25 1029   85    0 67.0 90.0 1
   23  628   14    0 86.0 90.0 1
   26  706   85   14 67.0 86.0 0
   30  319   85    0 67.0 90.0 1
