 500  19   1 113
   32  922   21   21 84.0 84.0 1
   26 1526   21   21 84.0 84.0 0
   30  406   98   98 64.0 64.0 1
   29 1998   21   21 84.0 84.0 1
   28 3013   98   98 64.0 64.0 1
   22 2081   98   98 64.0 64.0 1
   30 2577   21   21 84.0 84.0 1
   34 3266   21    0 84.0 90.0 1
   23 2694   98   21 64.0 84.0 1
   22 3199   98   21 64.0 84.0 1
   23 2966   98    0 64.0 90.0 1
   32 3392   98    0 64.0 90.0 1
   28 2780   98   21 64.0 84.0 1
   28  380   98    0 64.0 90.0 1
   21 2190   98    0 64.0 90.0 1
   23  699   21    0 84.0 90.0 1
   23 1293   98    0 64.0 90.0 1
   25 1084   98    0 64.0 90.0 1
   21 3369   98   21 64.0 84.0 1
