 500  22   1 117
   21 2184  214  214 43.0 43.0 0
   23 3583   46   46 77.0 77.0 1
   21 1199   14   14 86.0 86.0 1
   22 1572  214  214 43.0 43.0 1
   24 2994   28   28 82.0 82.0 1
   24 3305  214  214 43.0 43.0 1
   21  632   14   14 86.0 86.0 1
   23 1691   28   28 82.0 82.0 1
   23 2706   28   28 82.0 82.0 0
   23 2339  256  256 38.0 38.0 1
   23  744  256   28 38.0 82.0 1
   24 3075  256  102 38.0 63.0 0
   22 2409  102    0 63.0 90.0 0
   25 1187   57    0 74.0 90.0 0
   24 1258   46   14 77.0 86.0 1
   23  663  102   28 63.0 82.0 1
   22 2985  214   28 43.0 82.0 1
   22  747  256    0 38.0 90.0 1
   22 3243  256   57 38.0 74.0 1
   22 3170  102    0 63.0 90.0 1
   22  391   14    0 86.0 90.0 1
   24 3180  256   46 38.0 77.0 1
