 500  16   2 120
   29 2843   57   57 74.0 74.0 0
   33  725  286    0 35.0 90.0 1
   31  485   57    0 74.0 90.0 1
   31 1478   57    0 74.0 90.0 1
   31 3044  286   57 35.0 74.0 1
   31 1640   57    0 74.0 90.0 1
   32 1731   57    0 74.0 90.0 1
   31  448   57    0 74.0 90.0 1
   31 1493  230    3 41.0 89.0 0
   32 3269  168   43 50.0 78.0 0
   30 1760  106   21 62.0 84.0 1
   32  979   57    0 74.0 90.0 1
   33 2792  230    0 41.0 90.0 1
   30  610  168   93 50.0 65.0 1
   32  750  230   21 41.0 84.0 1
   31  720   57    3 74.0 89.0 1
