 500  29   1 118
   18 1661   77   77 69.0 69.0 1
   16  617  125  125 58.0 58.0 1
   16 1471   50   50 76.0 76.0 1
   18 1288  125  125 58.0 58.0 1
   17  476   14   14 86.0 86.0 1
   16 1337   77   77 69.0 69.0 1
   17  452   50   50 76.0 76.0 1
   18 1629   57   57 74.0 74.0 1
   17 1655   98   98 64.0 64.0 1
   16  797   77   57 69.0 74.0 1
   16 3597   50   14 76.0 86.0 1
   19 1568   50   14 76.0 86.0 1
   17 1195  200    0 45.0 90.0 1
   17  507   77    3 69.0 89.0 1
   17  744   57    3 74.0 89.0 1
   18 1604   50    3 76.0 89.0 1
   18  568   50   14 76.0 86.0 1
   19 1024  200   50 45.0 76.0 1
   16  792   98   50 64.0 76.0 0
   18  903    3    0 89.0 90.0 1
   18 1346  200   98 45.0 64.0 1
   15  641  200   98 45.0 64.0 1
   17 1377  200   98 45.0 64.0 1
   18 1427  200   98 45.0 64.0 1
   18 1415   98   14 64.0 86.0 1
   18  979   77   57 69.0 74.0 1
   18  669  125   98 58.0 64.0 1
   16  720   77   50 69.0 76.0 1
   18  869  200  125 45.0 58.0 1
