 500  18   1 118
   30 1241  106  106 62.0 62.0 1
   26  410   46   46 77.0 77.0 1
   27 1300   46   46 77.0 77.0 1
   29 3291  156  156 52.0 52.0 0
   27 3396  156   61 52.0 73.0 1
   29 1795   10    0 87.0 90.0 1
   30  791   61   10 73.0 87.0 1
   27 1332   61   46 73.0 77.0 1
   26 1033  156    0 52.0 90.0 1
   28  365  106   61 62.0 73.0 0
   27 1109  156   46 52.0 77.0 1
   29  984  106   46 62.0 77.0 0
   29 1177  156    0 52.0 90.0 1
   26 1245  135   10 56.0 87.0 1
   28 1071  106   10 62.0 87.0 1
   28 1512  135    0 56.0 90.0 1
   26 1432  156   61 52.0 73.0 1
   28 1374  156   61 52.0 73.0 1
