 500  27   1 118
   18 3391   46   46 77.0 77.0 1
   19 1371  102  102 63.0 63.0 1
   17  962  140  140 55.0 55.0 1
   16 1397  102  102 63.0 63.0 1
   17 1551  140  140 55.0 55.0 1
   19  936   46   46 77.0 77.0 1
   20  616  125  125 58.0 58.0 1
   20 1607  102  102 63.0 63.0 1
   19 3274  106  106 62.0 62.0 1
   19  423  102  102 63.0 63.0 1
   17  613  140  140 55.0 55.0 1
   19  413  102  102 63.0 63.0 1
   19 1630   46    0 77.0 90.0 1
   18 1432  125  106 58.0 62.0 1
   20  628  140  102 55.0 63.0 1
   17 1543  106  102 62.0 63.0 1
   20 1459  106   46 62.0 77.0 1
   20 1499  140  102 55.0 63.0 1
   20  456  140   46 55.0 77.0 1
   18  312  125    0 58.0 90.0 1
   19  500  106   46 62.0 77.0 1
   19 1382  102   46 63.0 77.0 1
   19 1228  125  102 58.0 63.0 1
   17  598  125  106 58.0 62.0 1
   18 1278  125  102 58.0 63.0 1
   19 1032  106  102 62.0 63.0 1
   17  721   46    0 77.0 90.0 1
