 500  17   1 118
   28  312  120    0 59.0 90.0 1
   31  367  125   25 58.0 83.0 0
   28 1112  156  120 52.0 59.0 1
   31  316  140    0 55.0 90.0 1
   30  939  156  140 52.0 55.0 1
   29 3506  151   25 53.0 83.0 1
   31  925  151  140 53.0 55.0 1
   28  920  151  125 53.0 58.0 1
   30 1641  120   25 59.0 83.0 1
   30 1367  140  120 55.0 59.0 1
   29  569   39    0 79.0 90.0 1
   31  478  151   39 53.0 79.0 1
   30  304  140    0 55.0 90.0 1
   28  614   25    0 83.0 90.0 1
   28  632  156   25 52.0 83.0 1
   29 2940   39   25 79.0 83.0 1
   29 1378  156   25 52.0 83.0 1
