 500  15   2 120
   33 1517   89   89 66.0 66.0 1
   35 1231  115  115 60.0 60.0 1
   33 1703   77   77 69.0 69.0 1
   32 1606  162  115 51.0 60.0 1
   33 3273  102   89 63.0 66.0 1
   32 1784  162  115 51.0 60.0 1
   33 1744  102   77 63.0 69.0 1
   36  441  102    0 63.0 90.0 0
   34  479   77    0 69.0 90.0 1
   32 1331  297   77 34.0 69.0 1
   32 1540  297    0 34.0 90.0 0
   34  675  125    0 58.0 90.0 1
   33 1069  297   77 34.0 69.0 1
   35  817  297   98 34.0 64.0 1
   33 3291  125    0 58.0 90.0 1
