 500  21   1 117
   25 1539  145  145 54.0 54.0 1
   23 1794  162  162 51.0 51.0 1
   23  564  130  130 57.0 57.0 1
   24 1020  145  145 54.0 54.0 1
   23  486   69   69 71.0 71.0 1
   23 1808   17   17 85.0 85.0 1
   25 1310  145  120 54.0 59.0 1
   24 3493  120   17 59.0 85.0 1
   23  658   69    0 71.0 90.0 1
   25  387  130   17 57.0 85.0 1
   24 2391  275  130 36.0 57.0 1
   24 3141  275  120 36.0 59.0 1
   23  655  145   17 54.0 85.0 1
   26  500  162   69 51.0 71.0 1
   23 3578  222  120 42.0 59.0 1
   24 2818   69    0 71.0 90.0 1
   24 2890  162  130 51.0 57.0 1
   23  742  162  145 51.0 54.0 1
   22 3366  145  120 54.0 59.0 0
   25 1176  222  130 42.0 57.0 1
   24 3410  286  222 35.0 42.0 1
