 500  25   3 119
   20 2768   46   46 77.0 77.0 1
   19  777  120  120 59.0 59.0 0
   19 2449   39   39 79.0 79.0 1
   20 3337   10    0 87.0 90.0 1
   19 3394   32   10 81.0 87.0 1
   22 1565   39   32 79.0 81.0 1
   20  588   25    0 83.0 90.0 1
   22 3232  193    0 46.0 90.0 1
   20 1209  156   25 52.0 83.0 1
   21 1783  193  156 46.0 52.0 1
   22 2964  193    0 46.0 90.0 1
   18 1931  156    0 52.0 90.0 1
   20 1782  156   25 52.0 83.0 1
   19 1581  156    0 52.0 90.0 1
   19 1306  162   39 51.0 79.0 1
   21  350   93   39 65.0 79.0 0
   19 1270  162   39 51.0 79.0 1
   19 2290  308   93 33.0 65.0 1
   19  462  111    0 61.0 90.0 1
   21  774   93   39 65.0 79.0 1
   19 3518   93   39 65.0 79.0 0
   21 2166  308   39 33.0 79.0 1
   22 2192  308    0 33.0 90.0 1
   20 3101  111   93 61.0 65.0 1
   19  677  162    0 51.0 90.0 1
