 500  21   3 119
   24 3522   43   43 78.0 78.0 1
   24 2332  230   43 41.0 78.0 1
   25 3181  115    0 60.0 90.0 1
   22  583  230   43 41.0 78.0 1
   24  710  308   17 33.0 85.0 1
   24 1145  297   35 34.0 80.0 1
   22 3077  214    0 43.0 90.0 1
   24  565  214   35 43.0 80.0 1
   24 3432  297   35 34.0 80.0 1
   25 3112  297  214 34.0 43.0 1
   22 2131  162   98 51.0 64.0 1
   23 2193  168   98 50.0 64.0 1
   22 1246  200  151 45.0 53.0 0
   23 1444  200   73 45.0 70.0 1
   24  820  200  162 45.0 51.0 1
   26 1248  200    0 45.0 90.0 1
   24 1798  200  162 45.0 51.0 1
   23 1112  200  162 45.0 51.0 1
   25 1520  168  125 50.0 58.0 1
   25 2712  200   73 45.0 70.0 1
   25 1969  151  125 53.0 58.0 1
