 500  17   3 120
   28 1726  256    0 38.0 90.0 1
   28 3070    7    0 88.0 90.0 0
   30 1507  256    0 38.0 90.0 1
   29 1749  106    7 62.0 88.0 1
   31 2723  256    7 38.0 88.0 1
   30  678   98    0 64.0 90.0 1
   31  494  140    0 55.0 90.0 1
   28  659  140  130 55.0 57.0 1
   30 1649  346    0 30.0 90.0 1
   29 3209  222   98 42.0 64.0 1
   28  890  346   98 30.0 64.0 1
   31 1020  333    3 31.0 89.0 0
   31 1864  151    3 53.0 89.0 1
   29 2889  333  151 31.0 53.0 0
   30 2384  151    0 53.0 90.0 1
   29 1489  151    3 53.0 89.0 1
   28 2708  333    3 31.0 89.0 1
