 500  22   4 119
   22 3013   35   35 80.0 80.0 1
   23 1534  333  238 31.0 40.0 1
   23  305   35   17 80.0 85.0 0
   22 1706  162    0 51.0 90.0 1
   24 3132  162    0 51.0 90.0 1
   22 1665   89    0 66.0 90.0 1
   23  655   93    0 65.0 90.0 1
   23 1928  125   93 58.0 65.0 1
   23 2732  168    0 50.0 90.0 1
   24 3245  125    0 58.0 90.0 1
   24 3346   93   89 65.0 66.0 1
   21  877  214    0 43.0 90.0 1
   23 2771  265    0 37.0 90.0 1
   24 3529   77    0 69.0 90.0 1
   21 1545  333   77 31.0 69.0 1
   23  682  333    0 31.0 90.0 1
   22 3203  168   35 50.0 80.0 1
   22 2758   35    0 80.0 90.0 1
   23 3509  168   35 50.0 80.0 1
   24  417   35    0 80.0 90.0 1
   22 3267   35    0 80.0 90.0 1
   22 3437  168   35 50.0 80.0 1
