 500  26   1 118
   20  918  193  193 46.0 46.0 1
   18 1193  151  151 53.0 53.0 1
   20 1640  145  145 54.0 54.0 1
   18  542  102  102 63.0 63.0 1
   18  839  102  102 63.0 63.0 1
   18  539  102  102 63.0 63.0 1
   19  462  102  102 63.0 63.0 1
   20 1348  333  333 31.0 31.0 1
   18  924  151  151 53.0 53.0 0
   20 1119  333  193 31.0 46.0 1
   19  853  145    0 54.0 90.0 1
   21 1719  333  102 31.0 63.0 1
   19  404  102    0 63.0 90.0 1
   20 1521  247  102 39.0 63.0 1
   19 1563  193    0 46.0 90.0 1
   19 1197  180  102 48.0 63.0 1
   20 3340  180  102 48.0 63.0 1
   18 1666  180    0 48.0 90.0 1
   20  935  333    0 31.0 90.0 1
   19  748  193  151 46.0 53.0 1
   18  891  180  145 48.0 54.0 0
   20  317  145    0 54.0 90.0 1
   20 3206  333  193 31.0 46.0 1
   20 1245  193    0 46.0 90.0 1
   20 1652  247    0 39.0 90.0 1
   19 1255  180  145 48.0 54.0 1
