 500  20   1 118
   23  507  247    0 39.0 90.0 0
   26 1636  247  247 39.0 39.0 1
   24 1124  247  247 39.0 39.0 1
   23 1232  308  308 33.0 33.0 1
   25 1003  247  247 39.0 39.0 1
   26  963  308    0 33.0 90.0 1
   26  594  297    0 34.0 90.0 1
   25  723  297    0 34.0 90.0 1
   23 1157  308  247 33.0 39.0 1
   26  616  308    0 33.0 90.0 1
   25 1003  247    0 39.0 90.0 1
   25 1507  297  247 34.0 39.0 1
   26  928  297    0 34.0 90.0 1
   27  829  308    0 33.0 90.0 1
   24 1396  247    0 39.0 90.0 1
   25  806  297    0 34.0 90.0 1
   25 1122  297    0 34.0 90.0 1
   26 2740  247    0 39.0 90.0 1
   23 1390  297    0 34.0 90.0 1
   27  547  247    0 39.0 90.0 1
