 500  19   1 118
   28 3514  168  168 50.0 50.0 1
   25  490    3    3 89.0 89.0 1
   26  659  140    3 55.0 89.0 1
   28  491  238    0 40.0 90.0 1
   26  323    3    0 89.0 90.0 1
   28 1354  140    3 55.0 89.0 1
   25  943  140    3 55.0 89.0 1
   28 1358  168    0 50.0 90.0 1
   25 1062  168    3 50.0 89.0 1
   26 1147  168    3 50.0 89.0 1
   25  947  140    0 55.0 90.0 1
   25  410    3    0 89.0 90.0 1
   26 1764  168    3 50.0 89.0 1
   25 1205  238  168 40.0 50.0 1
   28  539    3    0 89.0 90.0 1
   27  423    3    0 89.0 90.0 1
   28 1732  238    3 40.0 89.0 1
   26 1152  168    3 50.0 89.0 1
   25 1426  238  168 40.0 50.0 1
