 500  22   1 117
   23 2312  180  180 48.0 48.0 1
   24 1336  200  200 45.0 45.0 1
   24 2071  135  135 56.0 56.0 1
   23 3503  180  180 48.0 48.0 1
   23 1518  200  200 45.0 45.0 1
   23 2323  135  135 56.0 56.0 1
   22 2163  135  135 56.0 56.0 1
   24 1510  135  135 56.0 56.0 1
   21 1926  180    0 48.0 90.0 1
   24 3167  200  180 45.0 48.0 1
   23 3079  180    0 48.0 90.0 1
   23 1070  180    0 48.0 90.0 1
   21 2636  200    0 45.0 90.0 1
   24  629  180    0 48.0 90.0 1
   23 3567  200  180 45.0 48.0 1
   22  853  180  135 48.0 56.0 1
   21 1180  200    0 45.0 90.0 1
   21 1851  180  135 48.0 56.0 1
   22  798  180    0 48.0 90.0 1
   23 2640  200    0 45.0 90.0 0
   24 1210  135    0 56.0 90.0 1
   22 2324  180    0 48.0 90.0 1
