 500  23   2 119
   22 2301  247  247 39.0 39.0 1
   20  993  102  102 63.0 63.0 1
   21 3170  247  247 39.0 39.0 1
   21 2890  130  130 57.0 57.0 1
   23 1072  102  102 63.0 63.0 1
   23  881  207  102 44.0 63.0 1
   21 3528  247   28 39.0 82.0 1
   24 3151  102   28 63.0 82.0 1
   21 2632  207   28 44.0 82.0 1
   21 3218  247  130 39.0 57.0 1
   20 1123   28    0 82.0 90.0 1
   23 1302  308    0 33.0 90.0 1
   22 3327  308   28 33.0 82.0 1
   23  884  174    0 49.0 90.0 0
   23 2108  106    0 62.0 90.0 1
   23 3350   28   10 82.0 87.0 1
   22  447  174   10 49.0 87.0 1
   20 1533  130  106 57.0 62.0 1
   22 2400   10    0 87.0 90.0 1
   23 1475  106   10 62.0 87.0 1
   20  796  130    0 57.0 90.0 0
   21 2308  130    0 57.0 90.0 1
   21 3500  130   28 57.0 82.0 1
