 500  17   1 117
   31 3355  145  145 54.0 54.0 1
   29 2802  145  145 54.0 54.0 1
   28 1286  135  135 56.0 56.0 1
   28  987  145  145 54.0 54.0 1
   29 3372  135    0 56.0 90.0 1
   29 2121  145  135 54.0 56.0 1
   31 3192  135    0 56.0 90.0 1
   30 3576  145    0 54.0 90.0 1
   31 1079  135    0 56.0 90.0 1
   29 2308  145  135 54.0 56.0 1
   30 1616  145    0 54.0 90.0 1
   29  935  145  135 54.0 56.0 0
   27 3557  145  135 54.0 56.0 1
   31 1753  145    0 54.0 90.0 0
   29 3403  145  135 54.0 56.0 1
   30 1681  145  135 54.0 56.0 1
   29 3309  135    0 56.0 90.0 1
