 500  17   2 120
   30 3579  222  222 42.0 42.0 1
   30  773  222    0 42.0 90.0 1
   31 1743  174  120 49.0 59.0 1
   30 1733  120    0 59.0 90.0 1
   28  363  120   54 59.0 75.0 1
   30 3390  222  180 42.0 48.0 1
   30 1015  222  120 42.0 59.0 1
   29 1366  222   81 42.0 68.0 1
   31  643  320    0 32.0 90.0 1
   28 1028   81   21 68.0 84.0 1
   28 1341  320   54 32.0 75.0 1
   29  890  207   10 44.0 87.0 1
   29 1202  320   54 32.0 75.0 1
   31 2871  222    0 42.0 90.0 1
   30 1438  256   21 38.0 84.0 1
   29 1067   54   10 75.0 87.0 1
   27 1446   10    0 87.0 90.0 1
