 500  22   1 118
   21 2838   35   35 80.0 80.0 1
   21 1682   93   93 65.0 65.0 1
   22  301   25   25 83.0 83.0 1
   23  484   35   35 80.0 80.0 1
   24  876  125  125 58.0 58.0 1
   24 1169  125  125 58.0 58.0 1
   23 1210   25   17 83.0 85.0 1
   22  932  145  125 54.0 58.0 1
   24  372  145   39 54.0 79.0 0
   24  435   61   39 73.0 79.0 1
   24 1533   61    0 73.0 90.0 1
   23 1133   61   17 73.0 85.0 1
   21 1555   25    0 83.0 90.0 1
   21 3188   93   35 65.0 80.0 1
   23 1781  125   25 58.0 83.0 1
   23 1029   93   39 65.0 79.0 1
   23 1232  145   93 54.0 65.0 1
   23  976   61   25 73.0 83.0 1
   22 1220  125   93 58.0 65.0 1
   24 1162   35   25 80.0 83.0 1
   24  997  145    0 54.0 90.0 1
   21 1163   39   35 79.0 80.0 0
