 500  18   2 120
   28  350   85   85 67.0 67.0 1
   27 3156   85    0 67.0 90.0 0
   29 1303  238    0 40.0 90.0 1
   27  736  238   85 40.0 67.0 1
   27 1059  238    0 40.0 90.0 0
   26 1448  238    0 40.0 90.0 1
   27  927  238    0 40.0 90.0 1
   29  543  238    0 40.0 90.0 1
   26 2846  207  187 44.0 47.0 1
   29 1236  162    0 51.0 90.0 1
   29 3348  162   50 51.0 76.0 1
   29 2410  187   50 47.0 76.0 1
   29 2557  207   65 44.0 72.0 1
   27 2020  207   65 44.0 72.0 1
   30 1807  207   50 44.0 76.0 1
   27 1873   65    0 72.0 90.0 1
   26 3403   77   65 69.0 72.0 1
   28 1533  207   65 44.0 72.0 0
