 500  29   5 120
   16 1511  125  125 58.0 58.0 1
   17 3143  308  308 33.0 33.0 1
   17  924  308    0 33.0 90.0 1
   18 1433  125    0 58.0 90.0 1
   17 1474  125    0 58.0 90.0 0
   16 2710  125    0 58.0 90.0 1
   17 1593  230    7 41.0 88.0 1
   19 2457  111    7 61.0 88.0 0
   17 2702  247    0 39.0 90.0 1
   16 3440  193    0 46.0 90.0 1
   16 1436  230  140 41.0 55.0 1
   16  441  111    7 61.0 88.0 1
   18  717  111    0 61.0 90.0 1
   17 3223  222   89 42.0 66.0 1
   18  494  151   89 53.0 66.0 1
   16  823  151    0 53.0 90.0 1
   18 1639  222   89 42.0 66.0 1
   18 2837  230    0 41.0 90.0 1
   17  986  230    7 41.0 88.0 1
   17 3282  230    7 41.0 88.0 1
   17 2216  346    0 30.0 90.0 1
   18 1109  230    0 41.0 90.0 1
   19 1774  346  230 30.0 41.0 1
   19  797   81    0 68.0 90.0 1
   16  417  102   39 63.0 79.0 0
   16 1765  102   81 63.0 68.0 0
   18  677  162   46 51.0 77.0 1
   19 2735  162   39 51.0 79.0 1
   17 3255  102   81 63.0 68.0 1
