 500  26   1 118
   20 1324  102  102 63.0 63.0 0
   17  641   77   77 69.0 69.0 0
   21 1216  102    0 63.0 90.0 1
   19 1610  230   57 41.0 74.0 1
   17 1277  120    0 59.0 90.0 1
   20 1027  200   77 45.0 69.0 1
   19 1491   57   17 74.0 85.0 1
   19  529  200    0 45.0 90.0 1
   21  680  200  120 45.0 59.0 1
   21 1097   77    0 69.0 90.0 1
   18 1553  102   17 63.0 85.0 1
   20 1367  256  120 38.0 59.0 1
   17 1553  200   77 45.0 69.0 1
   19  364  102   77 63.0 69.0 1
   19  690   77   57 69.0 74.0 1
   19  444  102   77 63.0 69.0 1
   19 1367  200  120 45.0 59.0 1
   20  673  256   77 38.0 69.0 0
   19 1794  256   57 38.0 74.0 1
   18 1489   77    0 69.0 90.0 1
   18 1620  256  200 38.0 45.0 1
   19  903   77    0 69.0 90.0 1
   21 2980  256  200 38.0 45.0 1
   20  523  102   17 63.0 85.0 0
   20  627  230   17 41.0 85.0 1
   20 3022  256   57 38.0 74.0 1
