 500  25   1 117
   18  573   73   73 70.0 70.0 1
   21 1767  111  111 61.0 61.0 1
   20 2662  135    0 56.0 90.0 0
   21 1647  111   73 61.0 70.0 1
   18 1907   73    0 70.0 90.0 1
   19 3114   46    0 77.0 90.0 1
   21 2781   73    0 70.0 90.0 1
   20  668   73    0 70.0 90.0 0
   21 1359  111   46 61.0 77.0 1
   21 3089   46    0 77.0 90.0 1
   21 3343  135   73 56.0 70.0 1
   18  436  111   46 61.0 77.0 1
   21 2905  111   46 61.0 77.0 0
   20 3295  111   46 61.0 77.0 1
   20 1297   73    0 70.0 90.0 1
   21  806   73   46 70.0 77.0 0
   18 2100  135   46 56.0 77.0 1
   21  558  135   46 56.0 77.0 1
   20 1723  111   46 61.0 77.0 0
   20  971   46    0 77.0 90.0 1
   21 1821   73   46 70.0 77.0 1
   18  623  111    0 61.0 90.0 1
   19 2691  111   73 61.0 70.0 1
   21  809  111   73 61.0 70.0 1
   21 1056  135    0 56.0 90.0 1
