 500  30   1 117
   15  448  156    0 52.0 90.0 1
   17 2094  230  230 41.0 41.0 0
   15 2149  200  200 45.0 45.0 1
   15 2411  156  156 52.0 52.0 1
   18 3312  238  238 40.0 40.0 0
   18 1013  156  156 52.0 52.0 1
   15 3460  238  238 40.0 40.0 1
   16 1297  238  238 40.0 40.0 1
   16 3577  200  200 45.0 45.0 1
   18 3115  238  200 40.0 45.0 1
   15 2633  200    0 45.0 90.0 1
   15 1469  156    0 52.0 90.0 0
   16 3391  230  200 41.0 45.0 1
   18 1944  230  162 41.0 51.0 1
   17 3574  230  200 41.0 45.0 1
   16  896  238    0 40.0 90.0 1
   16 1025  200    0 45.0 90.0 1
   17 1771  200  200 45.0 45.0 0
   18 1962  156    0 52.0 90.0 1
   18 1676  200  200 45.0 45.0 1
   15 2127  162    0 51.0 90.0 1
   16  493  162    0 51.0 90.0 0
   19 2735  200  156 45.0 52.0 1
   17 2347  200    0 45.0 90.0 1
   18 3282  238    0 40.0 90.0 1
   16  812  200    0 45.0 90.0 1
   18 2723  238  156 40.0 52.0 1
   18 1661  238  230 40.0 41.0 1
   18 2747  238  162 40.0 51.0 1
   16  316  156    0 52.0 90.0 1
