 500  18   3 119
   28  915   98   98 64.0 64.0 1
   27 3511   57   57 74.0 74.0 1
   27  773  346    0 30.0 90.0 1
   28  881  346    0 30.0 90.0 1
   28 3138   57    0 74.0 90.0 1
   29  821  346   57 30.0 74.0 1
   27 3578  115   61 60.0 73.0 1
   29 3120  115    0 60.0 90.0 1
   27 1607  115   61 60.0 73.0 1
   29 2604   61    0 73.0 90.0 1
   28 2566  115    0 60.0 90.0 0
   27  753  115    0 60.0 90.0 1
   28 2483  297  238 34.0 40.0 1
   27 3477  140    0 55.0 90.0 1
   27 1586  115    0 60.0 90.0 1
   29 3496  297  115 34.0 60.0 1
   27  849  115    0 60.0 90.0 1
   28 1283  238  140 40.0 55.0 1
