 500  29   3 119
   18 3376   32   32 81.0 81.0 1
   16 2643   32   32 81.0 81.0 1
   18 1639   32   32 81.0 81.0 0
   19 3508   81    3 68.0 89.0 0
   16 1985  238   77 40.0 69.0 1
   18 2092   32    0 81.0 90.0 1
   18 2217  193   32 46.0 81.0 1
   18  661   32    0 81.0 90.0 1
   16 2371   32   32 81.0 81.0 1
   16  333   43    0 78.0 90.0 1
   16 1062  193   32 46.0 81.0 1
   17  300    3    0 89.0 90.0 1
   16 1339   77    3 69.0 89.0 1
   16 1029   32   32 81.0 81.0 1
   17 1645   77    3 69.0 89.0 1
   18 2091  286    7 35.0 88.0 1
   16 1443  286    7 35.0 88.0 1
   18 1218   14    0 86.0 90.0 1
   19 1584    7    0 88.0 90.0 1
   19  839  207   14 44.0 86.0 1
   18 2342    7    0 88.0 90.0 1
   15 2798  297  106 34.0 62.0 1
   17 1385  106   57 62.0 74.0 1
   17 2388  333   57 31.0 74.0 1
   19 1698  333  102 31.0 63.0 1
   19  953  333  106 31.0 62.0 1
   16  923   57   57 74.0 74.0 1
   17 2206  333   57 31.0 74.0 1
   17 1479  102   57 63.0 74.0 1
