 500  17   1 117
   28 1761  247   28 39.0 82.0 1
   30 3449   93   28 65.0 82.0 1
   29 3537  140   50 55.0 76.0 1
   29 1211  247   50 39.0 76.0 1
   29  462  140    0 55.0 90.0 0
   29 2925   93    0 65.0 90.0 1
   29 1055  247  140 39.0 55.0 1
   32  788   93   28 65.0 82.0 1
   29 2416   28    0 82.0 90.0 1
   29  586   93    0 65.0 90.0 1
   29 1081  247    0 39.0 90.0 0
   29 2636   93    0 65.0 90.0 1
   30 2442   28    0 82.0 90.0 1
   32 1395   93    0 65.0 90.0 1
   28 1206  140   93 55.0 65.0 1
   30 2303   50    0 76.0 90.0 1
   29 3521   93   50 65.0 76.0 1
